1
0.844363
0.709273
0.702791
0.692254
0.694539
0.710952
0.666333
0.664469
0.689146
0.719044
0.639125
0.700675
0.635994
0.656665
0.727248
0.716546
0.623404
0.710286
0.723339
0.688857
0.679732
0.697861
0.693273
0.689634
0.69895
0.684581
0.686953
0.681707
0.672709
0.71912
0.681936
0.703209
0.766053
0.708663
0.731931
0.700207
0.706018
0.722848
0.710716
0.648636
0.645387
0.666772
0.639452
0.719738
0.696432
0.702905
0.662838
0.684172
0.680677
0.672849
0.743451
0.70879
0.697655
0.713583
0.693173
0.709029
0.717769
0.689598
0.659443
0.657188
0.67305
0.707188
0.719197
0.701457
0.679198
0.682575
0.683214
0.659352
0.679731
0.714543
0.679255
0.648504
0.720786
0.77426
0.715261
0.706047
0.670399
0.682966
0.690676
0.643653
0.741592
0.687421
0.751379
0.699263
0.740685
0.6644
0.672981
0.785711
0.67796
0.695565
0.677532
0.6261
0.653078
0.725529
0.722898
0.655042
0.726861
0.633666
0.739577

