1
1.00104
0.993218
1.00583
0.990326
0.971856
0.983694
0.987577
0.991855
0.984477
0.99131
0.983585
0.986692
0.996497
0.986976
0.987219
0.981732
0.993939
0.98705
1.00105
0.98808
1.00085
0.994827
0.988061
0.982953
0.988134
0.991741
0.981165
0.979319
0.994109
0.975676
0.973405
0.986026
0.986907
0.985294
0.990673
0.99324
0.985684
0.978501
0.99311
0.98311
0.999522
0.994161
0.993261
0.991577
0.998709
0.993307
0.988917
0.984466
0.995121
0.991114
0.9869
0.976596
0.984258
0.988298
0.989153
0.985573
1.00103
0.988267
0.989386
0.98849
0.988418
0.988877
0.993993
0.994806
0.996013
0.985555
0.985538
0.980911
0.986923
0.985329
0.984368
0.987132
0.990087
0.995865
0.985217
0.984581
0.99516
0.991533
0.992441
0.984995
0.994441
0.992135
0.989993
0.996616
0.989375
0.98109
1.00095
0.997461
0.985082
0.991254
0.983388
0.997143
0.992791
0.992868
0.98052
0.980553
0.997853
0.980577
0.992676

