1
0.963026
0.924589
0.936982
0.922528
0.899935
0.898913
0.907564
0.922113
0.900377
0.895657
0.905134
0.939788
0.915452
0.902379
0.913936
0.906724
0.931412
0.88318
0.911625
0.887346
0.934003
0.911728
0.893198
0.919302
0.909925
0.91548
0.907751
0.908023
0.91388
0.907327
0.938283
0.941013
0.916414
0.872634
0.889722
0.934727
0.913622
0.930352
0.919575
0.922485
0.896079
0.933628
0.905035
0.92963
0.881233
0.94058
0.942707
0.91833
0.902993
0.919849
0.927481
0.896647
0.934195
0.91801
0.927447
0.937694
0.937438
0.939608
0.911889
0.901769
0.920018
0.947265
0.892241
0.899997
0.926148
0.956792
0.913777
0.94673
0.908448
0.903533
0.92273
0.891178
0.923174
0.89747
0.908645
0.878307
0.907358
0.895091
0.904481
0.900973
0.913897
0.891575
0.917463
0.925132
0.930972
0.913378
0.962384
0.917529
0.925121
0.921328
0.905236
0.910378
0.911226
0.924358
0.921576
0.901859
0.947578
0.910932
0.899146

