1
0.906667
0.856683
0.837272
0.804498
0.823642
0.839567
0.855405
0.843069
0.888861
0.856661
0.775434
0.833829
0.827056
0.826438
0.83897
0.836418
0.828332
0.8761
0.848767
0.851889
0.817026
0.828601
0.863307
0.867571
0.815022
0.850348
0.821636
0.825042
0.849326
0.875165
0.843107
0.837288
0.834984
0.841259
0.791458
0.82953
0.833122
0.830651
0.83148
0.824932
0.821986
0.767508
0.790608
0.876893
0.873614
0.791862
0.828648
0.863358
0.864537
0.859543
0.829122
0.836935
0.834534
0.817087
0.855715
0.850472
0.881882
0.851172
0.852747
0.833999
0.811128
0.818405
0.815715
0.838471
0.82365
0.783233
0.83048
0.791165
0.806148
0.789567
0.841446
0.80912
0.829849
0.842294
0.832735
0.867842
0.860932
0.845097
0.849579
0.898136
0.819097
0.855722
0.833494
0.840352
0.861417
0.838594
0.834808
0.817229
0.81433
0.797444
0.81936
0.818113
0.800139
0.853056
0.821839
0.799199
0.811553
0.847683
0.846822

