1
1
1
1
0.85974
0.720816
0.600096
0.555704
0.489535
0.444118
0.419362
0.384241
0.381711
0.37965
0.349749
0.343704
0.334273
0.315549
0.293153
0.277417
0.271718
0.261529
0.252228
0.251008
0.245288
0.231732
0.233793
0.24154
0.229755
0.229755
0.22899
0.220719
0.217463
0.215665
0.215665
0.211279
0.21078
0.205125
0.209015
0.197692
0.192325
0.186664
0.187282
0.187098
0.189927
0.194903
0.200741
0.194704
0.192327
0.193101
0.187355
0.184074
0.188471
0.189717
0.190552
0.18971
0.190369
0.188463
0.188208
0.188305
0.186736
0.180817
0.174866
0.174164
0.177256
0.178269
0.177256
0.17925
0.173443
0.177251
0.179601
0.169674
0.164956
0.16492
0.160333
0.164069
0.16435
0.156864
0.15633
0.156504
0.162757
0.158171
0.162934
0.158171
0.160651
0.159556
0.159186
0.173558
0.167419
0.161886
0.166477
0.158874
0.158874
0.158874
0.158477
0.157859
0.161438
0.161438
0.154696
0.145913

