1
1
1
1
1
1
1
1
1
1
1
1
1
1
1
1
1
1
1
1
1
1
1
1
1
1
1
1
1
1
1
0.996748
0.97443
0.943882
0.936837
0.910328
0.88917
0.865206
0.836151
0.802637
0.785797
0.774149
0.756503
0.730585
0.695052
0.691264
0.673532
0.665535
0.663532
0.646876
0.63464
0.63464
0.63278
0.63114
0.633844
0.63114
0.619556
0.619556
0.619556
0.604041
0.60136
0.59339
0.58362
0.574498
0.573625
0.563587
0.561657
0.557849
0.549391
0.528553
0.528553
0.524892
0.523992
0.507714
0.506838
0.506368
0.505712
0.49726
0.494048
0.491979
0.483302
0.477953
0.46828
0.46828
0.465648
0.465648
0.453029
0.448044
0.443066
0.448044
0.444217
0.444217
0.444217
0.444217
0.442345
0.443066
0.443066
0.442345
0.442345
0.436838

