1
0.749639
0.673761
0.632835
0.60705
0.611822
0.622226
0.580685
0.587032
0.568148
0.577345
0.595605
0.561461
0.565578
0.549764
0.56456
0.574132
0.592379
0.562273
0.575254
0.578294
0.569045
0.60205
0.5848
0.60011
0.558315
0.585581
0.582273
0.587489
0.570102
0.579268
0.605702
0.581021
0.588739
0.566995
0.580667
0.581167
0.589783
0.589348
0.576592
0.575677
0.552927
0.566937
0.572924
0.588641
0.58609
0.5888
0.570246
0.577325
0.589545
0.561088
0.583066
0.600528
0.569306
0.570634
0.577451
0.577093
0.576515
0.560435
0.583229
0.571367
0.573374
0.57963
0.567067
0.567337
0.578283
0.573138
0.568366
0.572906
0.575208
0.570392
0.573401
0.59203
0.569083
0.583145
0.570455
0.574578
0.589268
0.579834
0.573635
0.586431
0.603366
0.591562
0.592904
0.591163
0.584049
0.580513
0.561709
0.5694
0.589311
0.584374
0.566872
0.57969
0.570926
0.586821
0.560066
0.581027
0.557695
0.582005
0.582805

