1
0.621742
0.59591
0.620793
0.612377
0.622701
0.611885
0.625416
0.625306
0.610568
0.631463
0.610881
0.612059
0.611619
0.607644
0.617982
0.630756
0.622215
0.641909
0.638474
0.654768
0.615444
0.628177
0.607676
0.62381
0.623371
0.647519
0.636288
0.631172
0.634074
0.634901
0.627527
0.633989
0.622349
0.623251
0.637296
0.635548
0.635289
0.620375
0.613741
0.628831
0.643302
0.614055
0.632081
0.646796
0.625755
0.642693
0.620977
0.6258
0.624522
0.635771
0.615495
0.628765
0.644469
0.631668
0.637644
0.63242
0.623796
0.634865
0.63548
0.627885
0.648896
0.630373
0.631436
0.62646
0.642174
0.647197
0.61652
0.63497
0.620028
0.639663
0.628237
0.634718
0.626552
0.621746
0.627489
0.626029
0.654215
0.63072
0.613868
0.648066
0.640641
0.628909
0.62117
0.631934
0.600404
0.634412
0.611874
0.636222
0.621497
0.631922
0.632687
0.639868
0.644271
0.646732
0.636994
0.636926
0.629659
0.63138
0.63364

