1
0.952555
0.94754
0.881271
0.902205
0.891312
0.870749
0.871102
0.857641
0.912134
0.86588
0.910792
0.914808
0.901582
0.909771
0.861375
0.887095
0.872318
0.873853
0.896221
0.869994
0.891566
0.903253
0.875826
0.886865
0.903083
0.892502
0.893609
0.868254
0.885243
0.89926
0.882507
0.876347
0.899531
0.871422
0.891983
0.885355
0.873958
0.894535
0.88704
0.878685
0.882545
0.901006
0.881185
0.900152
0.856395
0.880365
0.868163
0.880518
0.904081
0.885399
0.895931
0.864807
0.874752
0.882381
0.902283
0.935565
0.90603
0.881873
0.866747
0.891328
0.883617
0.885675
0.889323
0.871879
0.873163
0.90862
0.845059
0.881438
0.855369
0.884547
0.872699
0.893675
0.924093
0.896758
0.890224
0.904812
0.90282
0.920968
0.881948
0.899614
0.866248
0.873998
0.905758
0.91626
0.891933
0.880942
0.887333
0.871414
0.857257
0.878427
0.883591
0.87488
0.842843
0.917979
0.875949
0.895165
0.869904
0.892486
0.870738

