100
94.3688
93.3019
90.2297
92.1238
91.0245
85.9231
90.716
91.6714
93.723
92.3779
90.1229
88.4774
89.3664
91.6688
88.2009
92.2314
93.7935
90.3501
88.4033
92.6805
92.7982
93.9322
95.3288
93.0494
95.8639
96.0455
92.4346
91.9195
88.7891
89.7372
93.7273
93.1012
90.744
93.3738
94.1514
90.3425
92.002
93.0058
90.955
92.6783
91.5763
90.135
90.1208
91.4989
90.0666
89.95
94.2417
91.384
91.1943
92.9155
93.7207
94.8527
92.7592
93.0448
88.4956
89.6082
92.0374
94.3302
91.6174
90.9252
88.7864
91.9353
91.8178
89.8698
92.3413
90.4615
92.4702
90.0692
89.0964
89.1863
92.0014
91.5851
93.0755
93.4462
92.3126
93.6517
89.8943
96.4613
92.6875
93.0881
90.6553
90.5654
92.4806
89.6249
90.2947
91.179
90.7336
91.2486
92.9784
90.8306
91.8832
90.2675
90.2625
91.1245
93.6092
92.5258
93.3043
90.4969
91.4969

