1
0.759853
0.658579
0.626281
0.631086
0.605156
0.614853
0.605031
0.585615
0.584716
0.601596
0.602321
0.587747
0.602659
0.602122
0.603656
0.600245
0.59636
0.596503
0.588451
0.581815
0.591763
0.600998
0.619529
0.61286
0.586623
0.604446
0.62839
0.596877
0.600054
0.601068
0.610473
0.624361
0.588192
0.601338
0.593926
0.594375
0.583625
0.619295
0.578305
0.598452
0.609425
0.605874
0.619622
0.605502
0.599277
0.596449
0.564833
0.590743
0.593288
0.589307
0.597642
0.613335
0.621952
0.617774
0.600237
0.600674
0.597177
0.610731
0.608683
0.594717
0.585207
0.587735
0.610905
0.598777
0.601354
0.611417
0.601026
0.57036
0.577986
0.59513
0.60682
0.589216
0.597562
0.60212
0.615382
0.60493
0.582954
0.581708
0.589253
0.598775
0.61568
0.613627
0.604376
0.595892
0.596259
0.590893
0.584962
0.596618
0.604407
0.603157
0.608723
0.587363
0.58654
0.599415
0.580677
0.582611
0.589436
0.610307
0.624713

