1
1
1
1
1
1
1
1
1
1
1
1
1
1
1
1
1
1
1
1
1
1
1
1
1
1
1
1
1
1
1
1
0.996915
0.98533
0.980285
0.969409
0.960129
0.948587
0.932511
0.928721
0.923955
0.923955
0.922407
0.916497
0.903239
0.898663
0.886277
0.885749
0.877916
0.86586
0.856613
0.850422
0.846734
0.848692
0.843711
0.843711
0.842226
0.840434
0.834419
0.827813
0.821966
0.81909
0.81909
0.81497
0.812772
0.806723
0.806723
0.806723
0.804451
0.802319
0.802319
0.797871
0.792705
0.795382
0.79915
0.794518
0.791929
0.791929
0.790256
0.7869
0.781306
0.78005
0.778775
0.78005
0.777938
0.77207
0.770817
0.769117
0.765124
0.76419
0.76419
0.765124
0.766804
0.76419
0.762994
0.761635
0.758089
0.758089
0.758089
0.757568

