1
1
1
1
1
1
1
1
1
1
1
1
1
1
1
1
1
1
1
1
1
1
1
1
1
1
1
1
1
1
1
1
0.958883
0.933705
0.917624
0.906626
0.877776
0.861801
0.849502
0.841653
0.841653
0.831861
0.825697
0.818927
0.805914
0.786285
0.771904
0.757384
0.749418
0.72315
0.706365
0.68497
0.67266
0.666894
0.652483
0.643582
0.623487
0.613449
0.618621
0.587511
0.587511
0.580707
0.576392
0.573105
0.568898
0.566822
0.562232
0.557109
0.557299
0.557299
0.550639
0.536477
0.538428
0.532872
0.531529
0.526196
0.518547
0.511579
0.495906
0.49088
0.499539
0.484099
0.47906
0.477249
0.470903
0.470903
0.463841
0.462959
0.444164
0.446593
0.436193
0.430678
0.428825
0.414378
0.414055
0.414204
0.414055
0.413814
0.412806
0.414055

