100
76.6148
74.9236
71.9027
64.8827
67.3892
66.0997
69.6
66.6871
67.1739
62.7779
72.2442
67.7869
67.5654
73.2742
68.0249
70.1446
70.6605
74.1781
74.0746
65.4686
64.8931
68.78
65.501
64.2121
70.4767
68.3138
60.9029
69.3448
70.3945
68.0752
71.3647
66.6286
69.8084
71.813
68.1925
67.3218
70.8578
70.8348
71.06
74.9679
72.1803
65.2093
63.4263
65.2916
73.0295
63.4767
66.2144
71.103
69.7129
69.0297
68.7269
74.7929
70.0214
65.6109
71.9696
67.4933
65.519
68.8104
66.4391
65.7909
69.1889
72.0913
74.92
75.5438
67.721
64.7322
68.0525
73.3685
66.9255
69.4761
71.3876
64.0241
66.2061
70.647
70.9102
67.6891
71.8226
68.1328
69.5226
74.5964
73.0317
68.1171
72.3724
63.7119
72.9478
70.1688
72.7734
67.3283
72.0304
74.3419
70.2009
67.9363
72.0133
66.746
72.1491
70.4957
68.5907
66.1807
61.7688

