100
28.3241
14.6362
9.05064
5.78367
4.63866
3.27202
2.59954
2.09589
1.52553
1.44016
1.15331
0.986386
1.15075
0.913155
0.959712
0.797903
0.713132
0.660327
0.654767
0.623443
0.644803
0.593372
0.711488
0.63517
0.60939
0.564901
0.585696
0.620411
0.558654
0.531933
0.507745
0.495928
0.456652
0.471689
0.44213
0.439224
0.46572
0.481793
0.459057
0.423199
0.457834
0.451318
0.409655
0.392
0.425418
0.444598
0.437723
0.428672
0.387963
0.353007
0.37193
0.372063
0.392758
0.397997
0.398979
0.420279
0.418793
0.37675
0.40521
0.391423
0.390075
0.38349
0.362319
0.35785
0.365338
0.404201
0.351829
0.362712
0.376326
0.377038
0.37378
0.349399
0.342405
0.358473
0.382233
0.342765
0.341997
0.368389
0.368437
0.352664
0.366872
0.346292
0.330571
0.314231
0.332181
0.334285
0.320927
0.364954
0.347129
0.317296
0.334755
0.336986
0.317092
0.350251
0.338907
0.359146
0.358852
0.336108
0.311905

