1
0.762703
0.680931
0.635681
0.600481
0.584964
0.603554
0.587805
0.588238
0.59823
0.552825
0.561616
0.549785
0.564208
0.548028
0.560755
0.542536
0.541192
0.567039
0.524378
0.562721
0.564112
0.560741
0.566314
0.55658
0.554104
0.558594
0.561002
0.557833
0.581532
0.564846
0.581029
0.567184
0.548609
0.565696
0.558028
0.543592
0.545513
0.544285
0.54793
0.550843
0.553477
0.573013
0.559358
0.562376
0.557998
0.550858
0.563313
0.566712
0.557538
0.550243
0.555406
0.568214
0.567876
0.5789
0.569856
0.57109
0.555252
0.553359
0.550274
0.550567
0.55106
0.560725
0.541188
0.547947
0.547295
0.543794
0.554201
0.541716
0.545454
0.547408
0.549436
0.56763
0.578826
0.551832
0.549932
0.564484
0.56446
0.57131
0.543885
0.541517
0.566021
0.55477
0.558988
0.562446
0.566335
0.546633
0.579453
0.563372
0.558651
0.562064
0.559741
0.558871
0.572579
0.569369
0.559491
0.556834
0.567327
0.548886
0.555715

