1
1
1
1
0.938644
0.884472
0.837873
0.808662
0.78806
0.774275
0.750442
0.747713
0.736058
0.710743
0.703392
0.699692
0.696037
0.690424
0.685783
0.67129
0.664507
0.664443
0.662568
0.662568
0.660778
0.654815
0.652672
0.633517
0.633825
0.63331
0.62852
0.628048
0.614298
0.614624
0.624855
0.61937
0.62038
0.626355
0.629947
0.6256
0.627373
0.633883
0.621617
0.617684
0.598575
0.596542
0.596542
0.598118
0.587103
0.576913
0.587103
0.592302
0.59342
0.583872
0.591169
0.583492
0.579074
0.575908
0.583492
0.583492
0.58123
0.579937
0.577839
0.580688
0.58096
0.578753
0.575908
0.573263
0.579728
0.570475
0.570912
0.56571
0.569029
0.570912
0.574862
0.580478
0.576153
0.578358
0.576153
0.575343
0.57588
0.575343
0.572217
0.56789
0.571732
0.571732
0.569007
0.561977
0.558133
0.55779
0.54827
0.557173
0.555929
0.553768
0.556403
0.562391
0.567082
0.564925
0.561664
0.567123

