1
0.732181
0.670994
0.627178
0.602421
0.600754
0.573955
0.560297
0.553231
0.57403
0.571456
0.567452
0.552583
0.559244
0.572295
0.559252
0.570434
0.571083
0.546259
0.56487
0.567267
0.546946
0.564348
0.55453
0.550479
0.563744
0.575372
0.556459
0.565239
0.566637
0.554871
0.556652
0.553943
0.561
0.554313
0.546075
0.568975
0.567114
0.574781
0.539674
0.532273
0.55262
0.570656
0.536494
0.536987
0.542446
0.535863
0.546488
0.549096
0.549339
0.566321
0.54807
0.558724
0.558196
0.54342
0.562605
0.530181
0.537377
0.555026
0.57273
0.568802
0.557986
0.577058
0.565689
0.556756
0.566524
0.564936
0.543027
0.579204
0.576019
0.56395
0.553555
0.560345
0.572781
0.574375
0.547535
0.57657
0.56181
0.56116
0.569109
0.578871
0.57816
0.561491
0.56865
0.544753
0.536544
0.544117
0.545215
0.547745
0.533808
0.557044
0.566562
0.54979
0.557545
0.548634
0.554364
0.551315
0.554382
0.540678
0.568998

