1.00038
0.867777
0.82536
0.81608
0.818304
0.838822
0.838377
0.811608
0.858959
0.832715
0.848996
0.853025
0.813954
0.802727
0.810457
0.824945
0.855384
0.84539
0.834497
0.798544
0.778288
0.872721
0.821068
0.844034
0.8206
0.812671
0.864691
0.830848
0.806367
0.864629
0.807217
0.828193
0.860528
0.821064
0.89136
0.848688
0.816605
0.847783
0.801199
0.848287
0.819925
0.803985
0.812329
0.817789
0.853609
0.867485
0.851119
0.865953
0.802183
0.854578
0.86268
0.766142
0.814541
0.826568
0.814435
0.873575
0.879795
0.864399
0.860931
0.871657
0.887978
0.871064
0.832794
0.778695
0.833859
0.843729
0.842196
0.825072
0.838368
0.840736
0.824382
0.812115
0.804111
0.808504
0.848963
0.835927
0.825399
0.847787
0.808894
0.875217
0.788252
0.823889
0.833523
0.791748
0.803289
0.77269
0.79921
0.845999
0.851622
0.83689
0.830092
0.805291
0.828187
0.817858
0.778617
0.867353
0.832668
0.829471
0.85712
0.791413

