1
1
1
1
0.802693
0.702551
0.578906
0.493062
0.461524
0.434934
0.395016
0.386804
0.367644
0.3423
0.324867
0.31901
0.324867
0.328396
0.309872
0.297243
0.292552
0.283119
0.28495
0.28148
0.277006
0.25221
0.251629
0.241909
0.241909
0.229669
0.237059
0.233577
0.23599
0.229728
0.219815
0.224173
0.223984
0.220522
0.219707
0.214598
0.219237
0.213909
0.21225
0.209835
0.206915
0.195613
0.194275
0.196799
0.195613
0.195613
0.195739
0.18947
0.190917
0.193169
0.188913
0.191696
0.192109
0.19469
0.185918
0.183704
0.182118
0.179588
0.175762
0.175762
0.172097
0.164159
0.161569
0.16499
0.165181
0.171136
0.16921
0.167748
0.174678
0.181028
0.185508
0.181233
0.174215
0.173305
0.172285
0.169547
0.173388
0.163826
0.170092
0.162303
0.165743
0.164055
0.17386
0.159371
0.162941
0.163943
0.166182
0.163467
0.161904
0.159829
0.156414
0.158436
0.155474
0.156477
0.151805
0.151641

