1
0.488273
0.52639
0.487032
0.45822
0.453662
0.496776
0.483551
0.462638
0.485077
0.518325
0.472809
0.531419
0.487264
0.493574
0.496829
0.498409
0.517756
0.530959
0.4562
0.531928
0.472843
0.487959
0.505063
0.514935
0.464693
0.528062
0.500004
0.507264
0.454839
0.463329
0.448636
0.461308
0.510648
0.466123
0.505703
0.489457
0.492089
0.510424
0.509855
0.528826
0.515736
0.495534
0.569785
0.514421
0.514152
0.494167
0.512135
0.516528
0.506376
0.470826
0.49134
0.514906
0.468466
0.525116
0.447469
0.494325
0.493765
0.521405
0.5218
0.473566
0.483805
0.421191
0.43372
0.50549
0.529344
0.470633
0.532977
0.439221
0.480088
0.514601
0.496224
0.45806
0.51522
0.448217
0.487395
0.479237
0.473866
0.434601
0.502323
0.493904
0.510893
0.496559
0.47554
0.521072
0.506631
0.50017
0.490884
0.482312
0.508194
0.488994
0.481599
0.511447
0.482628
0.514829
0.469989
0.526567
0.472822
0.47214
0.462353

