100
28.6787
37.188
39.0365
44.6221
46.9972
49.0799
50.5448
50.555
53.9518
52.9071
54.8691
53.2123
54.9829
55.0479
55.6814
55.6308
57.5671
57.089
56.2727
55.3094
57.2697
58.1027
56.198
57.6675
58.6128
60.7203
58.4354
58.035
60.4147
59.5195
62.5516
59.3521
60.199
59.2046
59.4481
60.4908
58.3085
59.2023
57.673
59.977
60.2394
58.1666
61.3409
59.1582
62.0682
59.092
61.2896
61.2101
62.2029
58.4479
62.335
61.2193
62.2205
61.111
61.3772
60.7315
61.1836
60.1696
62.3016
59.5761
61.5322
62.1753
62.6771
61.2055
61.16
62.3763
62.4403
61.6487
61.57
63.5708
61.8714
60.7909
61.2167
60.2257
60.7803
60.9873
59.9013
62.3286
59.2332
61.5346
60.8843
60.5008
61.6421
61.9487
59.5511
60.9735
61.7112
61.7536
61.682
63.2513
62.0906
60.1159
61.634
62.0457
60.6481
62.887
61.405
60.3408
62.7728

