1
1
1
1
0.855319
0.710835
0.647818
0.583596
0.525944
0.496912
0.47359
0.437561
0.431455
0.411155
0.394608
0.358305
0.351282
0.353679
0.352419
0.347887
0.324555
0.324109
0.319438
0.312349
0.308548
0.300265
0.302051
0.30838
0.300633
0.299586
0.291669
0.28455
0.295902
0.287377
0.282447
0.269593
0.26725
0.274701
0.282462
0.264583
0.274701
0.255427
0.278362
0.28187
0.288252
0.271886
0.252565
0.244209
0.249159
0.260293
0.26881
0.269451
0.265964
0.254008
0.256053
0.257908
0.250674
0.244336
0.250674
0.249873
0.249873
0.255228
0.252772
0.256571
0.260384
0.252815
0.254204
0.263144
0.244905
0.254494
0.228445
0.228445
0.228445
0.245722
0.243184
0.234389
0.230412
0.24537
0.245722
0.241311
0.24836
0.253799
0.24626
0.248495
0.250389
0.2504
0.248087
0.251163
0.248593
0.24393
0.244506
0.239463
0.241574
0.246764
0.2411
0.249117
0.257084
0.264253
0.25667
0.252363

