1
0.20959
0.213807
0.204102
0.197253
0.21905
0.249077
0.238021
0.244135
0.221484
0.212362
0.252966
0.247365
0.260816
0.256871
0.267336
0.267237
0.249374
0.290136
0.274408
0.25042
0.27512
0.266934
0.272139
0.249295
0.268008
0.294028
0.273179
0.262146
0.285892
0.276658
0.30517
0.298338
0.280506
0.286114
0.284855
0.248067
0.293527
0.297028
0.271366
0.279211
0.276522
0.284035
0.307755
0.274689
0.278637
0.292572
0.26451
0.276118
0.301142
0.298704
0.24345
0.282593
0.278079
0.238159
0.305961
0.295451
0.274165
0.300035
0.302771
0.291395
0.306285
0.324346
0.266065
0.310784
0.274342
0.306587
0.292332
0.303685
0.25986
0.327296
0.307694
0.294206
0.281811
0.285799
0.270777
0.289487
0.313572
0.30307
0.280943
0.269553
0.294183
0.312845
0.296467
0.26335
0.29675
0.293924
0.296388
0.295577
0.26975
0.309085
0.282838
0.309718
0.280375
0.270552
0.280967
0.29534
0.294207
0.278037
0.297

