1
0.197236
0.205594
0.219283
0.185846
0.198771
0.203525
0.197726
0.189738
0.229318
0.231029
0.199264
0.205606
0.193009
0.195688
0.207264
0.210251
0.227614
0.222986
0.228278
0.218539
0.231016
0.200587
0.214367
0.231811
0.244675
0.257337
0.246729
0.220967
0.245539
0.25322
0.247564
0.200986
0.231319
0.242619
0.2332
0.209918
0.199797
0.249315
0.232889
0.232604
0.243419
0.252872
0.219866
0.241331
0.250992
0.236531
0.259305
0.227382
0.230187
0.246258
0.251481
0.215059
0.2405
0.25057
0.23277
0.268037
0.242556
0.255365
0.247421
0.220517
0.251287
0.265833
0.251953
0.230813
0.236249
0.265103
0.254335
0.255697
0.247964
0.243085
0.259274
0.248153
0.254509
0.252426
0.239778
0.240467
0.257291
0.260108
0.282896
0.259794
0.23801
0.248399
0.274148
0.254938
0.246699
0.236771
0.266781
0.279332
0.27375
0.26267
0.267035
0.259693
0.282645
0.256352
0.256316
0.27062
0.255987
0.25784
0.255046

