1
1
1
1
0.956645
0.877887
0.84746
0.816702
0.795583
0.770925
0.758711
0.740435
0.740435
0.736
0.724242
0.714766
0.698382
0.69629
0.681281
0.668242
0.662104
0.664624
0.65971
0.651312
0.647053
0.64278
0.641363
0.640858
0.642427
0.639836
0.627293
0.61629
0.61629
0.620868
0.618234
0.618234
0.620955
0.619735
0.613873
0.612996
0.613204
0.612996
0.611983
0.602744
0.609264
0.611011
0.612744
0.613692
0.618299
0.627468
0.630692
0.622865
0.630692
0.635679
0.624822
0.618902
0.619623
0.618902
0.618235
0.618235
0.619856
0.619856
0.61872
0.61872
0.621924
0.617396
0.608549
0.611386
0.610485
0.604014
0.614962
0.61014
0.609118
0.609831
0.610413
0.604688
0.605436
0.608195
0.606074
0.608398
0.610971
0.606074
0.602876
0.602983
0.602616
0.602281
0.596981
0.592141
0.594032
0.596904
0.597974
0.598628
0.598628
0.60768
0.618279
0.611586
0.606406
0.601813
0.605164
0.605164

