1
0.935041
0.886966
0.893285
0.865483
0.874172
0.843785
0.821673
0.823766
0.856971
0.870984
0.852178
0.870573
0.850768
0.893605
0.87013
0.884305
0.854827
0.856947
0.866331
0.86095
0.880522
0.861371
0.857827
0.852714
0.84827
0.837023
0.84222
0.856134
0.859174
0.851752
0.863377
0.857878
0.855533
0.867934
0.833085
0.881401
0.848699
0.863779
0.869518
0.829897
0.846387
0.854388
0.848696
0.882203
0.851773
0.862217
0.894102
0.888765
0.87323
0.871235
0.855951
0.855524
0.868292
0.891132
0.83474
0.84999
0.870458
0.869062
0.833508
0.867938
0.845132
0.86915
0.880474
0.864368
0.8397
0.833396
0.840009
0.852006
0.85274
0.847611
0.852041
0.857243
0.847147
0.866713
0.867877
0.864856
0.864108
0.882351
0.87522
0.878905
0.859354
0.881244
0.869564
0.896859
0.850567
0.825739
0.843831
0.862612
0.861469
0.907385
0.852983
0.840309
0.857744
0.825058
0.854229
0.871799
0.8796
0.854718
0.874871

