1
0.573345
0.577028
0.557719
0.580433
0.557386
0.572145
0.554607
0.550894
0.577206
0.55104
0.583856
0.579106
0.551471
0.594053
0.576507
0.575655
0.591353
0.574148
0.585553
0.576063
0.579713
0.575103
0.597708
0.560531
0.592011
0.581704
0.60026
0.58676
0.593409
0.579569
0.572954
0.59518
0.58677
0.598407
0.579
0.574074
0.619209
0.615113
0.591497
0.603364
0.596878
0.581885
0.599276
0.612311
0.613415
0.6005
0.592653
0.605923
0.583914
0.59997
0.604732
0.597427
0.617735
0.600508
0.610537
0.583852
0.603958
0.60895
0.590297
0.590187
0.598235
0.593726
0.578978
0.62208
0.610389
0.607404
0.608514
0.587203
0.609768
0.604604
0.626184
0.602237
0.620616
0.6026
0.615018
0.606933
0.617467
0.611335
0.611103
0.623017
0.593648
0.597559
0.597569
0.599666
0.606185
0.611429
0.606722
0.618814
0.609335
0.614297
0.604635
0.610646
0.619835
0.620867
0.617119
0.596066
0.600365
0.613613
0.586349

