1
1
1
1
1
1
1
1
1
1
1
1
1
1
1
1
1
1
1
1
1
1
1
1
1
1
1
1
1
1
1
1
1
1
1
1
1
1
1
1
1
1
1
1
1
0.99251
0.99251
0.97849
0.950886
0.944305
0.931171
0.922404
0.915186
0.911612
0.911612
0.914699
0.914318
0.915937
0.914318
0.914318
0.914318
0.908726
0.914318
0.915937
0.899445
0.879627
0.879627
0.882382
0.878513
0.877176
0.877176
0.878513
0.877176
0.875362
0.8629
0.845002
0.845002
0.835877
0.835277
0.826805
0.821029
0.817314
0.823603
0.821136
0.822015
0.817314
0.80809
0.821136
0.825487
0.823603
0.825487
0.823603
0.822015
0.827744
0.825487
0.822015
0.822954
0.822954
0.822015
0.822015

