100
8.51446
9.0287
9.64829
8.74941
8.83505
7.54267
8.20133
8.9062
9.41615
9.35768
7.88197
7.59663
8.99473
9.44536
8.6706
10.052
9.68968
8.60139
8.07925
8.44356
9.66216
7.55996
7.567
7.9633
8.69948
7.38322
7.91637
7.76997
7.65509
8.9573
7.36811
8.15008
7.90628
7.626
8.5125
7.7838
8.16595
8.54617
9.34472
8.1225
7.91726
8.04759
9.03448
9.70752
8.28094
8.19946
8.34185
10.0075
7.30259
9.12335
8.09926
9.04013
8.06145
8.41163
8.12056
8.19799
9.13711
8.90283
8.41809
7.97683
8.52749
8.26856
8.75647
8.80607
7.96133
7.82099
8.20797
8.44326
9.20935
8.54187
8.51134
8.34531
8.09022
8.33577
8.37557
8.80151
9.05409
8.6842
8.16283
8.38866
9.11709
7.987
7.60655
8.67013
8.73155
8.82881
8.66439
9.65749
7.40533
8.75274
9.06029
8.40709
8.74419
7.8777
8.58596
8.24553
8.23135
9.43289
9.00445

