1
0.396697
0.242645
0.172373
0.153341
0.144011
0.127762
0.124662
0.119524
0.112434
0.09725
0.0918102
0.0982543
0.0892847
0.0824426
0.0851496
0.0917277
0.0941573
0.0928342
0.0951089
0.0904046
0.0908162
0.0823597
0.0877177
0.0812242
0.0825423
0.081677
0.0826063
0.0814896
0.077653
0.0860511
0.0806963
0.0710743
0.0777741
0.0717053
0.0691259
0.0682227
0.0745735
0.0772356
0.0731402
0.0686004
0.0667509
0.0656238
0.0673811
0.0660241
0.0696276
0.0734294
0.0691593
0.0719352
0.0651488
0.0714277
0.06632
0.0631603
0.0652601
0.0687022
0.0609239
0.0618778
0.0657579
0.0675855
0.0635049
0.0625449
0.0680692
0.0621722
0.0626728
0.0619926
0.0577328
0.0622103
0.0679004
0.0578121
0.0638347
0.0623502
0.0640934
0.0661047
0.0681374
0.0623492
0.0559838
0.0629285
0.0590896
0.0609673
0.0635354
0.0657709
0.0647984
0.0654557
0.0664426
0.0653686
0.0657223
0.0658185
0.0693694
0.0645049
0.0569456
0.0604355
0.0644369
0.0618679
0.0625634
0.059175
0.0561484
0.0640233
0.0595078
0.0576171
0.0553061

