1
1
1
1
1
1
1
1
1
1
1
1
1
1
1
1
1
1
1
1
1
1
1
1
1
1
1
1
1
1
1
1
1
1
0.985293
0.973759
0.959405
0.948159
0.943429
0.929378
0.924893
0.916251
0.911249
0.904333
0.90279
0.899799
0.893658
0.887087
0.88008
0.870384
0.86695
0.86572
0.867772
0.861345
0.854009
0.844925
0.842396
0.840928
0.834934
0.827826
0.824578
0.820087
0.81258
0.811207
0.811357
0.810938
0.810176
0.810176
0.808474
0.810176
0.808712
0.807585
0.799208
0.793568
0.792676
0.792676
0.790509
0.79089
0.792005
0.790123
0.781022
0.780404
0.776111
0.775262
0.77976
0.779202
0.779202
0.777309
0.774294
0.769258
0.768228
0.769148
0.768228
0.767955
0.767955
0.767877
0.768107
0.767877
0.765885
0.765146

