1
1
1
1
1
1
1
1
1
1
1
1
1
1
1
1
1
1
1
1
1
1
1
1
1
1
1
1
1
1
1
1
1
0.997625
0.995413
0.992992
0.973415
0.964701
0.955316
0.952112
0.949478
0.946303
0.941978
0.932904
0.916035
0.906477
0.901452
0.892314
0.883815
0.878356
0.873973
0.861547
0.860489
0.857089
0.851701
0.849717
0.846973
0.846051
0.839877
0.839877
0.838034
0.837147
0.832099
0.825375
0.829887
0.829344
0.829344
0.824979
0.821343
0.817818
0.816413
0.814607
0.814607
0.814607
0.810764
0.808556
0.807276
0.804806
0.804806
0.804806
0.804806
0.804165
0.80363
0.801937
0.80014
0.799069
0.792878
0.792878
0.791497
0.790192
0.789866
0.787615
0.783732
0.781137
0.780544
0.777046
0.775376
0.775036
0.773299
0.771744

