100
66.4873
55.4676
49.8717
44.5386
39.2723
36.9391
35.1473
34.2318
32.1486
31.3212
30.6324
28.8095
28.7559
27.4186
27.5844
27.4245
27.2183
27.5802
28.0187
27.574
26.1963
27.0136
26.2565
24.6565
25.6905
27.0363
26.5539
26.1526
25.6683
26.2452
24.8366
24.306
24.6513
24.9484
24.357
25.713
25.0922
25.7297
25.2775
24.8634
25.4581
24.7685
24.4244
23.8514
23.6503
24.2371
23.7942
25.168
24.81
25.8785
25.3821
24.9064
25.7937
25.7359
24.8658
24.9035
25.768
24.5554
24.2103
25.4194
25.1453
25.2883
24.917
25.4777
25.644
25.5625
24.5212
25.5976
25.7211
25.4546
24.7406
24.8725
25.3674
24.2769
24.5373
24.015
24.2211
25.3966
24.9125
26.6125
24.8438
25.0226
23.7322
23.8363
24.1255
23.8176
23.9556
23.5643
24.4388
24.4539
24.6554
25.1111
24.4256
23.5641
25.1922
25.0624
25.314
25.6463
25.2152

