1
0.750989
0.672976
0.618152
0.626189
0.619225
0.598528
0.604154
0.6031
0.602148
0.606637
0.583078
0.596655
0.596117
0.580856
0.596312
0.595617
0.595039
0.609837
0.616165
0.612653
0.618694
0.613528
0.604259
0.605883
0.608344
0.597465
0.615126
0.600702
0.589475
0.598206
0.598402
0.599152
0.581955
0.581864
0.593083
0.608855
0.599457
0.594278
0.608238
0.61319
0.598679
0.624014
0.597068
0.606635
0.592634
0.589731
0.595731
0.604848
0.592955
0.591732
0.612371
0.600877
0.597564
0.62562
0.615398
0.612768
0.588694
0.59009
0.60121
0.619696
0.604556
0.608772
0.606812
0.619947
0.594469
0.593
0.607683
0.606119
0.596208
0.604808
0.581604
0.598281
0.590291
0.599344
0.618213
0.60174
0.583788
0.59807
0.607309
0.607689
0.567891
0.574568
0.585263
0.580716
0.592777
0.591136
0.599151
0.616566
0.587895
0.601752
0.622456
0.599585
0.581818
0.596952
0.600045
0.595288
0.598646
0.571791
0.583317

