1
0.148287
0.150435
0.125764
0.130553
0.132259
0.12743
0.129606
0.133877
0.125563
0.125091
0.138058
0.142306
0.134273
0.128826
0.134576
0.123914
0.140845
0.14257
0.150859
0.142228
0.151485
0.149252
0.14135
0.158135
0.150989
0.146722
0.14903
0.154503
0.130414
0.167212
0.153052
0.141416
0.142514
0.148237
0.1618
0.168893
0.172861
0.159278
0.166254
0.184376
0.161193
0.153516
0.163736
0.178605
0.177378
0.18241
0.169983
0.179771
0.175062
0.191031
0.179743
0.188975
0.195176
0.167506
0.195913
0.189106
0.191045
0.20064
0.184085
0.214104
0.210662
0.200137
0.204372
0.202674
0.18126
0.211543
0.186587
0.20828
0.218017
0.197628
0.203189
0.20672
0.201156
0.224504
0.212354
0.190908
0.203143
0.215055
0.195505
0.215856
0.208183
0.233306
0.199972
0.207675
0.220409
0.223458
0.222214
0.231798
0.209578
0.237089
0.226248
0.226078
0.21716
0.221979
0.231817
0.257679
0.205192
0.212336
0.237316

