1
0.14633
0.134718
0.139275
0.143687
0.130605
0.131018
0.11869
0.152678
0.145935
0.135513
0.134789
0.130002
0.140528
0.140892
0.159968
0.159492
0.156158
0.157647
0.170495
0.16646
0.168256
0.171396
0.149939
0.162542
0.165803
0.165383
0.177107
0.175765
0.186005
0.1677
0.178428
0.180941
0.19593
0.190053
0.16603
0.171131
0.190025
0.175496
0.201595
0.176548
0.202425
0.211924
0.223529
0.197681
0.212425
0.21738
0.207787
0.196204
0.219386
0.198932
0.210165
0.175529
0.191913
0.203373
0.228107
0.223777
0.215524
0.201329
0.207406
0.202174
0.24905
0.240963
0.228536
0.203235
0.214654
0.2325
0.239804
0.222199
0.221917
0.223506
0.208324
0.244873
0.22521
0.236065
0.227039
0.247447
0.251236
0.236572
0.228757
0.233843
0.219322
0.229176
0.2241
0.216595
0.225219
0.236879
0.270353
0.250868
0.244961
0.237086
0.242728
0.227149
0.253897
0.243517
0.278097
0.228266
0.23974
0.258988
0.242888

