1
0.59138
0.60203
0.589754
0.61208
0.591927
0.603769
0.602817
0.610135
0.598135
0.609894
0.593005
0.603493
0.598199
0.610681
0.605855
0.613061
0.622627
0.618052
0.609298
0.609216
0.598947
0.615704
0.601592
0.617555
0.631045
0.59324
0.611068
0.618989
0.601461
0.629258
0.602918
0.595068
0.611356
0.613126
0.597757
0.589975
0.605802
0.613526
0.620195
0.622938
0.627188
0.617565
0.63135
0.615178
0.626622
0.637354
0.623458
0.614057
0.647343
0.600309
0.615313
0.619697
0.632524
0.623786
0.626975
0.611235
0.645714
0.616492
0.594786
0.61377
0.640765
0.624054
0.610394
0.62903
0.613549
0.627374
0.612002
0.610982
0.602815
0.606187
0.639649
0.623456
0.627837
0.603828
0.589093
0.617313
0.607559
0.613892
0.629922
0.637181
0.634121
0.619385
0.628733
0.60384
0.607124
0.619602
0.625471
0.603884
0.612244
0.617288
0.614452
0.604033
0.613787
0.638825
0.613329
0.617662
0.633506
0.636788
0.634913

