1
0.587367
0.600602
0.612506
0.603561
0.602413
0.609577
0.594567
0.596921
0.618817
0.606566
0.614667
0.611338
0.599462
0.59075
0.6344
0.61138
0.605738
0.602626
0.593265
0.626702
0.605576
0.60209
0.614406
0.599295
0.604693
0.6188
0.590363
0.626161
0.616069
0.587905
0.61239
0.6137
0.611547
0.606251
0.605312
0.633679
0.62765
0.640277
0.607245
0.608689
0.601207
0.619663
0.612139
0.630928
0.617895
0.598286
0.611368
0.597866
0.623538
0.616909
0.601863
0.613139
0.653449
0.618848
0.623092
0.629419
0.622051
0.614922
0.612808
0.614849
0.617266
0.635843
0.614305
0.602032
0.636804
0.62481
0.61423
0.630382
0.607346
0.629594
0.607377
0.634361
0.613677
0.622316
0.649424
0.62281
0.627762
0.628614
0.62726
0.611586
0.637035
0.609913
0.613644
0.64541
0.609952
0.611528
0.627902
0.615941
0.608367
0.588767
0.613182
0.633001
0.624485
0.625915
0.632905
0.641254
0.631768
0.627529
0.611147

