1
1
1
1
1
1
1
0.997304
0.992238
0.948295
0.941683
0.961115
0.94625
0.936741
0.935055
0.93267
0.914009
0.900306
0.907875
0.900516
0.903279
0.902615
0.903914
0.908692
0.903746
0.903746
0.903333
0.906875
0.92134
0.893496
0.896312
0.891211
0.882566
0.887099
0.881865
0.874283
0.884693
0.87235
0.845784
0.84519
0.850318
0.871048
0.872073
0.886672
0.870546
0.869712
0.854919
0.856422
0.872362
0.873939
0.872195
0.856887
0.854766
0.845153
0.845162
0.857613
0.85895
0.85764
0.849238
0.847733
0.832127
0.847879
0.855969
0.856661
0.853896
0.853085
0.829944
0.813422
0.815883
0.845019
0.852853
0.875891
0.881526
0.856223
0.850948
0.861835
0.852341
0.84912
0.873305
0.884296
0.845115
0.860633
0.839338
0.831603
0.830819
0.841878
0.827911
0.838754
0.830093
0.832346
0.830172
0.8293
0.832739
0.823829
0.849608
0.857804
0.865119
0.867486
0.867021
0.864699

