100
69.7063
62.2137
56.0161
54.3282
51.7078
52.943
54.0915
50.9752
49.5463
50.6889
48.8005
46.1305
47.4621
47.2958
47.8213
48.5435
50.4667
50.8863
49.8059
47.8823
51.4604
50.7045
48.7505
49.279
49.1817
48.6759
47.2399
48.9811
46.5849
47.9597
49.9023
49.2205
50.7069
49.969
50.3017
48.4565
49.0161
51.1631
48.9539
49.7925
48.3428
48.3324
49.0785
50.7263
48.3243
49.5916
47.4647
49.1911
50.0057
48.5808
48.5062
47.9054
47.6627
49.0482
50.052
51.5524
49.4615
48.8361
49.0284
49.307
49.8219
49.2274
47.9846
48.7011
49.3284
47.6423
48.7661
50.3594
48.3126
49.7221
49.7632
48.3486
49.2545
49.1212
47.1363
48.3178
51.7641
50.7457
49.3092
50.3876
49.8541
48.7308
48.6575
48.0919
48.9046
48.6336
48.6259
50.7843
49.5834
51.1338
48.8797
48.2466
47.1727
48.8488
49.8393
47.9656
47.6982
48.0471
49.6997

