1
0.187193
0.213789
0.215905
0.234395
0.225456
0.247765
0.248091
0.270649
0.283385
0.259771
0.254537
0.275097
0.260866
0.229044
0.264689
0.292359
0.272178
0.286272
0.262982
0.307223
0.296851
0.289108
0.278387
0.266553
0.297504
0.288799
0.292386
0.28373
0.265915
0.278865
0.310644
0.28895
0.305682
0.287217
0.287176
0.272607
0.303929
0.304581
0.293159
0.296448
0.286796
0.266872
0.261643
0.287557
0.274656
0.266296
0.316883
0.253803
0.273109
0.26277
0.272373
0.26525
0.298675
0.277959
0.315628
0.298857
0.275047
0.285795
0.273415
0.290474
0.303645
0.273038
0.289011
0.288196
0.295509
0.293784
0.284307
0.30403
0.302871
0.275215
0.30085
0.264069
0.271441
0.27818
0.30318
0.28503
0.296388
0.27418
0.288353
0.289766
0.321044
0.270887
0.280129
0.306602
0.294609
0.273298
0.300108
0.298325
0.280915
0.308639
0.273251
0.329121
0.260553
0.253322
0.298921
0.296908
0.293477
0.302738
0.309023

