1
0.580159
0.569042
0.560216
0.549957
0.559495
0.580334
0.561322
0.551345
0.564046
0.566871
0.565998
0.566903
0.54504
0.556381
0.575448
0.550842
0.590012
0.578082
0.57881
0.591631
0.569644
0.563364
0.578853
0.568009
0.587803
0.605716
0.587485
0.582707
0.585698
0.579704
0.594773
0.575278
0.582931
0.584338
0.588073
0.579547
0.595906
0.585296
0.605429
0.594971
0.607974
0.557009
0.586783
0.577843
0.596986
0.591699
0.571711
0.591131
0.561946
0.598249
0.603431
0.595478
0.597115
0.584819
0.60568
0.595168
0.582068
0.594035
0.597133
0.60071
0.584809
0.595014
0.599053
0.599437
0.603058
0.607922
0.594666
0.603422
0.6138
0.605425
0.61593
0.603295
0.620335
0.61361
0.605489
0.59877
0.601145
0.603191
0.609578
0.624355
0.609449
0.604941
0.62664
0.601822
0.630953
0.588365
0.601687
0.633216
0.595049
0.588934
0.59757
0.59527
0.622741
0.614985
0.610106
0.616728
0.622781
0.621826
0.632572

