1
0.150552
0.148353
0.122203
0.126119
0.122055
0.124544
0.114546
0.109898
0.115002
0.115367
0.116141
0.108381
0.121203
0.111799
0.133453
0.117894
0.115029
0.108381
0.113634
0.124218
0.114921
0.115205
0.109612
0.112828
0.11949
0.108302
0.109982
0.120817
0.122664
0.117097
0.126841
0.109619
0.120773
0.122378
0.112059
0.110476
0.112823
0.113439
0.114201
0.105759
0.106751
0.111296
0.109367
0.108859
0.103835
0.107116
0.103475
0.109889
0.111225
0.106472
0.103201
0.107843
0.102253
0.118148
0.104688
0.109291
0.105473
0.0984773
0.10263
0.105145
0.103492
0.103437
0.104538
0.10949
0.103845
0.11043
0.107509
0.104043
0.110883
0.102751
0.100055
0.106177
0.0961143
0.105632
0.107161
0.109587
0.105712
0.107173
0.102842
0.11132
0.114491
0.107639
0.117893
0.114987
0.113296
0.0980731
0.11875
0.100079
0.11594
0.122241
0.099341
0.107783
0.106176
0.0951313
0.113254
0.116775
0.110005
0.106477
0.110593

