1
1
1
1
1
1
1
1
1
1
1
1
1
1
1
1
1
1
1
1
1
1
1
1
1
1
1
1
1
1
1
1
1
1
1
1
1
1
1
1
1
1
1
1
1
1
1
0.991667
0.981603
0.966226
0.958109
0.952674
0.942685
0.931025
0.904073
0.897613
0.887695
0.88444
0.879705
0.86719
0.868958
0.859004
0.859004
0.865169
0.859004
0.848877
0.84128
0.827461
0.834603
0.821381
0.821381
0.810808
0.797374
0.797374
0.764274
0.764274
0.763886
0.763886
0.763886
0.762816
0.762816
0.753854
0.753854
0.753854
0.755447
0.755447
0.749602
0.733307
0.725134
0.725134
0.724218
0.704283
0.698096
0.693157
0.692256
0.690241
0.691679
0.690241
0.675874
0.673995

