1
0.553622
0.570105
0.572033
0.573692
0.590815
0.581084
0.584997
0.598769
0.607642
0.598597
0.594696
0.621005
0.603492
0.586966
0.593911
0.615928
0.612817
0.625931
0.606511
0.617696
0.618662
0.617919
0.607964
0.605788
0.635828
0.606503
0.634341
0.62058
0.610723
0.616229
0.623278
0.608452
0.637017
0.641338
0.645895
0.636187
0.611427
0.613626
0.625327
0.620709
0.62134
0.628788
0.625956
0.623521
0.618682
0.642392
0.622219
0.631691
0.64175
0.617523
0.620135
0.632875
0.61829
0.646111
0.630546
0.617514
0.603358
0.645514
0.631355
0.617388
0.625953
0.642727
0.628619
0.631668
0.627609
0.618841
0.64166
0.603004
0.638723
0.638277
0.629132
0.614621
0.631542
0.636178
0.634574
0.627389
0.640227
0.634718
0.642748
0.634447
0.63222
0.633912
0.642459
0.649109
0.61905
0.629774
0.615401
0.64834
0.635067
0.630533
0.613803
0.616946
0.620689
0.635805
0.614851
0.635526
0.651242
0.615837
0.641574

