1
0.15249
0.179215
0.177332
0.213659
0.23075
0.222192
0.247307
0.253118
0.232308
0.253918
0.245219
0.2823
0.256369
0.301657
0.260215
0.253717
0.299174
0.277948
0.279573
0.284372
0.250792
0.274117
0.288547
0.266507
0.298769
0.267729
0.275238
0.291566
0.275009
0.267947
0.291679
0.293917
0.262339
0.283179
0.279911
0.282281
0.285201
0.277964
0.28718
0.293856
0.301494
0.285167
0.273338
0.293219
0.287238
0.265582
0.277898
0.275466
0.291372
0.298366
0.257706
0.289399
0.269995
0.261538
0.273124
0.300218
0.265855
0.269961
0.287848
0.273918
0.251811
0.299084
0.269346
0.273514
0.311343
0.265972
0.28675
0.274888
0.282051
0.268294
0.274133
0.301981
0.303349
0.310367
0.293855
0.285892
0.282329
0.276989
0.279516
0.32592
0.326241
0.290385
0.300658
0.271254
0.297354
0.30165
0.30158
0.299415
0.281937
0.279033
0.277085
0.302925
0.286921
0.291298
0.256068
0.25668
0.270768
0.275059
0.280384

