1
1
1
1
1
1
1
1
1
1
1
1
1
1
1
1
1
1
1
1
1
1
1
1
1
1
1
1
1
1
1
1
1
1
0.98503
0.980444
0.966961
0.951381
0.939692
0.930319
0.927377
0.922926
0.92407
0.920511
0.913523
0.900232
0.881842
0.875287
0.866236
0.862049
0.859953
0.850088
0.845638
0.844312
0.835702
0.834297
0.828059
0.824745
0.822294
0.819964
0.813128
0.808365
0.804671
0.801221
0.800378
0.798644
0.798644
0.798644
0.795361
0.794741
0.797157
0.794741
0.794265
0.793418
0.791267
0.789695
0.78206
0.783112
0.783112
0.78206
0.784214
0.78206
0.780992
0.783112
0.78206
0.780641
0.780063
0.774982
0.776918
0.760805
0.758738
0.757614
0.753051
0.750642
0.749246
0.748098
0.744849
0.74347
0.741914
0.741016

