1
0.450642
0.292986
0.249398
0.242788
0.221997
0.213688
0.190653
0.187796
0.201112
0.176132
0.190569
0.194411
0.199468
0.198621
0.202872
0.202398
0.182726
0.188661
0.203626
0.197593
0.200134
0.187754
0.201031
0.207235
0.186566
0.198166
0.20261
0.200211
0.218675
0.205411
0.195141
0.194744
0.207009
0.209136
0.178847
0.19712
0.196424
0.200496
0.206687
0.213144
0.216226
0.205441
0.189756
0.177692
0.158525
0.159353
0.173829
0.179101
0.194447
0.229231
0.211243
0.190038
0.18952
0.196356
0.188635
0.190702
0.19775
0.179872
0.191625
0.188993
0.185576
0.166581
0.180034
0.190619
0.206755
0.184336
0.207956
0.194619
0.197534
0.202641
0.197899
0.210022
0.220388
0.200717
0.203058
0.18475
0.19844
0.204406
0.205479
0.201244
0.205043
0.186877
0.200452
0.20291
0.181296
0.184698
0.201125
0.183556
0.192059
0.190993
0.190921
0.209506
0.199662
0.202583
0.198327
0.21005
0.210108
0.21966
0.197678

