1
1
1
1
1
0.930994
0.885521
0.793602
0.797193
0.770477
0.755049
0.738208
0.694175
0.691885
0.701057
0.695405
0.674203
0.672847
0.665863
0.661506
0.643808
0.610781
0.624689
0.615151
0.634882
0.64287
0.639543
0.600508
0.578719
0.589094
0.59689
0.597153
0.597957
0.581665
0.543495
0.53977
0.512134
0.555155
0.56412
0.567371
0.622824
0.58874
0.620391
0.599803
0.604176
0.610455
0.632275
0.596819
0.601156
0.578767
0.59038
0.581334
0.584743
0.599174
0.623253
0.638824
0.622609
0.645546
0.670356
0.651606
0.655661
0.651163
0.670306
0.67935
0.670652
0.65875
0.647673
0.635852
0.643353
0.638407
0.630458
0.646866
0.622266
0.585374
0.593455
0.61361
0.610858
0.593455
0.586437
0.603878
0.637349
0.639418
0.655452
0.649149
0.632487
0.640259
0.617843
0.600878
0.576178
0.55489
0.593024
0.547762
0.54775
0.545625
0.545625
0.56838
0.582376
0.599864
0.591135
0.596701

