100
68.086
51.1828
38.7481
32.9372
37.9606
33.5984
27.9037
25.1888
24.7775
23.675
21.5339
21.3691
21.3995
20.12
18.2439
19.2317
20.9899
19.1113
20.8482
20.7849
20.3239
19.0985
17.4853
19.2313
15.6389
15.1761
15.062
14.3727
16.66
17.1383
16.316
16.9753
15.3831
17.1303
17.2509
16.1438
17.1115
14.2055
14.2124
15.2415
14.8494
16.5854
15.739
15.1202
17.2362
15.5482
15.2929
16.3296
17.9565
18.6632
20.0294
19.9141
19.911
21.7432
21.9172
18.7124
19.2266
18.5146
17.9375
19.1702
19.2408
20.1578
20.7623
19.8794
14.9912
16.06
17.8096
16.1884
14.8186
16.5481
17.4031
17.1485
20.3183
18.0583
17.4516
17.5201
18.8302
17.2133
16.091
14.3596
16.5688
16.8556
19.4439
15.6032
15.6097
16.2577
17.2506
15.7701
15.8033
15.6553
15.3122
16.7987
14.8587
13.9645
13.5496
15.2751
17.2319
14.9211
15.1007

