1
1
1
1
1
1
1
1
1
1
1
1
1
1
1
1
1
1
1
1
1
1
1
1
1
1
1
1
1
1
1
1
1
0.996228
0.971296
0.964325
0.951217
0.939793
0.90726
0.87808
0.871055
0.832773
0.799431
0.778387
0.767798
0.755293
0.739631
0.728921
0.713705
0.701754
0.696571
0.69107
0.670628
0.656379
0.647656
0.643952
0.63542
0.62922
0.62922
0.629021
0.617181
0.597311
0.591151
0.590166
0.587039
0.573704
0.570479
0.570479
0.566625
0.565121
0.558849
0.554762
0.538448
0.532882
0.530242
0.530242
0.525856
0.525856
0.525856
0.52343
0.517445
0.513564
0.505082
0.509661
0.509661
0.509367
0.509367
0.502069
0.501829
0.500234
0.494882
0.48802
0.48449
0.48033
0.478604
0.478021
0.477215
0.475342
0.472452
0.461134

