1
0.150785
0.134669
0.144141
0.115254
0.126887
0.132708
0.119576
0.143666
0.120329
0.12478
0.124657
0.119488
0.12341
0.128551
0.12741
0.128268
0.132457
0.127203
0.1302
0.141647
0.132606
0.116587
0.119846
0.12702
0.122694
0.134899
0.144309
0.121161
0.131452
0.138775
0.135927
0.127757
0.141794
0.14864
0.1582
0.144662
0.152487
0.149781
0.137766
0.136016
0.156697
0.152813
0.157748
0.13825
0.155746
0.157504
0.150101
0.164723
0.146343
0.154179
0.145333
0.149762
0.153497
0.163714
0.155336
0.164255
0.170131
0.162153
0.175355
0.147248
0.174329
0.164121
0.141123
0.159092
0.155858
0.174059
0.17013
0.169612
0.162261
0.16956
0.176042
0.158291
0.171107
0.177608
0.177157
0.187482
0.180662
0.158961
0.162352
0.176236
0.171718
0.184319
0.185861
0.166824
0.17539
0.18374
0.164492
0.165626
0.178996
0.191113
0.179076
0.175592
0.169466
0.178288
0.184404
0.163147
0.196868
0.20286
0.209525

