100
99.4476
99.5296
99.727
98.705
98.4933
98.3433
97.9218
98.6367
99.3042
98.6275
98.9578
98.8714
98.5991
98.7081
98.3261
99.0429
99.0133
97.9987
98.1062
98.5732
97.6722
97.7798
98.0821
98.9583
99.2437
98.7941
98.9987
99.2832
98.594
99.0007
99.2626
99.3918
98.6354
99.6403
98.8854
98.4416
99.6973
98.153
98.6065
98.9568
99.5526
98.5277
99.4373
98.6838
100.256
99.6531
99.0401
98.7733
97.8482
96.9195
98.817
99.2272
99.6453
98.9976
100.368
99.1833
98.4706
98.2465
99.2423
99.008
98.9318
99.0961
99.4131
99.0608
99.7082
99.9138
99.1387
99.102
98.7817
97.8773
99.3822
99.0526
98.9456
99.1709
97.9215
97.79
98.8187
97.6581
98.2934
98.8769
98.832
98.9758
99.3736
100.08
98.7876
99.1987
99.5876
98.0888
99.0519
98.4715
99.2645
97.8356
98.7297
99.4084
99.2189
99.1346
98.4874
97.8535
99.4957

