1
0.166272
0.141874
0.134056
0.107115
0.122523
0.139896
0.124397
0.104155
0.116434
0.118739
0.128455
0.125128
0.113953
0.106171
0.117234
0.112829
0.131085
0.110158
0.121814
0.117916
0.134263
0.114713
0.137924
0.125553
0.120421
0.113549
0.130217
0.122914
0.106307
0.133445
0.117471
0.111212
0.124259
0.108961
0.133458
0.127284
0.125517
0.112165
0.138092
0.145697
0.123458
0.125551
0.132311
0.130896
0.122962
0.119622
0.122429
0.134849
0.118055
0.117059
0.106202
0.126165
0.118354
0.1334
0.118502
0.134681
0.132923
0.120263
0.117714
0.131348
0.135163
0.117821
0.135944
0.11952
0.133163
0.139211
0.147113
0.131952
0.127968
0.151286
0.14103
0.15866
0.137567
0.132568
0.15564
0.148771
0.142757
0.13822
0.146073
0.13217
0.142917
0.137571
0.131379
0.143595
0.14227
0.139752
0.134011
0.15467
0.164116
0.150483
0.143638
0.140032
0.144955
0.1487
0.142622
0.124436
0.124684
0.140612
0.144705

