1
0.583514
0.577308
0.621189
0.584303
0.626342
0.564915
0.581712
0.644149
0.580309
0.613277
0.630353
0.558719
0.609634
0.621663
0.579853
0.585041
0.637152
0.618543
0.631183
0.53504
0.620977
0.607275
0.612852
0.612486
0.606678
0.579143
0.608023
0.594015
0.627636
0.563129
0.632271
0.671952
0.578988
0.6095
0.605114
0.620377
0.647412
0.622155
0.609089
0.639686
0.631906
0.663237
0.529588
0.58462
0.612249
0.636207
0.650289
0.602274
0.649896
0.506198
0.59983
0.634651
0.617301
0.592622
0.608914
0.592775
0.570033
0.555817
0.574054
0.630919
0.552285
0.613661
0.599823
0.60984
0.580134
0.612253
0.61973
0.545168
0.610533
0.576883
0.6179
0.603992
0.580665
0.585146
0.582691
0.612005
0.625508
0.604453
0.642282
0.608425
0.585655
0.529018
0.647731
0.592703
0.583163
0.63334
0.606288
0.64227
0.662348
0.5861
0.576895
0.647536
0.565781
0.548693
0.561435
0.548045
0.569679
0.601792
0.590376

