1
0.584012
0.577515
0.600044
0.562189
0.577822
0.591198
0.575551
0.593492
0.570035
0.570559
0.580145
0.58424
0.574605
0.572916
0.575898
0.563801
0.593259
0.582047
0.588025
0.580242
0.586821
0.597265
0.561611
0.585222
0.577457
0.568357
0.580393
0.600344
0.583108
0.559197
0.573737
0.556833
0.584881
0.578841
0.576672
0.575952
0.579223
0.574166
0.586907
0.57756
0.617992
0.607743
0.57577
0.584016
0.590514
0.568433
0.566834
0.587759
0.558795
0.580173
0.590783
0.608043
0.569524
0.586321
0.574024
0.573403
0.592584
0.582707
0.573899
0.577763
0.563599
0.585335
0.57936
0.564916
0.577849
0.567511
0.56167
0.57878
0.570944
0.588553
0.585712
0.581825
0.575064
0.574882
0.579135
0.576466
0.590435
0.587666
0.596304
0.585383
0.587829
0.568536
0.592488
0.579446
0.581655
0.549258
0.576749
0.573398
0.59733
0.585185
0.595697
0.580034
0.579647
0.581498
0.565881
0.567939
0.593063
0.583408
0.569769

