1
0.458783
0.32937
0.262846
0.253478
0.225033
0.22546
0.194119
0.19832
0.186799
0.204802
0.201476
0.191927
0.214434
0.214009
0.197914
0.198432
0.185754
0.193956
0.209491
0.200829
0.196752
0.204293
0.182281
0.194496
0.183424
0.181826
0.177523
0.18983
0.212394
0.204936
0.205538
0.191506
0.205916
0.198204
0.204286
0.207269
0.191276
0.200957
0.215558
0.202131
0.194658
0.206249
0.203679
0.208862
0.210855
0.197753
0.189688
0.213805
0.190804
0.201171
0.209537
0.205008
0.216875
0.210651
0.188246
0.183238
0.17573
0.200169
0.221934
0.217157
0.218475
0.20374
0.192725
0.212276
0.19888
0.208202
0.195086
0.192394
0.192649
0.212963
0.215268
0.203807
0.201621
0.205186
0.214745
0.208681
0.202714
0.216112
0.209662
0.220157
0.204708
0.201605
0.215751
0.213854
0.225158
0.216873
0.202757
0.197291
0.204088
0.207863
0.213312
0.204982
0.216566
0.197887
0.207776
0.213861
0.229878
0.220447
0.219162

