1
0.128743
0.125007
0.132889
0.146405
0.150408
0.179163
0.184306
0.180115
0.181787
0.185938
0.208805
0.217975
0.209377
0.226049
0.231447
0.222776
0.236026
0.22802
0.24891
0.224918
0.248261
0.234166
0.236892
0.230355
0.240244
0.240744
0.273072
0.234354
0.24404
0.242384
0.252975
0.267895
0.282167
0.270807
0.276183
0.27646
0.267023
0.259342
0.312505
0.288561
0.268886
0.275253
0.259263
0.262515
0.280291
0.281969
0.282265
0.286658
0.251648
0.31396
0.278254
0.291156
0.28745
0.278102
0.269432
0.276017
0.307609
0.297558
0.283649
0.297842
0.293688
0.303935
0.276058
0.29538
0.259654
0.255136
0.288128
0.292555
0.285796
0.285238
0.295382
0.271813
0.296127
0.297588
0.293511
0.295344
0.283817
0.284071
0.267102
0.334131
0.291942
0.276646
0.297829
0.275006
0.278143
0.286066
0.303703
0.29466
0.293831
0.295685
0.288442
0.290471
0.287064
0.263929
0.268818
0.308769
0.29682
0.300162
0.264413

