1
1
1
1
1
1
1
1
1
1
1
1
1
1
1
1
1
1
1
1
1
1
1
1
1
1
1
1
1
1
1
1
1
1
0.997333
0.986182
0.961165
0.947171
0.93159
0.923686
0.919261
0.911189
0.899498
0.898523
0.89188
0.879869
0.875327
0.871678
0.863978
0.857675
0.855335
0.846287
0.843275
0.843275
0.842159
0.837411
0.837215
0.837215
0.831208
0.827352
0.814424
0.811942
0.805125
0.802996
0.797366
0.80003
0.794323
0.793278
0.792886
0.789557
0.79157
0.793278
0.793278
0.792886
0.789827
0.788998
0.784196
0.784196
0.782087
0.782509
0.779624
0.77905
0.775403
0.774094
0.772306
0.770678
0.766183
0.769168
0.769168
0.766183
0.7641
0.769168
0.767046
0.760259
0.7552
0.760259
0.7552
0.7552
0.7552
0.757045

