1
0.394643
0.383384
0.38995
0.362671
0.373406
0.365709
0.402728
0.381591
0.366486
0.396245
0.383318
0.356519
0.374608
0.37757
0.365522
0.358936
0.373324
0.366453
0.368089
0.349378
0.426001
0.406499
0.3626
0.378573
0.374074
0.331126
0.362145
0.368052
0.413965
0.374208
0.433647
0.392069
0.419651
0.419546
0.372334
0.366084
0.404184
0.388292
0.36997
0.350703
0.380232
0.370641
0.344777
0.388896
0.369313
0.412534
0.379412
0.381156
0.389408
0.383897
0.458007
0.360244
0.363206
0.406412
0.394897
0.37824
0.36972
0.384149
0.377299
0.367124
0.403889
0.397207
0.407064
0.365866
0.398312
0.344182
0.419323
0.415663
0.381149
0.357771
0.383656
0.426176
0.373251
0.378894
0.386798
0.375081
0.416678
0.403998
0.387251
0.392443
0.404305
0.342363
0.380354
0.331117
0.345939
0.312349
0.351498
0.337341
0.3489
0.406796
0.342335
0.328053
0.357992
0.381007
0.393375
0.326392
0.322595
0.356667
0.36661

