1
1
1
1
1
1
0.903218
0.814383
0.77181
0.737977
0.696898
0.663679
0.638195
0.623994
0.617313
0.627449
0.614219
0.577447
0.565298
0.568939
0.570722
0.541853
0.533448
0.504065
0.504065
0.507353
0.504287
0.520991
0.528322
0.527687
0.536657
0.53288
0.478076
0.492229
0.516035
0.52932
0.526508
0.50133
0.488585
0.504321
0.479383
0.51823
0.464043
0.45998
0.492766
0.487295
0.505255
0.483445
0.44323
0.465945
0.459151
0.464018
0.464018
0.459205
0.462049
0.455727
0.470898
0.464462
0.452586
0.454378
0.455598
0.431817
0.420686
0.425432
0.428693
0.430998
0.441666
0.460569
0.441125
0.420837
0.425505
0.454351
0.44749
0.433098
0.40168
0.423987
0.429634
0.425721
0.422611
0.442739
0.455502
0.433076
0.413969
0.450838
0.456592
0.424344
0.408613
0.415697
0.411955
0.434274
0.414302
0.412299
0.425576
0.424605
0.441473
0.422295
0.417603
0.4191
0.421701
0.415637

