1
1
1
1
1
1
1
1
1
1
1
1
1
1
1
1
1
1
1
1
1
1
1
1
1
1
1
1
1
1
1
1
1
1
0.997011
0.980316
0.955305
0.945428
0.939571
0.93695
0.927594
0.921001
0.914511
0.904502
0.899093
0.89542
0.892818
0.890526
0.881316
0.876773
0.871358
0.868311
0.866273
0.865804
0.853085
0.848822
0.834967
0.834611
0.830234
0.823625
0.817852
0.814164
0.807227
0.807227
0.803848
0.798893
0.798893
0.802144
0.797217
0.793327
0.791954
0.790856
0.7902
0.785976
0.785976
0.78561
0.784412
0.781842
0.779989
0.778266
0.776456
0.771262
0.771262
0.769646
0.769307
0.769307
0.767074
0.76531
0.765046
0.764349
0.763014
0.764349
0.764349
0.764473
0.759834
0.759834
0.757144
0.756043
0.755927
0.755927

