1
0.95619
0.946426
0.888618
0.905035
0.908882
0.874073
0.913932
0.902566
0.922059
0.864491
0.89291
0.904305
0.90127
0.893509
0.9281
0.894576
0.90336
0.893495
0.901632
0.903924
0.907033
0.885702
0.892667
0.915967
0.884824
0.895942
0.908441
0.896023
0.897558
0.880714
0.901203
0.9153
0.879849
0.913538
0.929518
0.893858
0.875831
0.866317
0.916105
0.901517
0.908416
0.911033
0.918546
0.895813
0.917729
0.91489
0.909261
0.903998
0.896032
0.912604
0.902925
0.901697
0.891529
0.931111
0.922169
0.894687
0.875559
0.884436
0.915103
0.899557
0.913157
0.881069
0.92105
0.892814
0.9032
0.929596
0.884422
0.889844
0.88586
0.873196
0.89643
0.882793
0.881039
0.896928
0.880503
0.881803
0.89971
0.889025
0.849165
0.896942
0.865261
0.88089
0.907437
0.903681
0.893016
0.896413
0.879918
0.902486
0.888281
0.890435
0.931075
0.916408
0.924765
0.934218
0.917624
0.914205
0.882659
0.919242
0.909794

