1
1
1
1
1
1
0.951138
0.880506
0.814114
0.774806
0.72471
0.727481
0.711945
0.714971
0.684349
0.67532
0.650958
0.6445
0.641969
0.619727
0.618819
0.624264
0.620609
0.604142
0.574883
0.565592
0.540918
0.522259
0.529542
0.547598
0.54713
0.542499
0.573984
0.552417
0.552417
0.526227
0.488887
0.493031
0.503465
0.491072
0.503465
0.505297
0.508556
0.505257
0.502306
0.521098
0.530202
0.508871
0.530202
0.5292
0.515432
0.520834
0.497854
0.498744
0.504542
0.503138
0.513828
0.510341
0.495043
0.49752
0.504684
0.505374
0.504101
0.492464
0.502388
0.520078
0.512945
0.515195
0.504234
0.538487
0.522259
0.521952
0.51859
0.519997
0.48098
0.496654
0.477788
0.481144
0.480583
0.461762
0.46197
0.46829
0.474453
0.478359
0.495142
0.477509
0.484455
0.497961
0.505879
0.505123
0.53294
0.514393
0.533279
0.551276
0.527799
0.522392
0.537056
0.554022
0.528857
0.500147

