1
0.120064
0.138812
0.145628
0.17164
0.178139
0.214263
0.199988
0.228909
0.225619
0.230433
0.244895
0.223562
0.245889
0.236393
0.24499
0.260791
0.277583
0.238673
0.276324
0.27242
0.27364
0.273682
0.249396
0.279707
0.258655
0.254666
0.297912
0.275978
0.288335
0.250153
0.282873
0.270152
0.301356
0.273628
0.268098
0.274566
0.257601
0.297104
0.291962
0.263841
0.286974
0.285105
0.272596
0.25682
0.307884
0.270341
0.254985
0.304085
0.262101
0.291081
0.294602
0.271064
0.284136
0.278214
0.279219
0.261931
0.280523
0.278998
0.263312
0.260513
0.264352
0.288088
0.298035
0.276591
0.306
0.255722
0.300636
0.286886
0.272545
0.267553
0.279648
0.23835
0.292348
0.315533
0.28966
0.317414
0.285565
0.296971
0.291743
0.256677
0.294851
0.27412
0.264459
0.286172
0.296894
0.289839
0.282437
0.269559
0.289585
0.281969
0.286875
0.269041
0.286055
0.276834
0.308814
0.281143
0.265857
0.284493
0.258856

