1
0.607538
0.621469
0.613397
0.628281
0.635351
0.644595
0.637858
0.637117
0.633569
0.624489
0.621093
0.610595
0.64622
0.648512
0.631732
0.628412
0.612641
0.647392
0.642159
0.623902
0.639027
0.649062
0.642384
0.624523
0.637353
0.620459
0.646397
0.626599
0.654084
0.622034
0.623273
0.618464
0.649121
0.622425
0.642707
0.632406
0.638885
0.615042
0.612453
0.633481
0.626319
0.642226
0.641028
0.617468
0.635011
0.628381
0.64709
0.630426
0.621274
0.62727
0.63375
0.634301
0.638118
0.625398
0.627903
0.6075
0.631977
0.629492
0.622591
0.620821
0.615407
0.655396
0.634506
0.619095
0.634224
0.611095
0.62271
0.640159
0.627327
0.625075
0.621842
0.628749
0.642559
0.635957
0.612414
0.65891
0.623065
0.655856
0.635665
0.636257
0.636157
0.640987
0.636101
0.637413
0.615398
0.612903
0.63429
0.62351
0.629239
0.629995
0.634986
0.630413
0.638283
0.615346
0.642697
0.625952
0.630673
0.609504
0.658465

