1
1
1
1
1
1
1
1
1
1
1
1
1
1
1
1
1
1
1
1
1
1
1
1
1
1
1
1
1
1
1
1
1
1
1
1
1
1
1
1
1
1
1
1
1
1
1
1
0.999714
0.95817
0.923658
0.912652
0.912652
0.906979
0.9028
0.897295
0.897295
0.897295
0.895671
0.895671
0.887022
0.873999
0.862985
0.861354
0.857689
0.854459
0.848781
0.848781
0.857689
0.82236
0.82236
0.784368
0.778481
0.772029
0.772029
0.766346
0.770674
0.770674
0.769661
0.769661
0.762479
0.764567
0.764567
0.758957
0.758957
0.766346
0.773981
0.773981
0.778025
0.773981
0.764567
0.763882
0.758229
0.756714
0.753289
0.756714
0.754728
0.753289
0.756714
0.753289

