1
0.586031
0.563409
0.580654
0.604735
0.607648
0.611068
0.608762
0.610596
0.620333
0.611971
0.611566
0.596505
0.636939
0.614518
0.611074
0.632945
0.615396
0.611925
0.628559
0.633987
0.62973
0.626493
0.62336
0.639818
0.64001
0.620476
0.623562
0.62289
0.642241
0.640107
0.63414
0.61979
0.63395
0.627446
0.646167
0.622947
0.616093
0.639788
0.610138
0.669233
0.620996
0.640279
0.636715
0.61248
0.62793
0.62856
0.633944
0.62812
0.650941
0.634338
0.631814
0.635445
0.647797
0.617029
0.639281
0.642363
0.617621
0.634269
0.622559
0.605308
0.624188
0.636965
0.616862
0.649128
0.631422
0.621079
0.639192
0.614043
0.634241
0.629525
0.651777
0.631688
0.609944
0.637714
0.618597
0.643615
0.626488
0.621364
0.636929
0.6403
0.643302
0.652534
0.609073
0.639951
0.62889
0.643962
0.63239
0.629376
0.648257
0.645681
0.644221
0.635308
0.660725
0.633146
0.625633
0.630507
0.614212
0.626509
0.620948

