1
0.81207
0.564122
0.526361
0.56213
0.525252
0.513947
0.50111
0.500764
0.48284
0.48086
0.48128
0.514628
0.484821
0.539317
0.484438
0.517543
0.534549
0.551602
0.523861
0.54041
0.494658
0.498787
0.512938
0.469526
0.477403
0.489377
0.485767
0.528007
0.471424
0.442774
0.446032
0.45874
0.539065
0.514265
0.503413
0.538808
0.486569
0.504693
0.460605
0.497013
0.490304
0.489318
0.493983
0.509304
0.494036
0.503489
0.495732
0.527576
0.499839
0.515192
0.526797
0.513832
0.540646
0.484045
0.506607
0.499511
0.536046
0.492792
0.574228
0.518801
0.533914
0.515053
0.537416
0.53052
0.581754
0.52912
0.527751
0.5545
0.495454
0.540387
0.454087
0.495487
0.493165
0.49585
0.495886
0.483376
0.491495
0.482777
0.484631
0.490106
0.455784
0.538952
0.520341
0.548899
0.496447
0.490682
0.560966
0.54222
0.483804
0.503816
0.446823
0.477725
0.507337
0.472148
0.472384
0.454048
0.446139
0.503571
0.536373

