1
0.195097
0.202066
0.228027
0.263209
0.240894
0.256924
0.250133
0.27142
0.250593
0.26664
0.262029
0.275826
0.260742
0.270611
0.308063
0.258322
0.276053
0.288539
0.278631
0.257728
0.267684
0.295663
0.298028
0.290124
0.278141
0.270798
0.264227
0.276747
0.286822
0.28328
0.288817
0.295067
0.30141
0.298162
0.268402
0.295804
0.273124
0.29055
0.310936
0.279266
0.297791
0.317119
0.29683
0.297748
0.294795
0.288934
0.280583
0.285573
0.287519
0.307762
0.288251
0.30918
0.268937
0.27403
0.28968
0.267603
0.273813
0.314226
0.273402
0.316201
0.290678
0.286648
0.284762
0.277788
0.293042
0.293661
0.294941
0.271952
0.297484
0.281945
0.302791
0.294375
0.282996
0.28467
0.282186
0.265468
0.285846
0.281206
0.299179
0.284112
0.276408
0.290699
0.304493
0.282865
0.285452
0.288406
0.30863
0.297694
0.303238
0.310003
0.271324
0.280072
0.290205
0.31485
0.286312
0.262329
0.250789
0.273586
0.295362

