100
29.8703
17.7758
11.2979
7.37528
4.92351
3.42563
2.7906
2.42424
2.02278
1.64084
1.31211
1.24055
1.1131
1.09502
0.86182
0.939097
0.757375
0.764706
0.74513
0.705942
0.662239
0.706428
0.703211
0.714651
0.66967
0.569958
0.597916
0.545452
0.512441
0.551739
0.555889
0.576539
0.546865
0.574095
0.610445
0.538396
0.541028
0.532729
0.531265
0.526524
0.550117
0.54204
0.463934
0.427295
0.429698
0.520179
0.448886
0.475202
0.463522
0.475172
0.502388
0.516154
0.438146
0.436065
0.488376
0.489942
0.508693
0.439006
0.480337
0.45045
0.503801
0.511083
0.510061
0.535657
0.473716
0.509439
0.475097
0.506704
0.44396
0.381454
0.455151
0.446987
0.481014
0.47833
0.476198
0.497112
0.448847
0.454943
0.442524
0.439939
0.47267
0.418798
0.402758
0.402405
0.412156
0.4342
0.463173
0.454808
0.403975
0.477712
0.436631
0.437617
0.413839
0.416218
0.415699
0.423174
0.451554
0.45273
0.427157

