1
1
1
1
0.930024
0.888123
0.843971
0.815405
0.803013
0.785403
0.761905
0.746134
0.738376
0.723703
0.729127
0.723574
0.708208
0.707744
0.701965
0.687569
0.673529
0.673736
0.671663
0.661867
0.66877
0.658934
0.663847
0.659736
0.659736
0.665475
0.664585
0.651033
0.64757
0.648301
0.647471
0.639757
0.631901
0.629787
0.623303
0.622502
0.619133
0.598765
0.594542
0.604271
0.601188
0.598477
0.593547
0.595321
0.597283
0.599643
0.607498
0.609682
0.615334
0.613584
0.607923
0.606402
0.603602
0.609855
0.609855
0.609855
0.610888
0.612384
0.601013
0.596543
0.592609
0.586077
0.585542
0.585542
0.585816
0.585816
0.577562
0.587419
0.584442
0.581323
0.582998
0.577169
0.579634
0.581323
0.579221
0.575088
0.566869
0.568684
0.568697
0.560415
0.559064
0.560139
0.560273
0.557066
0.555077
0.556505
0.557082
0.557342
0.557938
0.557742
0.554167
0.551034
0.550323
0.554544
0.557639
0.555782

