1
0.744177
0.67666
0.656468
0.638376
0.623613
0.615113
0.610121
0.601894
0.595071
0.612718
0.596949
0.623159
0.595588
0.590492
0.609738
0.591757
0.588493
0.603489
0.600352
0.590883
0.580051
0.602652
0.589843
0.606145
0.596124
0.597763
0.597264
0.606781
0.603737
0.591459
0.597773
0.609933
0.597468
0.593248
0.581464
0.580163
0.590751
0.586387
0.591887
0.597897
0.616133
0.616065
0.599302
0.603433
0.598083
0.592236
0.605332
0.603285
0.60329
0.612141
0.604339
0.608153
0.608151
0.613841
0.604874
0.573963
0.60759
0.596936
0.599142
0.596435
0.620894
0.612853
0.597118
0.597197
0.606094
0.607176
0.598551
0.605636
0.600532
0.596832
0.575089
0.592353
0.588887
0.581313
0.590332
0.593185
0.602202
0.614163
0.598111
0.596581
0.593775
0.594795
0.600181
0.599158
0.613401
0.615167
0.588541
0.613125
0.609305
0.599749
0.61435
0.618871
0.610533
0.610429
0.607593
0.622181
0.610459
0.581463
0.58978

