100
33.6428
16.5748
9.89863
6.89975
4.92526
4.25161
3.06092
2.01124
1.70787
1.66561
1.20828
1.13247
0.920839
0.889157
0.77672
0.834571
0.760851
0.721397
0.607319
0.586487
0.586045
0.544863
0.609875
0.562022
0.595274
0.525251
0.521925
0.56
0.515305
0.578605
0.558971
0.541232
0.562754
0.554737
0.583852
0.535245
0.53519
0.502076
0.513722
0.550004
0.466398
0.500969
0.531437
0.494083
0.457793
0.474576
0.496686
0.45583
0.440023
0.451552
0.419427
0.408717
0.436656
0.455077
0.41121
0.409796
0.378601
0.415764
0.412273
0.385102
0.398445
0.406628
0.436285
0.417185
0.411151
0.434606
0.450066
0.451269
0.392471
0.414561
0.457887
0.427703
0.429105
0.419774
0.4011
0.416933
0.402384
0.374903
0.37265
0.404761
0.400773
0.381588
0.421788
0.416119
0.366124
0.371945
0.395172
0.460521
0.399544
0.38871
0.384267
0.390498
0.382692
0.429659
0.387544
0.399144
0.364558
0.397952
0.392631

