1
1
1
1
0.957416
0.868397
0.8114
0.802391
0.788354
0.771673
0.760201
0.741334
0.732925
0.732015
0.714162
0.69178
0.677643
0.679084
0.674256
0.669108
0.671074
0.652927
0.65068
0.646847
0.643074
0.640849
0.630149
0.627429
0.629595
0.632422
0.640151
0.638857
0.639166
0.634765
0.624377
0.624377
0.618226
0.625966
0.621354
0.627719
0.627719
0.626155
0.622206
0.60924
0.619047
0.602451
0.607151
0.583138
0.590624
0.603828
0.592936
0.594217
0.588113
0.580349
0.572584
0.578942
0.582445
0.573463
0.579263
0.573463
0.571354
0.579479
0.572042
0.574268
0.583235
0.582952
0.585616
0.582225
0.585616
0.585103
0.592078
0.586569
0.585103
0.576751
0.575555
0.574576
0.582695
0.589631
0.575453
0.572929
0.575194
0.570894
0.573687
0.568057
0.56526
0.573832
0.569737
0.56838
0.566891
0.559399
0.555986
0.561228
0.55826
0.554714
0.558038
0.554714
0.556437
0.558496
0.552727
0.553498

