1
0.579794
0.574538
0.562281
0.551731
0.564083
0.560118
0.567998
0.557336
0.581789
0.574708
0.559122
0.580309
0.566318
0.557201
0.571769
0.568679
0.570959
0.579265
0.582145
0.58827
0.577525
0.602899
0.589141
0.577785
0.601787
0.586804
0.59222
0.584793
0.59852
0.594734
0.584818
0.587454
0.596382
0.585487
0.583476
0.587848
0.582191
0.587291
0.579184
0.612725
0.601626
0.596448
0.617158
0.593966
0.575258
0.622477
0.580481
0.605088
0.593475
0.607082
0.600864
0.600461
0.604856
0.591317
0.596899
0.616434
0.616978
0.603177
0.607724
0.613621
0.603443
0.595029
0.621396
0.624041
0.607136
0.620811
0.616377
0.587758
0.625403
0.615032
0.605312
0.619749
0.590517
0.605365
0.614585
0.612945
0.599066
0.593232
0.591287
0.623995
0.615609
0.60036
0.578626
0.622743
0.603982
0.610118
0.634096
0.604243
0.628426
0.634291
0.598796
0.614928
0.628042
0.62538
0.62397
0.612531
0.619863
0.586529
0.620961

