100
68.6157
54.378
45.4756
39.2642
34.607
31.165
26.0661
25.31
25.1128
22.1886
20.9732
19.3152
17.8866
16.3332
15.0414
15.2305
15.0368
14.3919
14.8344
14.7557
13.8701
13.0687
12.9296
12.6035
11.437
11.2496
11.5136
10.545
10.5087
9.2907
10.4387
9.83545
9.75786
9.04187
9.0702
8.61003
8.86757
8.52762
8.45622
8.24861
8.42757
8.19659
8.2613
8.98887
7.93587
8.17709
8.24408
8.77846
8.44401
8.81379
8.34713
7.58503
8.40707
8.1093
8.02833
8.31798
8.5065
8.05628
7.58703
7.13504
7.32469
7.11046
6.82321
6.9231
7.29843
7.07172
7.32585
7.51278
7.21745
6.75465
6.80898
7.12774
6.97788
7.13814
7.0031
6.30535
6.44494
6.00506
6.29497
5.72403
6.47663
6.44148
6.23945
6.36326
6.36522
5.57229
5.87024
5.87492
6.31849
6.16542
6.25668
6.21282
5.60439
5.92346
6.03264
6.55159
6.10386
6.60712
6.71765

