1
0.420802
0.302511
0.236274
0.216173
0.178442
0.170912
0.153615
0.143555
0.145036
0.153853
0.143857
0.140811
0.142322
0.125886
0.134429
0.131276
0.126817
0.125211
0.1309
0.134713
0.126757
0.137311
0.140951
0.133396
0.137038
0.143067
0.135555
0.134869
0.132777
0.13693
0.127564
0.13161
0.142811
0.126586
0.133118
0.128761
0.128913
0.147046
0.14819
0.136373
0.131282
0.132484
0.124559
0.124479
0.117332
0.125434
0.124954
0.126879
0.119457
0.122099
0.115809
0.1239
0.128487
0.125922
0.11931
0.125733
0.12772
0.109503
0.119609
0.122987
0.131372
0.126286
0.123475
0.12714
0.125306
0.121299
0.119838
0.122448
0.118825
0.116398
0.118505
0.128329
0.131651
0.132637
0.12491
0.13654
0.131059
0.131325
0.131432
0.136285
0.13154
0.134198
0.131677
0.135175
0.132265
0.128857
0.125573
0.128106
0.1288
0.122959
0.126309
0.126899
0.127159
0.133583
0.125378
0.134144
0.13499
0.124027
0.118878

