100
8.65343
11.1369
12.3899
16.2484
18.2049
19.5923
22.7317
26.2855
27.5321
30.5762
32.8117
32.2537
35.0233
37.9295
37.7157
41.7393
41.9182
43.7924
43.83
44.7052
47.5499
44.9098
45.68
47.0923
47.4849
46.7267
50.1402
51.6617
48.3972
49.219
50.9001
50.0307
51.4387
52.4204
51.2625
51.248
52.1073
53.3493
55.2301
52.5229
53.9283
56.0345
53.6634
55.4018
56.8174
55.1575
53.9969
52.9115
55.6117
54.2901
55.3089
55.8289
54.8218
53.0297
55.2746
57.0467
56.4045
55.0424
55.7661
54.7775
55.2791
56.0828
55.9818
57.1506
55.9388
57.4207
58.7442
59.7918
58.1627
59.0218
60.5364
57.6974
56.5651
59.9737
61.3453
58.4625
58.4688
59.4745
57.995
54.7538
58.9667
58.6705
58.0187
57.9582
58.3106
58.6749
57.9708
57.9177
55.48
56.3092
59.8397
58.7487
60.1922
58.8458
59.4895
57.5623
57.5933
58.4736
58.6146

