1
1
1
1
1
1
1
0.998121
0.992041
0.950555
0.945533
0.962989
0.953727
0.9302
0.919805
0.917352
0.896666
0.905923
0.895865
0.890202
0.888398
0.886167
0.891008
0.890886
0.910339
0.90722
0.907877
0.891542
0.904957
0.90265
0.891542
0.891466
0.901807
0.906249
0.887101
0.877707
0.86423
0.869348
0.873755
0.856476
0.859085
0.846995
0.859152
0.861202
0.852937
0.83656
0.824561
0.852679
0.858174
0.858174
0.841345
0.845494
0.82856
0.848304
0.842661
0.842223
0.83981
0.828544
0.830241
0.828817
0.832362
0.839723
0.821932
0.823376
0.832254
0.81449
0.810501
0.810727
0.813009
0.811304
0.829264
0.840426
0.82352
0.822284
0.832392
0.822786
0.821898
0.803249
0.796905
0.806536
0.826319
0.843729
0.830323
0.860426
0.832777
0.851607
0.854123
0.821463
0.834134
0.841491
0.833503
0.836626
0.842347
0.840042
0.813098
0.811704
0.840505
0.818608
0.841215
0.821203

