1
0.845456
0.846409
0.880941
0.863092
0.865389
0.857524
0.890111
0.871358
0.856543
0.91018
0.841233
0.856639
0.840028
0.845102
0.864755
0.852108
0.852913
0.855438
0.846474
0.845666
0.827412
0.868448
0.88426
0.874487
0.840444
0.859186
0.865012
0.88424
0.854863
0.821489
0.839618
0.898266
0.863975
0.870693
0.882805
0.876542
0.862944
0.847957
0.846929
0.856575
0.864525
0.890282
0.867045
0.792992
0.872753
0.84481
0.865782
0.844588
0.851072
0.834583
0.874022
0.852968
0.862436
0.879731
0.852553
0.835658
0.842171
0.860935
0.847298
0.845186
0.863186
0.849474
0.845326
0.8543
0.83655
0.891449
0.872172
0.863571
0.881424
0.832687
0.825146
0.874816
0.862165
0.821124
0.859639
0.853565
0.84519
0.820841
0.857587
0.859518
0.85608
0.878529
0.8636
0.842425
0.831928
0.852538
0.856873
0.870794
0.853994
0.882242
0.829741
0.840771
0.859645
0.844928
0.902587
0.859781
0.835136
0.8525
0.837348

