1
0.43304
0.284638
0.253155
0.201866
0.19653
0.202608
0.172197
0.16257
0.165603
0.158017
0.157974
0.151681
0.143481
0.149597
0.147528
0.150232
0.15292
0.147708
0.144153
0.149045
0.144605
0.137499
0.12338
0.132493
0.133992
0.138542
0.132837
0.129243
0.138201
0.119747
0.135079
0.133613
0.112622
0.122272
0.127462
0.116533
0.137151
0.125354
0.129931
0.130872
0.123947
0.122875
0.122562
0.131079
0.125201
0.134661
0.127646
0.131199
0.118964
0.126475
0.128598
0.129936
0.139364
0.135163
0.119947
0.136894
0.128868
0.130923
0.127726
0.126331
0.130408
0.127919
0.130554
0.13883
0.148357
0.133681
0.135015
0.133542
0.13205
0.138592
0.134605
0.145104
0.130046
0.150374
0.155456
0.13301
0.131149
0.127831
0.139127
0.130591
0.128334
0.143806
0.134556
0.129694
0.135112
0.141593
0.139795
0.147455
0.149137
0.143382
0.133166
0.143797
0.139647
0.143433
0.144641
0.139519
0.150944
0.160294
0.141721

