1
0.709855
0.563408
0.490894
0.399261
0.43152
0.401185
0.365471
0.377002
0.370366
0.390764
0.339942
0.357071
0.324459
0.345719
0.349633
0.335824
0.344506
0.329256
0.343627
0.310468
0.317322
0.289852
0.314445
0.314162
0.325629
0.329057
0.338506
0.321525
0.339478
0.355483
0.309699
0.310077
0.329004
0.298355
0.277688
0.268696
0.284911
0.295746
0.294077
0.293624
0.283328
0.296851
0.284462
0.301368
0.313288
0.2904
0.274115
0.266045
0.261411
0.258167
0.245795
0.272445
0.2691
0.271611
0.29999
0.28334
0.279011
0.290536
0.2591
0.27266
0.281355
0.313545
0.269232
0.298391
0.306902
0.287973
0.297562
0.30491
0.298502
0.3016
0.276387
0.308933
0.318521
0.285677
0.31157
0.267992
0.28603
0.288133
0.292019
0.272853
0.294475
0.294665
0.291052
0.281795
0.293919
0.300789
0.279689
0.286539
0.259823
0.28493
0.278119
0.270572
0.292638
0.30095
0.286534
0.292547
0.277621
0.298099
0.267589

