1
0.164135
0.151581
0.135696
0.154723
0.163284
0.173949
0.147609
0.133765
0.156859
0.153092
0.15227
0.155995
0.139722
0.151213
0.130224
0.16082
0.141467
0.138281
0.141452
0.140476
0.147808
0.12997
0.152683
0.145536
0.152583
0.141856
0.16362
0.155783
0.148524
0.13901
0.146796
0.136833
0.136897
0.140918
0.137479
0.131623
0.143986
0.144048
0.142969
0.143241
0.150639
0.148706
0.139187
0.135984
0.135322
0.157765
0.141796
0.136266
0.145467
0.164918
0.147675
0.15221
0.158352
0.140561
0.137222
0.149373
0.145332
0.147047
0.14498
0.155634
0.14971
0.149207
0.152522
0.139777
0.156664
0.156214
0.149197
0.15691
0.12017
0.139675
0.154979
0.150145
0.15018
0.135478
0.150474
0.147336
0.155338
0.153572
0.142334
0.162329
0.140297
0.150306
0.154107
0.152566
0.15338
0.149025
0.146478
0.170487
0.161946
0.146038
0.160636
0.148396
0.142559
0.149552
0.161549
0.144616
0.133226
0.137103
0.147478

