1
1
1
1
1
1
1
1
1
1
1
1
1
1
1
1
1
1
1
1
1
1
1
1
1
1
1
1
1
1
1
1
1
1
0.998156
0.989057
0.981848
0.974398
0.964166
0.942494
0.934982
0.929106
0.919853
0.909366
0.90386
0.900342
0.894754
0.892343
0.890266
0.883662
0.882888
0.871482
0.868889
0.865766
0.865007
0.862828
0.855413
0.853187
0.851214
0.849488
0.843269
0.83956
0.838
0.833138
0.831642
0.830159
0.829657
0.830159
0.829657
0.826217
0.822078
0.816388
0.812695
0.811531
0.804278
0.793992
0.792742
0.793992
0.790317
0.788146
0.786067
0.786067
0.779006
0.778607
0.777518
0.771678
0.768747
0.764464
0.763724
0.758482
0.758482
0.754643
0.75215
0.75215
0.751754
0.751754
0.748242
0.747417
0.746803
0.744037

