1
1
1
1
1
1
1
1
1
1
1
1
1
1
1
1
1
1
1
1
1
1
1
1
1
1
1
1
1
1
1
1
1
0.995241
0.984601
0.977829
0.968744
0.962614
0.953658
0.948841
0.933584
0.916166
0.908928
0.902366
0.897813
0.894782
0.891741
0.884065
0.876597
0.874261
0.872885
0.862826
0.861085
0.853383
0.840665
0.831666
0.829148
0.822807
0.820755
0.818226
0.816192
0.808823
0.808823
0.80961
0.808823
0.807408
0.807408
0.799393
0.798047
0.793681
0.790862
0.786905
0.782618
0.781038
0.777101
0.777101
0.775425
0.772627
0.772192
0.771771
0.770156
0.771234
0.771234
0.771771
0.772192
0.771771
0.770435
0.77249
0.771771
0.7665
0.762344
0.760805
0.760678
0.760678
0.750393
0.747819
0.747445
0.748636
0.750393
0.747819

