100
31.17
14.68
9.77466
7.60494
7.02462
5.946
4.54638
5.07177
4.60173
4.313
4.00027
4.01208
3.5673
3.085
2.89227
3.31385
3.23133
2.9535
2.60936
2.62658
3.22244
2.50599
2.28266
2.52414
2.38387
2.5345
2.51453
2.31117
2.00707
2.13667
2.40444
2.70772
2.30032
2.26436
2.19674
2.33645
2.38853
2.01223
1.98182
2.05557
2.15621
1.9975
1.92014
2.07257
2.01303
2.28468
2.06668
2.25587
2.44655
2.38017
1.96694
1.86528
1.81264
2.17911
1.96813
2.21909
2.15663
2.16747
2.00976
2.4116
2.44186
2.42757
2.79022
2.34096
2.54769
2.85995
2.59426
2.36582
2.28866
1.99845
2.07626
2.12273
1.88793
2.07867
2.22193
2.0968
2.0465
1.80693
2.0248
1.75673
1.72544
2.01732
2.22336
2.02587
2.05892
2.25842
2.29836
2.53279
2.18764
2.35091
2.3975
2.11142
2.04416
1.91544
2.13923
2.08266
2.14891
2.36192
2.49507

