100
80.8111
79.6186
85.1804
82.183
83.4914
79.5258
82.7773
85.6403
83.5861
79.423
83.1706
83.3603
82.6313
82.8554
82.2525
82.7202
82.4621
82.1356
81.6292
82.1394
84.0786
81.7687
85.2844
83.1175
87.4316
81.1708
83.4621
85.7694
82.1224
81.2323
84.1702
84.0579
82.6925
85.7024
85.9325
83.8885
84.8096
81.2117
84.999
83.0375
83.8291
80.9052
84.8091
81.0305
82.2084
83.436
82.3981
79.1935
82.2112
81.8842
85.8557
83.2046
81.2305
84.2956
82.3287
83.3013
81.8989
79.8542
81.9364
82.9174
80.6656
82.2205
83.1435
85.214
85.1472
79.756
80.3897
79.4611
80.8261
81.1161
78.932
84.5249
84.3503
81.7498
83.1684
82.3011
83.2649
88.0091
83.1921
83.4564
85.2788
79.3134
80.4689
80.8669
82.03
83.3165
84.4941
84.7893
83.9148
78.6306
81.5969
83.368
85.2527
84.1992
86.4989
84.0441
79.2401
84.3158
81.5314

