1
1
1
1
0.80072
0.661451
0.587018
0.531503
0.524444
0.482389
0.464236
0.457473
0.400668
0.400167
0.393816
0.38099
0.359372
0.350317
0.340934
0.34424
0.331172
0.323114
0.310527
0.299808
0.291314
0.291281
0.275647
0.275647
0.266862
0.257538
0.254842
0.259189
0.254309
0.24503
0.2431
0.251437
0.25561
0.25561
0.25561
0.251601
0.239644
0.24516
0.246602
0.236876
0.229464
0.226076
0.226861
0.23422
0.231888
0.225513
0.218395
0.221907
0.223963
0.234587
0.228313
0.22131
0.220113
0.225926
0.220113
0.219149
0.218783
0.221107
0.217985
0.218487
0.211196
0.209677
0.206884
0.193249
0.189744
0.196081
0.195992
0.198288
0.205155
0.21593
0.206063
0.205835
0.21104
0.220081
0.218246
0.218562
0.208155
0.201823
0.204845
0.208342
0.211834
0.209205
0.209643
0.223146
0.20371
0.201023
0.205787
0.210257
0.210898
0.210898
0.200912
0.202913
0.201129
0.203929
0.197305
0.193416

