1
1
1
1
0.817828
0.720004
0.606678
0.540349
0.485867
0.462564
0.442289
0.423084
0.406652
0.392803
0.377536
0.375892
0.380366
0.37364
0.37852
0.358465
0.339333
0.3301
0.316519
0.300763
0.302013
0.290553
0.290553
0.289236
0.267079
0.266923
0.273173
0.268606
0.258496
0.255001
0.244275
0.246232
0.242731
0.243158
0.245535
0.244416
0.239845
0.23231
0.220813
0.223867
0.226319
0.217693
0.20347
0.201411
0.212068
0.218567
0.213629
0.217207
0.211571
0.226565
0.219916
0.217706
0.209802
0.210729
0.216741
0.2191
0.215001
0.210527
0.206923
0.208269
0.203689
0.202607
0.197579
0.204422
0.203235
0.20362
0.213383
0.204594
0.20966
0.20966
0.209347
0.205172
0.198161
0.198092
0.204157
0.208767
0.202042
0.20181
0.20833
0.207484
0.209058
0.203803
0.206145
0.209394
0.20413
0.205075
0.201527
0.206145
0.205946
0.205946
0.204131
0.198241
0.199323
0.198554
0.197857
0.194198

