1
0.748506
0.678059
0.648343
0.615307
0.606546
0.587854
0.593076
0.568039
0.561418
0.582568
0.569152
0.561241
0.556623
0.564536
0.545757
0.551965
0.563979
0.575908
0.548796
0.563966
0.560348
0.567637
0.578418
0.569204
0.534886
0.566759
0.573993
0.5724
0.556808
0.56549
0.574725
0.574345
0.565558
0.577329
0.574285
0.582017
0.569264
0.573051
0.544234
0.548709
0.558284
0.545901
0.549472
0.550461
0.555078
0.568874
0.561499
0.565722
0.571768
0.556818
0.577068
0.566686
0.553463
0.569529
0.566278
0.551151
0.565651
0.572642
0.55598
0.548408
0.567923
0.559701
0.572934
0.540146
0.545908
0.563091
0.569923
0.580242
0.579031
0.551548
0.554473
0.558432
0.570636
0.56929
0.563109
0.581167
0.575319
0.570978
0.568812
0.575753
0.584071
0.57362
0.598852
0.589821
0.587174
0.585266
0.588858
0.582039
0.583298
0.586558
0.585792
0.587801
0.571592
0.571107
0.589754
0.582403
0.555685
0.5711
0.573311

