1
1
1
1
1
1
1
1
1
1
1
1
1
1
1
1
1
1
1
1
1
1
1
1
1
1
1
1
1
1
1
1
0.984742
0.961388
0.93455
0.883507
0.870792
0.865437
0.850047
0.838721
0.828331
0.808979
0.795785
0.781322
0.768384
0.752834
0.743364
0.726446
0.709344
0.700722
0.693476
0.679895
0.662148
0.646761
0.645795
0.643922
0.643598
0.642811
0.631949
0.629092
0.629092
0.6189
0.614825
0.607695
0.599314
0.581865
0.580892
0.57244
0.555771
0.554578
0.547901
0.528521
0.525506
0.519286
0.517358
0.506284
0.492898
0.492544
0.491271
0.480739
0.487585
0.480739
0.474307
0.471776
0.469099
0.46617
0.451905
0.443631
0.442948
0.441526
0.442948
0.441526
0.443631
0.443631
0.443631
0.442136
0.439833
0.438896
0.440448
0.438896

