1
0.230605
0.234974
0.245329
0.238149
0.284095
0.240514
0.240688
0.266673
0.267857
0.256492
0.238529
0.259128
0.281733
0.263736
0.258167
0.253635
0.282566
0.289789
0.276232
0.267926
0.284205
0.266803
0.258681
0.285131
0.291795
0.276157
0.289943
0.267353
0.268572
0.284419
0.275058
0.318834
0.286813
0.268865
0.264331
0.29146
0.285018
0.294432
0.259019
0.300149
0.298511
0.301657
0.284842
0.292265
0.265376
0.289386
0.274684
0.277683
0.287617
0.275842
0.29095
0.287015
0.278271
0.265795
0.297249
0.288
0.271807
0.298223
0.296675
0.275657
0.289665
0.283412
0.274857
0.299105
0.305783
0.288595
0.314224
0.263736
0.270149
0.284437
0.28462
0.281581
0.28754
0.32134
0.333637
0.272151
0.295204
0.257477
0.293325
0.282053
0.252462
0.324314
0.305231
0.297357
0.272209
0.278519
0.305605
0.293409
0.286088
0.288239
0.27591
0.297143
0.282318
0.336248
0.298689
0.328775
0.290011
0.304446
0.287351

