1
1
1
1
1
1
1
1
1
1
1
1
1
1
1
1
1
1
1
1
1
1
1
1
1
1
1
1
1
1
1
1
0.990684
0.972278
0.953407
0.941911
0.917076
0.903031
0.883381
0.87493
0.852093
0.83106
0.819751
0.802486
0.790676
0.789714
0.78026
0.769423
0.765308
0.769423
0.763596
0.749647
0.722268
0.718822
0.702318
0.698065
0.689366
0.669918
0.666135
0.655194
0.650684
0.635985
0.633135
0.619923
0.607636
0.589422
0.571957
0.567369
0.565255
0.546565
0.539299
0.532235
0.522349
0.516883
0.507004
0.492623
0.489811
0.47887
0.466095
0.462371
0.455303
0.455303
0.452407
0.448355
0.445358
0.447864
0.437484
0.435158
0.432955
0.42741
0.431786
0.436976
0.437985
0.432955
0.42741
0.425461
0.417269
0.416877
0.416877
0.420038

