100
65.5267
60.2009
51.2088
46.0389
42.4907
50.224
50.5537
43.5677
50.1661
49.7165
48.2405
51.8432
49.3451
47.9245
49.4371
43.3635
44.283
48.9122
46.4579
49.675
46.3904
49.0025
48.1147
45.2597
43.5661
44.8124
51.1834
45.9658
45.6424
45.7373
44.007
47.7766
47.1178
43.2477
45.7414
45.1155
47.542
41.8918
46.9691
45.2438
41.1047
43.5116
40.623
42.9218
50.3414
41.8108
43.6429
51
51.1968
55.9142
43.3421
44.1949
49.6396
48.172
49.9887
53.3588
52.0187
53.0355
46.3666
46.8698
49.6212
48.8232
49.4975
47.5345
44.9903
44.5376
48.6988
50.2162
49.1039
50.2057
48.1422
52.6818
49.231
48.1073
50.5703
44.8454
43.1533
51.3152
46.8366
47.9173
51.7256
43.0135
48.4653
46.6377
49.6981
43.2211
45.0141
46.2301
51.8863
48.8935
52.3782
44.3628
45.8276
44.6577
44.3182
41.9684
44.514
39.3303
48.1381

