100
12.2975
12.3024
13.4229
12.7062
12.9023
12.5154
12.659
12.2586
14.0278
13.3433
13.8975
13.4812
13.7429
14.215
12.6294
11.284
10.9063
13.6816
13.5165
13.1184
14.4566
12.9348
13.9106
13.6856
12.2737
12.7299
13.9386
11.8384
13.6393
13.5437
12.4191
13.1129
14.446
14.7584
13.1366
13.4956
13.061
13.5438
13.1827
13.9772
11.7814
13.14
13.1256
12.6843
12.7216
12.2471
13.6709
12.8317
11.7703
14.934
12.348
13.1733
12.2648
12.7904
13.2808
13.2505
12.4036
12.6428
12.7567
13.1535
13.3091
12.6786
13.2462
12.7497
13.4397
13.7366
15.1027
11.8158
12.5048
12.6508
12.8496
12.4578
13.7641
14.7217
13.3785
13.8956
13.3201
13.6533
11.9868
11.6923
14.3287
12.7003
13.8743
13.4416
12.6106
12.2855
13.1864
14.0252
12.3529
12.3021
13.5633
13.1752
12.278
12.6233
13.1799
13.5872
12.6202
14.7557
11.9365

