100
1.81984
1.88232
1.78746
1.76614
1.98826
1.92201
2.30898
2.28842
2.50051
2.56376
2.54576
2.25588
2.45185
2.73405
2.61625
2.59714
2.55426
2.9169
2.7673
2.63586
2.76498
2.77475
3.10339
3.10363
2.95017
3.1208
3.35233
3.24746
3.46134
3.36653
3.63572
3.24461
2.89098
3.8058
3.73146
4.15654
3.45706
3.58834
3.9316
4.27459
3.77491
3.82445
3.80406
3.57771
3.90221
4.46472
4.45308
3.95544
3.60763
4.64633
4.03078
4.68293
3.79054
3.97111
4.57477
3.95543
5.06757
4.90944
3.86195
4.49839
4.70973
4.10281
4.58166
4.94455
4.29313
4.91522
4.32881
4.97607
4.71781
5.12276
5.3814
4.59827
5.09035
4.95216
5.19044
4.95803
5.76248
5.92617
5.02394
5.05218
4.88304
5.16746
5.37129
6.14093
5.87881
5.37602
5.7679
5.0275
6.19144
5.03938
6.164
5.02532
6.7563
6.00905
5.35485
5.01388
6.34819
5.43036
5.87219

