1
1
1
1
1
1
1
1
1
1
1
1
1
1
1
1
1
1
1
1
1
1
1
1
1
1
1
1
1
1
1
1
1
1
0.988911
0.973987
0.953241
0.924157
0.895461
0.861852
0.847099
0.815631
0.812673
0.791265
0.784584
0.780164
0.763717
0.745687
0.735415
0.730148
0.723029
0.714816
0.691222
0.687308
0.676355
0.674599
0.672959
0.665393
0.660451
0.643473
0.636075
0.628746
0.625176
0.622783
0.619145
0.605695
0.595558
0.583157
0.576077
0.57239
0.571746
0.566329
0.552931
0.550196
0.548372
0.547441
0.538867
0.537454
0.534785
0.534785
0.530381
0.530381
0.528185
0.518232
0.510956
0.510956
0.505633
0.494163
0.494163
0.490188
0.487143
0.485246
0.48579
0.48294
0.480281
0.476096
0.473825
0.470641
0.464972
0.464972

