1
1
1
1
1
1
1
1
1
1
1
1
1
1
1
1
1
1
1
1
1
1
1
1
1
1
1
1
1
1
1
1
1
1
0.989114
0.987602
0.977344
0.965122
0.954999
0.952678
0.947046
0.93671
0.926202
0.918364
0.915257
0.912452
0.900405
0.893126
0.887672
0.877309
0.875649
0.85922
0.853856
0.853856
0.850422
0.848469
0.845463
0.839325
0.829971
0.827994
0.825896
0.825509
0.823693
0.823111
0.823693
0.822042
0.816342
0.818595
0.816342
0.808454
0.807938
0.804421
0.800194
0.798347
0.791016
0.789734
0.787202
0.785688
0.780407
0.778205
0.774313
0.771601
0.770294
0.770294
0.770294
0.768621
0.768621
0.768621
0.765119
0.763977
0.765119
0.764485
0.763817
0.764485
0.760193
0.757191
0.753772
0.751055
0.74919
0.74919

