1
0.606813
0.623138
0.613442
0.598633
0.6047
0.600999
0.621156
0.630069
0.599186
0.63413
0.629263
0.636352
0.617291
0.624348
0.607336
0.616001
0.590092
0.618685
0.649939
0.613457
0.633143
0.636608
0.632112
0.621096
0.638587
0.621167
0.62975
0.641206
0.622003
0.620385
0.624973
0.64342
0.638161
0.625009
0.633648
0.613079
0.650792
0.615639
0.634004
0.648463
0.634854
0.632555
0.615802
0.629611
0.632305
0.622902
0.631846
0.625796
0.627355
0.649355
0.644717
0.608039
0.632569
0.611311
0.657633
0.632307
0.630623
0.623514
0.63015
0.62147
0.632569
0.614648
0.64555
0.625908
0.635775
0.630292
0.63321
0.655149
0.634075
0.620655
0.654364
0.619291
0.634793
0.649509
0.634484
0.624809
0.619932
0.639911
0.613916
0.632153
0.644655
0.630634
0.641676
0.612095
0.633655
0.629493
0.640971
0.635925
0.632594
0.628559
0.634522
0.631164
0.636235
0.6212
0.633425
0.620786
0.623739
0.635946
0.621867

