1
0.132306
0.14811
0.178546
0.196308
0.183382
0.22217
0.224343
0.232261
0.263887
0.237275
0.256618
0.266955
0.238001
0.25691
0.250298
0.249975
0.265111
0.252006
0.276372
0.285137
0.278894
0.259748
0.263997
0.286407
0.286077
0.265265
0.297382
0.293792
0.254704
0.275215
0.276235
0.252166
0.269264
0.280826
0.265949
0.27833
0.28171
0.282229
0.282633
0.273707
0.291593
0.280559
0.272945
0.266786
0.286709
0.302014
0.284134
0.278347
0.279256
0.314704
0.294071
0.295599
0.277707
0.274052
0.289242
0.28538
0.293713
0.28641
0.301019
0.298264
0.250893
0.314166
0.270931
0.306118
0.298129
0.281014
0.31136
0.284499
0.256559
0.276354
0.279658
0.263971
0.305148
0.279467
0.300149
0.261708
0.297022
0.291563
0.275083
0.288725
0.291676
0.29979
0.267702
0.265926
0.280323
0.278425
0.28479
0.278692
0.298463
0.31064
0.289945
0.295727
0.306886
0.282881
0.29043
0.288742
0.28281
0.286231
0.317216

