1
0.573246
0.563009
0.546108
0.538326
0.544885
0.548043
0.55158
0.563305
0.555807
0.554815
0.538153
0.552499
0.543856
0.545969
0.561223
0.559854
0.548624
0.560704
0.544467
0.553942
0.572141
0.538968
0.554114
0.560229
0.569165
0.544793
0.552156
0.542151
0.557551
0.5643
0.564648
0.562882
0.557779
0.559171
0.530165
0.546156
0.566746
0.556515
0.532207
0.574552
0.569692
0.553098
0.556464
0.547967
0.564303
0.559644
0.554994
0.553441
0.580387
0.562603
0.524957
0.542947
0.559096
0.555817
0.551754
0.565497
0.557676
0.551654
0.534696
0.535429
0.540201
0.5633
0.545588
0.567128
0.577428
0.536068
0.57152
0.560697
0.553585
0.554791
0.549459
0.553075
0.557419
0.546392
0.55959
0.544521
0.53754
0.558599
0.558887
0.545622
0.547033
0.558766
0.537802
0.565314
0.538031
0.565772
0.551632
0.56311
0.554933
0.567858
0.569254
0.53795
0.560605
0.535532
0.553836
0.553146
0.529482
0.539744
0.561312

