1
1
1
1
1
0.951564
0.90397
0.824147
0.744996
0.692193
0.690387
0.673485
0.624633
0.614396
0.614576
0.619076
0.586329
0.567744
0.565943
0.528706
0.520064
0.518351
0.520048
0.495224
0.488456
0.480386
0.466299
0.501961
0.49457
0.479547
0.493158
0.493158
0.509111
0.468272
0.500155
0.498413
0.47767
0.432418
0.423743
0.439171
0.459251
0.441157
0.433335
0.445277
0.453799
0.43479
0.42398
0.431743
0.450549
0.451373
0.480067
0.458298
0.468704
0.440151
0.427751
0.405461
0.423083
0.385813
0.385813
0.384896
0.388151
0.382769
0.366582
0.357021
0.363098
0.367638
0.358168
0.365521
0.344972
0.371484
0.378064
0.372473
0.350258
0.364989
0.373814
0.377488
0.367572
0.372561
0.372125
0.367812
0.378624
0.390545
0.399275
0.382239
0.396983
0.380596
0.374744
0.375086
0.38316
0.383763
0.405432
0.390494
0.386842
0.39056
0.393876
0.390346
0.384535
0.379268
0.361102
0.353715

