1
0.732914
0.567205
0.493189
0.510534
0.488175
0.421108
0.463717
0.458802
0.4456
0.417467
0.405382
0.409608
0.405243
0.36414
0.313122
0.372406
0.387453
0.384611
0.363984
0.388795
0.406928
0.387227
0.386865
0.42389
0.404835
0.425831
0.43409
0.392942
0.381627
0.363571
0.351435
0.363314
0.37948
0.379978
0.374003
0.334263
0.391762
0.378294
0.388316
0.376851
0.418758
0.362604
0.38633
0.3736
0.365295
0.388798
0.361788
0.369093
0.335743
0.348046
0.399595
0.391793
0.378282
0.433911
0.398122
0.375054
0.385572
0.404398
0.375396
0.402098
0.350034
0.352965
0.343233
0.373444
0.360651
0.357305
0.361337
0.354828
0.361514
0.342487
0.389787
0.374225
0.351479
0.385261
0.383354
0.340997
0.338425
0.333774
0.351772
0.369612
0.371989
0.400125
0.37352
0.415395
0.432703
0.364685
0.394528
0.367264
0.331781
0.32885
0.326704
0.351404
0.353947
0.365924
0.398832
0.38839
0.376611
0.410936
0.385563

