1
0.19954
0.166091
0.201512
0.206581
0.189183
0.196544
0.192136
0.186915
0.201638
0.190051
0.186397
0.201022
0.196682
0.185524
0.202665
0.207769
0.182132
0.192563
0.185195
0.200601
0.20161
0.205612
0.209965
0.22193
0.194423
0.205221
0.19401
0.195377
0.206684
0.185616
0.197412
0.203383
0.200251
0.236695
0.22155
0.195021
0.210035
0.208569
0.197314
0.225468
0.209736
0.214787
0.237614
0.217509
0.212235
0.232016
0.253409
0.224349
0.251775
0.199617
0.209529
0.209264
0.218038
0.235939
0.217081
0.224493
0.22049
0.242468
0.20813
0.224534
0.23916
0.214288
0.240881
0.210204
0.232198
0.218574
0.253901
0.210078
0.25148
0.226606
0.20789
0.229071
0.235304
0.240435
0.235304
0.23564
0.22756
0.236169
0.204734
0.245811
0.241973
0.240711
0.254738
0.249935
0.250433
0.236227
0.213556
0.233321
0.233323
0.236227
0.226545
0.234524
0.240971
0.232353
0.217001
0.252958
0.24561
0.241869
0.208772

