1
1
1
1
0.959036
0.883442
0.834938
0.785932
0.767596
0.745842
0.739702
0.724929
0.723678
0.708399
0.70356
0.698614
0.695226
0.68888
0.68239
0.682713
0.68718
0.695226
0.687378
0.679755
0.679426
0.676486
0.676486
0.673842
0.671742
0.673186
0.673015
0.658947
0.654627
0.6354
0.632685
0.629275
0.635928
0.627348
0.6229
0.625889
0.621383
0.628446
0.62365
0.622919
0.623164
0.621383
0.616167
0.615631
0.615631
0.616167
0.615631
0.615917
0.61303
0.616475
0.616475
0.621439
0.618436
0.623836
0.622006
0.613335
0.613072
0.615529
0.626747
0.628208
0.628649
0.628713
0.628188
0.628756
0.631441
0.636451
0.637594
0.631176
0.628022
0.624253
0.619115
0.614048
0.621916
0.629532
0.628137
0.624806
0.617508
0.608439
0.611468
0.615168
0.617427
0.624137
0.624137
0.616592
0.62007
0.61958
0.621572
0.614064
0.614064
0.616642
0.612517
0.612517
0.628725
0.620364
0.615785
0.616103

