100
32.666
16.6783
9.84917
6.52781
4.78272
3.60143
2.8322
2.10234
1.72401
1.56945
1.46012
1.53799
1.37591
1.26685
1.17318
1.1137
1.12085
1.09283
1.10543
0.967494
0.928947
1.00346
0.869973
0.832964
0.716465
0.690947
0.697442
0.805385
0.627465
0.669884
0.687612
0.72884
0.695651
0.680438
0.722077
0.736347
0.689696
0.681118
0.789371
0.747756
0.723565
0.734839
0.890288
0.759731
0.759008
0.60352
0.573884
0.585869
0.632544
0.58899
0.582032
0.592305
0.610338
0.570885
0.580796
0.533896
0.550784
0.532388
0.610714
0.612427
0.56702
0.549599
0.618626
0.56369
0.613309
0.587802
0.52301
0.542567
0.54108
0.508558
0.509493
0.497376
0.483835
0.493505
0.45097
0.487887
0.462661
0.491145
0.493452
0.497271
0.505429
0.483118
0.497713
0.55939
0.525326
0.530498
0.553671
0.538498
0.562725
0.522021
0.532416
0.525779
0.54252
0.521404
0.5393
0.533566
0.513713
0.449265
0.470913

