1
0.940917
0.895819
0.852148
0.867447
0.890192
0.864529
0.825478
0.838738
0.840313
0.846353
0.799506
0.849018
0.853085
0.860229
0.845782
0.825863
0.805936
0.84936
0.849151
0.854581
0.812414
0.833446
0.838947
0.847169
0.827819
0.817522
0.824182
0.837636
0.78446
0.821178
0.819238
0.843482
0.810275
0.782793
0.824012
0.840208
0.837095
0.798566
0.8329
0.806663
0.797884
0.832623
0.806791
0.860864
0.832532
0.814498
0.796181
0.829155
0.808302
0.803818
0.79958
0.790068
0.845238
0.819394
0.798848
0.84619
0.824248
0.835544
0.818466
0.847827
0.826428
0.861054
0.839999
0.839185
0.854702
0.833899
0.816523
0.827493
0.798944
0.852254
0.814215
0.813717
0.811264
0.835055
0.807285
0.835819
0.812448
0.830086
0.811975
0.82374
0.815284
0.809385
0.811476
0.841114
0.843661
0.863359
0.862269
0.885688
0.855532
0.823926
0.837848
0.859434
0.835357
0.813676
0.79936
0.852922
0.823768
0.852903
0.824952

