1
1
1
1
1
1
1
1
1
1
1
1
1
1
1
1
1
1
1
1
1
1
1
1
1
1
1
1
1
1
1
0.990154
0.941342
0.924988
0.920899
0.902399
0.888116
0.866713
0.85327
0.837409
0.814418
0.796025
0.796025
0.774407
0.746626
0.739736
0.730256
0.724874
0.71378
0.712709
0.701079
0.674446
0.643224
0.63889
0.640867
0.63889
0.638146
0.632059
0.628387
0.632059
0.620341
0.614796
0.6094
0.605237
0.592546
0.570142
0.562724
0.562724
0.564553
0.54655
0.53615
0.531267
0.526337
0.520086
0.522031
0.522031
0.520086
0.514603
0.511736
0.508313
0.50788
0.503179
0.503939
0.501826
0.501826
0.501826
0.498691
0.490942
0.486502
0.47754
0.469326
0.469326
0.468049
0.461434
0.461172
0.460872
0.448855
0.450248
0.444323
0.446733

