1
1
1
1
1
1
1
1
1
1
1
1
1
1
1
1
1
1
1
1
1
1
1
1
1
1
1
1
1
1
1
1
1
1
1
1
1
1
1
1
1
1
1
1
1
1
0.990082
0.973441
0.95756
0.95756
0.952173
0.938932
0.938932
0.927161
0.919529
0.925965
0.935104
0.937596
0.91758
0.911443
0.886456
0.886456
0.891688
0.890014
0.881773
0.881773
0.882731
0.876313
0.876313
0.873252
0.867368
0.867343
0.867343
0.854175
0.864523
0.83521
0.833086
0.827739
0.811484
0.811484
0.796161
0.79174
0.787971
0.787971
0.786649
0.783187
0.777161
0.774865
0.772876
0.772876
0.772876
0.781745
0.763615
0.74789
0.743847
0.74789
0.755089
0.740134
0.732092
0.724971

