100
67.8064
58.3206
48.6257
44.5227
40.8153
39.0948
36.0551
35.7526
33.4779
31.6399
32.343
29.9197
29.846
27.8954
27.2387
26.7895
25.2117
25.5756
24.5685
26.2271
25.7928
24.7517
24.4839
25.9107
25.0135
25.5899
25.172
26.8076
25.5579
26.4151
26.4763
26.1808
26.228
26.9393
25.0222
23.2115
24.9273
24.674
23.6787
23.627
24.08
23.8058
23.1856
24.6478
25.2374
25.6601
25.8492
25.0104
25.1519
26.3279
26.3064
25.8267
25.1065
25.6263
26.1228
25.6818
26.742
26.9467
24.713
25.8979
25.9223
26.2833
26.0949
26.5814
25.7861
25.9279
25.8519
26.3269
26.8301
26.7615
26.2998
26.177
26.6198
25.804
26.1715
25.464
25.4127
25.8523
24.7623
24.7114
24.8592
24.8977
23.862
24.9425
24.7912
24.3727
24.045
24.9916
25.0248
25.7532
26.036
26.5069
24.9526
25.6225
26.1281
25.3366
24.7225
25.1972
26.0755

