1
0.429834
0.23603
0.175078
0.150987
0.144192
0.12184
0.122026
0.112691
0.104563
0.0971969
0.0991735
0.100385
0.0920586
0.0920331
0.0859066
0.0899851
0.0846665
0.0826587
0.0818396
0.089007
0.0842362
0.079754
0.0795554
0.079778
0.0829884
0.0839514
0.0760154
0.0714742
0.0762268
0.0716154
0.0693903
0.0691477
0.0708538
0.0759724
0.0776992
0.0719147
0.0653316
0.0716785
0.0674947
0.0697404
0.0715229
0.0723867
0.0824114
0.0771658
0.0741143
0.069339
0.0756628
0.0689929
0.0721289
0.0716179
0.0660438
0.0616609
0.0657503
0.0696729
0.0663172
0.0685698
0.0702486
0.0645293
0.0661238
0.0706108
0.0677527
0.0679584
0.0698978
0.0627194
0.0719859
0.0753713
0.069355
0.0710723
0.0700957
0.0701919
0.0698489
0.0662282
0.0687599
0.0616062
0.0656781
0.0677672
0.0658335
0.0668514
0.0693067
0.0689267
0.066497
0.0681834
0.0698591
0.0734279
0.060988
0.0648046
0.0596316
0.0628252
0.0643964
0.0641832
0.0609354
0.0672264
0.0684738
0.0616974
0.0582732
0.0667492
0.0624758
0.0585837
0.0608944

