1.00016
0.774521
0.725683
0.767663
0.734304
0.700741
0.752198
0.727621
0.735529
0.746553
0.742801
0.775646
0.762494
0.762661
0.765197
0.769939
0.753515
0.751552
0.756507
0.755109
0.756622
0.742597
0.698154
0.721658
0.768377
0.7259
0.70202
0.75611
0.733912
0.730465
0.753464
0.706793
0.769591
0.725463
0.757443
0.774395
0.711896
0.72367
0.743504
0.699311
0.709111
0.714085
0.744848
0.77471
0.725677
0.745031
0.761982
0.799429
0.7551
0.720077
0.704188
0.714608
0.763051
0.718763
0.745162
0.80728
0.766313
0.728511
0.740924
0.753715
0.780541
0.746536
0.738899
0.756714
0.760413
0.73587
0.762483
0.726938
0.790903
0.753353
0.735747
0.764802
0.775374
0.729313
0.734227
0.714379
0.757825
0.72079
0.76783
0.761892
0.790604
0.715489
0.733438
0.68871
0.767532
0.777553
0.758362
0.766306
0.761945
0.733197
0.783783
0.740886
0.712923
0.754415
0.761246
0.753788
0.743229
0.766289
0.729936
0.70765

