1
0.755909
0.660249
0.638012
0.615269
0.610565
0.622275
0.605659
0.59129
0.583071
0.578227
0.570986
0.587422
0.563673
0.553098
0.575412
0.560633
0.549661
0.552035
0.561776
0.543405
0.566986
0.584701
0.569344
0.578396
0.554063
0.557343
0.558538
0.53467
0.553541
0.564539
0.55616
0.561186
0.554984
0.562226
0.572755
0.560452
0.56531
0.554874
0.561613
0.564756
0.56548
0.561401
0.57338
0.571957
0.546138
0.549512
0.530614
0.547778
0.520875
0.526728
0.543268
0.562263
0.547201
0.531296
0.546289
0.560585
0.561006
0.551375
0.545791
0.56741
0.546902
0.547967
0.54611
0.554175
0.543303
0.545004
0.553765
0.545687
0.537386
0.545356
0.545639
0.561567
0.564029
0.551238
0.55915
0.552204
0.554802
0.553018
0.555295
0.532535
0.54999
0.55935
0.557171
0.547467
0.550773
0.554649
0.550646
0.561973
0.551827
0.55172
0.541988
0.555432
0.561099
0.56399
0.543132
0.565948
0.548997
0.56695
0.547659

