1
0.753862
0.616498
0.591131
0.624222
0.609681
0.589
0.597976
0.665483
0.579041
0.562676
0.582562
0.525849
0.603354
0.60623
0.680018
0.654858
0.579737
0.687993
0.631654
0.635552
0.705058
0.598234
0.590855
0.601835
0.599599
0.585478
0.598246
0.560786
0.55387
0.640819
0.62772
0.64592
0.592706
0.660592
0.599114
0.625377
0.652782
0.617538
0.591876
0.61765
0.604195
0.58651
0.65687
0.666931
0.616199
0.608157
0.620425
0.582181
0.591182
0.531327
0.545729
0.573699
0.575082
0.616192
0.56674
0.638697
0.62979
0.608946
0.591378
0.559759
0.600306
0.596375
0.556258
0.544309
0.613846
0.606851
0.61298
0.634595
0.602823
0.526031
0.595592
0.647234
0.65347
0.625336
0.597944
0.541904
0.556315
0.602183
0.627267
0.551868
0.597519
0.568458
0.56176
0.564164
0.583307
0.54116
0.548966
0.638879
0.60762
0.613177
0.597292
0.626658
0.569539
0.645561
0.603191
0.624192
0.60984
0.596289
0.612995

