1
0.873928
0.868514
0.876697
0.874844
0.879796
0.897437
0.901138
0.858712
0.89717
0.909376
0.855501
0.865603
0.867352
0.875873
0.878138
0.842221
0.905267
0.839281
0.893183
0.896453
0.889753
0.861521
0.875631
0.896297
0.887098
0.891316
0.887053
0.905093
0.872383
0.875769
0.889353
0.922384
0.881467
0.908379
0.901481
0.88577
0.87074
0.861756
0.9074
0.853245
0.893882
0.899964
0.896081
0.896485
0.902715
0.919717
0.873507
0.917542
0.878808
0.875793
0.852601
0.880485
0.843619
0.902932
0.888591
0.886035
0.861915
0.895175
0.883275
0.879053
0.895889
0.901512
0.875159
0.894408
0.865666
0.897535
0.868564
0.881324
0.883084
0.885242
0.886198
0.919394
0.875117
0.860816
0.844806
0.897346
0.862835
0.852987
0.901675
0.866289
0.870912
0.884864
0.835676
0.874487
0.897829
0.883429
0.92625
0.864144
0.87754
0.890287
0.894588
0.873498
0.903341
0.874868
0.921246
0.889544
0.901407
0.858111
0.845881

