1
1
1
1
0.944205
0.865738
0.833459
0.808991
0.785488
0.765548
0.73556
0.723123
0.708997
0.717008
0.708997
0.701075
0.694859
0.67093
0.666734
0.676649
0.670651
0.668257
0.665186
0.665721
0.660537
0.657421
0.6471
0.656251
0.658917
0.650432
0.651647
0.646324
0.639911
0.645862
0.646324
0.647145
0.644934
0.633974
0.633262
0.623339
0.61024
0.612457
0.617819
0.618919
0.623681
0.625015
0.620965
0.609839
0.611878
0.619721
0.623344
0.617571
0.616531
0.615927
0.616531
0.615927
0.617571
0.624273
0.618128
0.607489
0.605557
0.600385
0.595017
0.590137
0.585607
0.586943
0.587426
0.590331
0.586347
0.585457
0.587366
0.587019
0.591628
0.604557
0.607352
0.608194
0.601252
0.611579
0.612355
0.612985
0.609464
0.602425
0.604933
0.599008
0.603812
0.605483
0.604649
0.605018
0.603071
0.603918
0.605889
0.608017
0.614383
0.617199
0.615374
0.610288
0.612513
0.613772
0.612977
0.611978

