1
1
1
1
1
1
1
1
1
1
1
1
1
1
1
1
1
1
1
1
1
1
1
1
1
1
1
1
1
1
1
1
1
1
1
0.989492
0.980222
0.97067
0.965021
0.947385
0.93342
0.925194
0.917594
0.917055
0.909714
0.900954
0.899887
0.897691
0.896221
0.893671
0.881809
0.86814
0.866086
0.865494
0.857073
0.850384
0.850384
0.846441
0.838602
0.835234
0.825771
0.824488
0.822733
0.81987
0.816709
0.816239
0.816239
0.816239
0.811182
0.803657
0.806888
0.800276
0.798814
0.796743
0.797814
0.798814
0.796743
0.794572
0.79061
0.783111
0.776715
0.776715
0.779118
0.776715
0.770826
0.771952
0.773911
0.770826
0.770826
0.76951
0.770222
0.76951
0.76951
0.758969
0.757472
0.758969
0.758969
0.75778
0.756294
0.756294

