100
64.5995
51.6365
45.895
44.8861
43.9325
38.8226
38.4018
41.0881
37.2983
35.9157
35.1687
33.6417
31.3213
30.012
27.4618
23.6564
24.3688
25.1808
25.5075
24.1655
24.5483
23.945
25.36
21.5684
22.4116
18.6428
19.7542
17.5433
18.1787
18.1787
17.1688
17.5422
16.1929
14.6897
15.0178
14.7769
12.5794
11.2824
11.7622
13.8038
14.7325
14.3243
15.5715
17.1388
15.6023
14.9926
15.7239
18.8234
18.5683
18.385
18.0594
15.2158
16.3717
18.496
15.7113
15.0727
15.9888
15.7437
15.3165
15.8031
17.605
17.7319
17.3754
16.2814
17.1082
15.7144
15.9195
14.5397
13.6964
15.2945
14.4017
13.0583
12.7729
12.5671
13.561
13.0076
13.1218
13.1989
10.9524
10.9383
10.9524
10.8902
11.8146
10.8723
10.1093
10.734
11.2349
12.4777
11.9941
11.7361
11.889
12.076
10.8565
13.3052
12.6759
11.943
13.5306
12.8914
10.4446

