1
0.895098
0.930122
0.887789
0.908748
0.919852
0.900305
0.848595
0.922514
0.886367
0.909519
0.919074
0.889805
0.889257
0.918112
0.887072
0.904893
0.890836
0.908199
0.925839
0.881178
0.910721
0.908591
0.85927
0.874084
0.891356
0.899824
0.916507
0.922748
0.947401
0.899126
0.881331
0.894451
0.913559
0.908149
0.897772
0.932019
0.902164
0.913419
0.895274
0.895635
0.872901
0.874182
0.902169
0.911721
0.875222
0.887694
0.902677
0.90171
0.917108
0.87963
0.911187
0.915049
0.886006
0.883254
0.895199
0.891082
0.897162
0.908595
0.887444
0.892712
0.906947
0.903937
0.903404
0.872445
0.886731
0.918319
0.90576
0.905276
0.876847
0.898965
0.908593
0.880575
0.888926
0.906268
0.890639
0.909233
0.897891
0.889723
0.897849
0.920457
0.888424
0.914967
0.89044
0.911553
0.908585
0.921327
0.907158
0.882778
0.903116
0.906821
0.913715
0.921756
0.898784
0.875357
0.912778
0.908882
0.91441
0.890911
0.913023

