1
0.450211
0.321526
0.256794
0.221044
0.225747
0.206678
0.217845
0.201324
0.179989
0.182341
0.203259
0.202244
0.213429
0.211456
0.186033
0.178608
0.178081
0.196681
0.204543
0.197413
0.199282
0.179885
0.204895
0.201897
0.172538
0.171499
0.197717
0.212366
0.208251
0.176636
0.166694
0.186423
0.202606
0.19332
0.201657
0.215872
0.207542
0.199999
0.191182
0.192953
0.200081
0.187158
0.192957
0.219586
0.207688
0.214492
0.191902
0.186443
0.209717
0.208696
0.197834
0.193275
0.200599
0.200331
0.204602
0.205029
0.197784
0.205879
0.201182
0.209754
0.204688
0.220077
0.213523
0.203649
0.196839
0.201172
0.198172
0.183836
0.186361
0.20981
0.195017
0.18912
0.193431
0.188416
0.195368
0.204155
0.187937
0.202482
0.203656
0.215787
0.209962
0.201906
0.212309
0.202045
0.23706
0.227295
0.203149
0.189417
0.203469
0.214225
0.226854
0.207125
0.19294
0.194125
0.209076
0.208878
0.199582
0.220305
0.207492

