1
1
1
1
0.852335
0.723952
0.642517
0.578944
0.552264
0.51931
0.47002
0.459149
0.417917
0.404535
0.383607
0.361903
0.347975
0.342799
0.318366
0.309263
0.303093
0.292144
0.275249
0.264743
0.263449
0.262375
0.256271
0.243901
0.239641
0.243717
0.240397
0.242256
0.219277
0.217862
0.215609
0.22817
0.219965
0.219768
0.211997
0.206639
0.206639
0.205678
0.206639
0.209239
0.20259
0.196072
0.198991
0.198769
0.191633
0.187086
0.185042
0.18372
0.184591
0.189325
0.189325
0.185387
0.181613
0.183917
0.184823
0.191015
0.196989
0.19422
0.179683
0.176482
0.171826
0.159026
0.159085
0.158581
0.169649
0.171073
0.171817
0.172542
0.171817
0.167379
0.165554
0.167818
0.16259
0.16259
0.15931
0.154873
0.152551
0.155514
0.16247
0.160335
0.15723
0.1616
0.155692
0.155286
0.162475
0.165899
0.16466
0.158974
0.160397
0.162537
0.163912
0.152005
0.159213
0.16047
0.156996
0.156996

