1
0.601551
0.623778
0.60392
0.619848
0.62155
0.601793
0.623699
0.626308
0.622417
0.602838
0.616039
0.61677
0.607287
0.618262
0.62262
0.569548
0.598704
0.614089
0.62656
0.614939
0.607508
0.627551
0.627832
0.622269
0.599541
0.626134
0.627912
0.593564
0.61649
0.632602
0.62571
0.631712
0.608047
0.588063
0.609532
0.648529
0.619749
0.620762
0.589226
0.619075
0.634088
0.604014
0.633149
0.593992
0.637869
0.620632
0.607928
0.606755
0.603053
0.607892
0.608569
0.619112
0.611013
0.615154
0.614816
0.635383
0.62202
0.63043
0.613556
0.613976
0.603661
0.623311
0.644413
0.630596
0.632924
0.620077
0.630642
0.639961
0.615861
0.617393
0.621754
0.626242
0.611059
0.617333
0.616754
0.619916
0.626729
0.656971
0.619183
0.593814
0.611045
0.631083
0.629774
0.617896
0.614583
0.630051
0.629091
0.603369
0.628645
0.605493
0.616408
0.620238
0.611092
0.627869
0.619665
0.617562
0.595429
0.61821
0.629817

