1
0.192735
0.214379
0.184177
0.201347
0.201944
0.21282
0.204927
0.21685
0.223116
0.239858
0.206404
0.207651
0.20636
0.222215
0.21452
0.229019
0.212714
0.235669
0.220822
0.242126
0.247385
0.215313
0.210373
0.201017
0.218108
0.238899
0.239661
0.243208
0.233148
0.235764
0.227747
0.214607
0.234933
0.242614
0.251674
0.233642
0.231713
0.233874
0.249431
0.23099
0.249065
0.250172
0.232545
0.232888
0.211183
0.216863
0.243166
0.250351
0.226492
0.233201
0.211824
0.230222
0.243405
0.237925
0.239539
0.239099
0.271535
0.270237
0.234274
0.256128
0.256974
0.259505
0.250008
0.263849
0.241161
0.264412
0.240613
0.269986
0.258888
0.269117
0.260598
0.262022
0.268892
0.269922
0.247252
0.279755
0.249385
0.255766
0.253133
0.251992
0.244836
0.246626
0.259923
0.261986
0.273568
0.258863
0.280253
0.264191
0.275002
0.263379
0.240043
0.247762
0.245386
0.269227
0.272839
0.273749
0.24818
0.272494
0.238659

