1
0.434074
0.263093
0.233271
0.212061
0.176061
0.174146
0.174839
0.155035
0.160669
0.160076
0.18677
0.149954
0.161679
0.144252
0.136703
0.144039
0.162897
0.143169
0.144024
0.146283
0.147924
0.148141
0.141558
0.126285
0.125272
0.129676
0.134144
0.124251
0.124282
0.139201
0.136383
0.128902
0.129191
0.121143
0.120231
0.132806
0.13586
0.126472
0.126512
0.128194
0.121742
0.127513
0.129552
0.120991
0.120326
0.12568
0.119675
0.108304
0.108261
0.118837
0.126373
0.122375
0.104101
0.132945
0.134699
0.138095
0.12016
0.118541
0.122851
0.12279
0.119829
0.123315
0.117515
0.121557
0.126252
0.120093
0.129366
0.130423
0.12356
0.126134
0.121043
0.109835
0.103894
0.121925
0.121698
0.123733
0.111205
0.119829
0.123007
0.111719
0.119698
0.120948
0.115262
0.112313
0.106549
0.113899
0.115354
0.112076
0.123484
0.114028
0.119465
0.113317
0.105055
0.116966
0.129316
0.129313
0.111178
0.105824
0.11086

