1
1
1
1
1
1
1
1
1
1
1
1
1
1
1
1
1
1
1
1
1
1
1
1
1
1
1
1
1
1
1
0.99406
0.971477
0.966364
0.934309
0.919908
0.909652
0.871596
0.863871
0.848478
0.831347
0.81628
0.806049
0.759182
0.749313
0.740766
0.723707
0.716905
0.701936
0.689404
0.684603
0.677195
0.67291
0.667235
0.64623
0.643151
0.618083
0.612406
0.596119
0.579406
0.570409
0.570164
0.564436
0.555909
0.55333
0.530197
0.527889
0.524594
0.521637
0.514016
0.514016
0.509751
0.496315
0.496027
0.477852
0.483612
0.492127
0.475473
0.483127
0.492127
0.493943
0.489678
0.475473
0.473071
0.473071
0.462733
0.447815
0.445546
0.444321
0.441982
0.438712
0.436767
0.432327
0.429783
0.423874
0.419315
0.413067
0.407779
0.413067
0.408546

