1
1
1
1
0.93861
0.88768
0.8306
0.799503
0.779845
0.76389
0.746741
0.742876
0.73828
0.722177
0.710476
0.695086
0.684913
0.682155
0.680563
0.667928
0.672739
0.666187
0.649147
0.644048
0.641047
0.641047
0.641786
0.632964
0.628126
0.626722
0.626941
0.636411
0.62137
0.631794
0.634205
0.625942
0.624397
0.617309
0.62129
0.609718
0.613405
0.610851
0.60655
0.598934
0.604361
0.606141
0.607451
0.600263
0.598832
0.600422
0.603688
0.601993
0.593378
0.594061
0.59369
0.59662
0.592325
0.585694
0.586601
0.591064
0.576961
0.572614
0.576961
0.578709
0.572239
0.57132
0.564651
0.56427
0.566658
0.569504
0.576848
0.578861
0.586967
0.58177
0.578793
0.576882
0.57209
0.568861
0.574914
0.575179
0.576738
0.576738
0.575543
0.579685
0.572568
0.572667
0.565499
0.572254
0.572961
0.574573
0.584663
0.58156
0.578235
0.574921
0.572608
0.573067
0.57156
0.574573
0.582187
0.58363

