1
0.434313
0.265876
0.210962
0.19652
0.194408
0.166569
0.164429
0.148426
0.128152
0.133325
0.127443
0.122663
0.129105
0.123334
0.114711
0.108613
0.114018
0.107931
0.0973266
0.11131
0.109748
0.112286
0.0967066
0.0911745
0.101917
0.10294
0.0990802
0.0976021
0.0965647
0.102193
0.0952869
0.0973695
0.0942822
0.0980814
0.107352
0.100448
0.100119
0.0952948
0.10394
0.102828
0.0931139
0.0936287
0.105453
0.0943837
0.10446
0.103833
0.0971574
0.0995293
0.0981578
0.0880877
0.0860534
0.0776283
0.0876312
0.0864994
0.0864585
0.0948773
0.0903448
0.0921588
0.0819146
0.0828323
0.0820404
0.0779382
0.08688
0.0910442
0.0890441
0.0849113
0.0927371
0.092794
0.080821
0.0871944
0.0829346
0.081814
0.0848792
0.0808821
0.0790564
0.0868588
0.0861261
0.086934
0.0859518
0.0866622
0.082608
0.0893021
0.0824859
0.0776489
0.0726773
0.0804071
0.0814416
0.0926907
0.0798693
0.0833892
0.0916624
0.0921847
0.0886057
0.0865982
0.0875603
0.0785005
0.075888
0.083546
0.0808197

