100
33.276
16.5688
11.1248
7.04005
5.58284
3.8772
2.62513
2.49605
1.93909
1.47918
1.26117
1.10937
0.983085
0.917405
0.743223
0.848776
0.829919
0.760867
0.705813
0.705715
0.639736
0.662781
0.650942
0.70162
0.708513
0.673093
0.649373
0.719847
0.588237
0.610394
0.525996
0.586966
0.610292
0.573208
0.61346
0.610185
0.627962
0.530251
0.560901
0.624597
0.576258
0.579471
0.594811
0.576751
0.56751
0.548305
0.54237
0.530214
0.476944
0.550559
0.558829
0.582131
0.508213
0.516821
0.52065
0.580009
0.610814
0.632808
0.613437
0.58825
0.548522
0.572161
0.607198
0.547178
0.540603
0.576879
0.596884
0.58096
0.590952
0.538947
0.694494
0.569039
0.520244
0.513788
0.55504
0.538306
0.541524
0.555687
0.606226
0.684388
0.632989
0.63077
0.551631
0.556216
0.557166
0.570268
0.516833
0.497309
0.530506
0.511264
0.510119
0.546907
0.600092
0.575554
0.539838
0.566089
0.545185
0.606983
0.578033

