1
0.750776
0.699413
0.641795
0.641471
0.631908
0.606679
0.623061
0.623841
0.632406
0.608074
0.604688
0.610239
0.622279
0.625805
0.622001
0.6304
0.640308
0.637728
0.614116
0.622609
0.631974
0.620522
0.604466
0.596325
0.608398
0.616147
0.597976
0.61346
0.593461
0.616765
0.604473
0.607474
0.611414
0.600668
0.61981
0.638345
0.626627
0.604906
0.624319
0.61572
0.603754
0.631372
0.609322
0.620102
0.612717
0.617497
0.624608
0.598982
0.592344
0.610576
0.623453
0.600879
0.57655
0.600389
0.606231
0.612615
0.61982
0.600675
0.597937
0.606014
0.600476
0.609402
0.595343
0.609727
0.599827
0.614531
0.621395
0.636855
0.620339
0.596372
0.604035
0.594299
0.619947
0.612803
0.606413
0.64346
0.619414
0.618678
0.628927
0.597662
0.619793
0.62218
0.619635
0.623055
0.599208
0.60643
0.614248
0.615232
0.618139
0.620195
0.61394
0.595077
0.609812
0.633462
0.598717
0.599755
0.596274
0.609662
0.612069

