1
0.210914
0.202386
0.186209
0.189054
0.198421
0.199716
0.195461
0.185677
0.197152
0.176611
0.212052
0.192395
0.197345
0.180873
0.186316
0.209006
0.181165
0.194184
0.189278
0.206131
0.17753
0.200219
0.179064
0.188243
0.17932
0.205929
0.186975
0.213045
0.176293
0.196887
0.184591
0.212013
0.188218
0.179895
0.1811
0.198365
0.208457
0.187579
0.176872
0.195132
0.198337
0.178383
0.213832
0.185481
0.207555
0.201633
0.202882
0.189496
0.194875
0.223744
0.191069
0.189039
0.188745
0.182197
0.186892
0.177736
0.184845
0.216281
0.199388
0.184981
0.192537
0.206509
0.204378
0.200381
0.186848
0.182937
0.179048
0.168711
0.189224
0.206193
0.195271
0.210152
0.181391
0.187614
0.174488
0.173353
0.192368
0.188252
0.2052
0.183499
0.189354
0.211313
0.178833
0.218028
0.190766
0.197284
0.179078
0.208284
0.20081
0.187126
0.174423
0.199188
0.190548
0.199336
0.184906
0.194275
0.183705
0.176771
0.183049

