1
1
1
1
0.92553
0.878382
0.8484
0.812164
0.779195
0.762948
0.748516
0.729559
0.717128
0.705137
0.699785
0.694599
0.689714
0.682274
0.662145
0.675675
0.676623
0.661531
0.660349
0.658895
0.655258
0.653723
0.64558
0.653131
0.642809
0.643489
0.634009
0.635319
0.633707
0.621088
0.622167
0.621599
0.619689
0.621088
0.627735
0.622878
0.621579
0.624778
0.624778
0.618667
0.61858
0.632921
0.631109
0.624037
0.61944
0.609244
0.609387
0.605721
0.594965
0.587156
0.586348
0.591982
0.581464
0.585301
0.578655
0.583338
0.583106
0.583207
0.574009
0.571861
0.570879
0.570879
0.566068
0.55678
0.560926
0.564115
0.565123
0.581473
0.581589
0.587599
0.588435
0.590015
0.592758
0.587237
0.587237
0.588435
0.583973
0.583918
0.583973
0.583614
0.583524
0.58521
0.584175
0.584175
0.584175
0.581833
0.573281
0.571302
0.580678
0.584085
0.584485
0.580716
0.579533
0.583115
0.588244
0.588244

