100
67.4726
55.6826
47.9536
43.9033
40.8669
37.8604
35.973
35.604
34.1854
32.4416
30.8638
30.4535
31.1041
30.5341
31.0351
28.2384
28.3809
28.1456
28.5917
27.5154
27.646
28.425
28.0039
27.1252
27.9713
26.7586
28.2563
29.0652
27.621
29.407
29.1408
28.9875
28.9435
28.8097
28.9689
28.7783
28.6714
29.0075
28.7441
29.146
28.6638
27.9999
29.3755
29.9551
29.999
30.7488
31.242
31.6738
29.641
31.0009
30.9759
30.7466
29.9098
29.9876
30.0116
29.1297
30.3303
30.524
29.3829
31.1222
31.9803
31.9694
33.0705
31.4082
32.9843
34.4454
33.9541
32.3456
32.1336
32.2106
32.5294
33.0247
32.68
33.2124
33.3992
32.7881
32.9312
33.6457
33.6708
33.9732
33.5752
34.298
34.4788
34.5207
34.4586
35.8527
35.6516
35.2643
35.0844
35.7244
34.5511
35.2481
34.2461
35.3121
37.2468
35.0914
36.5908
36.7338
36.2161

