1
1
1
1
1
1
1
1
1
1
1
1
1
1
1
1
1
1
1
1
1
1
1
1
1
1
1
1
1
1
1
1
1
0.990015
0.969244
0.947773
0.94344
0.934835
0.915302
0.901204
0.886918
0.86753
0.839084
0.827115
0.81814
0.792087
0.783278
0.766154
0.757994
0.757994
0.747169
0.744369
0.741557
0.719366
0.704535
0.693088
0.672376
0.666298
0.6467
0.636438
0.634924
0.634924
0.631996
0.625292
0.612324
0.609083
0.597875
0.588762
0.577722
0.575742
0.564504
0.558188
0.550255
0.550255
0.536642
0.531664
0.526438
0.520941
0.516461
0.50752
0.505381
0.501406
0.491951
0.496604
0.489628
0.479954
0.479005
0.477398
0.469055
0.469055
0.466046
0.470513
0.466046
0.469055
0.46102
0.451227
0.463688
0.463688
0.463688
0.454754

