100
5.59657
5.19234
5.24934
4.98265
5.49415
5.7711
5.84046
5.24292
5.37268
5.45626
6.42275
6.31159
6.32623
6.08484
6.13282
6.00272
6.81561
6.21055
6.75269
6.5439
6.49095
7.0433
7.1935
7.04326
7.10054
7.09923
6.86244
7.58316
7.18212
7.10883
7.43721
8.00502
7.6948
8.05908
8.41961
7.71746
8.33269
8.53964
8.67429
8.86508
8.54328
8.43508
8.56361
9.19361
9.31012
9.92936
9.37511
8.8206
9.32939
8.75864
10.0088
9.85439
9.88347
9.75871
10.0514
9.70084
9.79144
10.094
10.9228
9.94187
10.1928
10.5797
10.1616
10.3389
11.2079
11.005
10.754
10.8539
11.1069
11.2815
11.5443
11.2923
11.5795
12.4728
11.1027
12.2777
11.9219
12.4525
12.5383
11.2946
11.52
11.8803
12.0658
12.7829
11.8235
12.327
14.0416
12.7471
12.9544
13.8078
12.7799
12.4492
12.402
13.359
12.8429
13.7546
12.5454
13.6807
13.3947

