100
32.3821
17.3682
10.5905
8.00067
6.38548
5.5121
4.93568
3.93086
3.74696
3.47401
3.22062
3.33902
3.0649
3.36717
3.16604
3.0144
3.25344
3.21321
3.04279
2.79424
2.70037
2.63013
2.6351
2.18974
2.58845
2.47646
2.63202
2.43444
2.47037
1.97332
2.26778
2.05666
2.37351
2.27377
2.07061
2.13404
2.25774
2.1937
2.52684
2.48713
2.3651
2.40087
2.34888
2.45755
2.41282
2.70678
2.81309
2.39149
2.63681
2.6611
2.55704
2.56064
2.30268
2.43809
3.14791
3.10399
3.26417
3.14393
3.08775
2.92251
3.1502
3.22542
3.03587
3.23429
3.04217
3.17271
3.44199
3.35667
3.11827
2.70878
2.57331
2.7781
2.90956
3.03469
2.55589
2.74755
3.09196
3.08714
3.01101
3.47248
3.39042
3.3349
3.09489
3.32658
3.53069
3.70025
3.33077
3.79114
3.67768
3.94644
3.48205
3.65756
3.3455
2.92915
3.05217
2.92256
3.36377
3.45678
3.38082

