1
0.442619
0.269295
0.23023
0.193899
0.184652
0.176686
0.172706
0.160893
0.180333
0.162498
0.146906
0.142389
0.136748
0.141185
0.139957
0.151893
0.143078
0.134397
0.136756
0.141348
0.147066
0.131552
0.125674
0.123795
0.116869
0.122009
0.124037
0.12943
0.138564
0.125836
0.130703
0.130581
0.149637
0.138722
0.129568
0.144453
0.140608
0.132887
0.140474
0.124988
0.14127
0.139248
0.132892
0.136119
0.133198
0.134267
0.137918
0.129435
0.13209
0.125316
0.130608
0.149236
0.131192
0.139358
0.137159
0.137822
0.12397
0.128442
0.126559
0.132541
0.126635
0.136902
0.129736
0.135958
0.134305
0.127147
0.130615
0.13545
0.140223
0.133655
0.131084
0.128704
0.133148
0.132831
0.129247
0.12172
0.128517
0.118328
0.118099
0.132396
0.129048
0.130446
0.130992
0.140705
0.12904
0.139334
0.140384
0.153356
0.129522
0.134749
0.135868
0.14771
0.140829
0.142636
0.129806
0.133629
0.131746
0.139779
0.141649

