1
1
1
1
1
1
1
1
1
1
1
1
1
1
1
1
1
1
1
1
1
1
1
1
1
1
1
1
1
1
1
1
1
1
0.999162
0.985831
0.979989
0.973391
0.969972
0.96204
0.945423
0.941608
0.937597
0.929633
0.927687
0.903469
0.90281
0.898516
0.888587
0.885931
0.880259
0.872104
0.867725
0.864096
0.861615
0.847992
0.83472
0.830495
0.830319
0.823808
0.822697
0.822519
0.817774
0.815441
0.815441
0.810305
0.808333
0.809775
0.804207
0.805616
0.804207
0.80277
0.803485
0.795462
0.795462
0.795462
0.790936
0.790296
0.790936
0.789482
0.788751
0.787905
0.787533
0.786123
0.787061
0.787061
0.778496
0.77259
0.770518
0.769564
0.7681
0.767127
0.765622
0.759635
0.757331
0.755973
0.754188
0.750291
0.748318
0.746962

