1
1
1
1
0.812502
0.66621
0.564513
0.513874
0.489135
0.469275
0.452716
0.43289
0.414339
0.387147
0.384642
0.381447
0.368304
0.353372
0.350838
0.348646
0.333449
0.322783
0.304444
0.305803
0.293241
0.276754
0.278311
0.267169
0.264909
0.267169
0.266712
0.267169
0.272329
0.271375
0.256893
0.254714
0.250236
0.248443
0.238532
0.227511
0.212751
0.218861
0.220799
0.211328
0.22245
0.215967
0.209196
0.198335
0.199843
0.200123
0.19453
0.192752
0.19453
0.200136
0.200408
0.213118
0.212755
0.212316
0.207131
0.201388
0.198351
0.200749
0.197816
0.207754
0.210701
0.210329
0.207305
0.204533
0.198246
0.184046
0.197745
0.196656
0.194649
0.197336
0.203893
0.220103
0.216877
0.217406
0.20824
0.214472
0.210754
0.209627
0.202551
0.202411
0.197338
0.197338
0.204517
0.209207
0.204732
0.198531
0.204058
0.200249
0.208832
0.206388
0.206504
0.203184
0.195434
0.196529
0.197106
0.198525

