100
5.28723
10.2468
12.8806
15.6723
15.2589
16.6317
19.8465
19.5066
21.3154
20.3809
20.0031
23.2576
23.2985
23.2787
25.4926
24.9461
23.3464
24.1715
21.4844
23.7089
22.9839
26.0673
25.3813
22.9706
25.9983
25.3916
26.7041
24.7752
25.0681
28.6022
25.4323
26.8466
25.1194
25.9103
28.1316
26.4319
23.3773
27.2818
27.372
26.8792
28.3861
26.5821
29.0531
28.8161
25.7892
25.441
25.5436
28.0918
26.056
26.9116
27.4577
27.4404
26.2565
25.0503
26.1303
27.4938
25.9508
28.691
24.7355
26.7351
25.8751
27.8531
29.0069
24.1388
26.4296
28.508
28.5688
27.8296
28.307
28.5505
27.3447
26.1624
26.2442
25.915
26.7568
26.1316
26.4876
29.6338
27.6756
30.0057
25.2661
25.1694
28.7746
26.6208
28.2734
27.1756
27.1929
28.1166
27.7847
27.6569
27.7108
25.9422
27.7693
27.8628
28.4238
28.4798
26.6974
28.098
25.8121

