1
1
1
1
0.852379
0.674912
0.619725
0.565323
0.527775
0.484843
0.42306
0.418706
0.399138
0.366535
0.364541
0.346445
0.337151
0.329381
0.32422
0.325596
0.311929
0.312977
0.299329
0.277472
0.274516
0.274464
0.267455
0.265561
0.254888
0.259004
0.26074
0.264478
0.261818
0.265728
0.263268
0.26074
0.261818
0.2612
0.258612
0.258986
0.248804
0.255169
0.245512
0.236794
0.239207
0.230571
0.218331
0.217483
0.204631
0.197253
0.194563
0.197937
0.202893
0.20554
0.195731
0.200811
0.207867
0.208299
0.208411
0.214655
0.217915
0.209386
0.208321
0.208321
0.20037
0.203203
0.198437
0.199656
0.195953
0.207105
0.21746
0.222489
0.212838
0.206445
0.189663
0.206388
0.208522
0.207542
0.20555
0.207454
0.208454
0.207923
0.213856
0.215041
0.214066
0.211549
0.206042
0.206709
0.203792
0.198277
0.198277
0.198562
0.199632
0.200636
0.211844
0.213871
0.212234
0.209589
0.204495
0.208297

