1
1
1
1
1
1
1
0.980863
0.971628
0.960921
0.948073
0.936181
0.944624
0.927076
0.927076
0.925416
0.896069
0.885187
0.889439
0.882131
0.874666
0.896587
0.896487
0.920759
0.933854
0.933854
0.929132
0.924719
0.902953
0.896902
0.903341
0.881374
0.869539
0.867698
0.857881
0.85261
0.85261
0.864171
0.861449
0.87509
0.895534
0.86615
0.877455
0.889513
0.895327
0.892348
0.894506
0.886564
0.886564
0.886564
0.872328
0.881017
0.889283
0.881564
0.87813
0.88183
0.90056
0.8924
0.890005
0.891893
0.894487
0.903781
0.886572
0.893645
0.893579
0.881802
0.85177
0.893796
0.895891
0.878729
0.901464
0.889616
0.888668
0.88628
0.891678
0.889952
0.890885
0.876796
0.882259
0.885407
0.879421
0.874148
0.869387
0.874787
0.885567
0.886295
0.879881
0.879881
0.885616
0.877757
0.882068
0.876036
0.877441
0.880004
0.895531
0.893471
0.892099
0.884989
0.866857
0.869216

