1
1
1
1
1
1
1
0.981474
0.976411
0.97098
0.956287
0.948138
0.930183
0.925895
0.929648
0.925895
0.919585
0.918953
0.915446
0.905491
0.918193
0.911362
0.904479
0.908523
0.88444
0.897839
0.921508
0.911759
0.91019
0.938902
0.928895
0.935139
0.926004
0.914465
0.904814
0.913911
0.922356
0.909941
0.901868
0.913786
0.916444
0.907321
0.897748
0.901024
0.901024
0.911916
0.907333
0.898867
0.89491
0.896828
0.894464
0.885629
0.894464
0.896117
0.881419
0.901237
0.896117
0.885954
0.881734
0.881734
0.893618
0.896441
0.899968
0.906762
0.923629
0.919423
0.919423
0.918725
0.907751
0.927712
0.925953
0.925953
0.939402
0.943184
0.94996
0.939089
0.926326
0.927072
0.911996
0.917693
0.931575
0.90095
0.90222
0.907077
0.904712
0.91306
0.899947
0.901081
0.902857
0.896396
0.908112
0.892977
0.881438
0.866742
0.874308
0.871768
0.851875
0.883272
0.898194
0.898233

