1
0.127656
0.12309
0.131222
0.138008
0.123523
0.140099
0.131321
0.141366
0.152285
0.153721
0.155568
0.147104
0.143323
0.147759
0.188098
0.14205
0.145328
0.161402
0.156972
0.173063
0.166758
0.16612
0.20031
0.188988
0.175886
0.179799
0.189518
0.177966
0.182503
0.197039
0.175607
0.164483
0.193323
0.190658
0.188031
0.19745
0.219374
0.193572
0.20949
0.196317
0.201384
0.208987
0.224495
0.198517
0.230332
0.214662
0.243129
0.239113
0.229009
0.214713
0.225122
0.232631
0.208278
0.230052
0.238507
0.241779
0.213773
0.247451
0.231175
0.237699
0.219091
0.237352
0.201352
0.232691
0.235709
0.234821
0.221264
0.264153
0.266018
0.242459
0.253001
0.23859
0.247301
0.261401
0.233307
0.252837
0.245257
0.236666
0.237355
0.244349
0.253498
0.252817
0.250662
0.235587
0.245265
0.228454
0.235155
0.260151
0.25172
0.222554
0.257213
0.25292
0.243965
0.256129
0.243149
0.263862
0.263278
0.286935
0.252215

