1
1
1
1
0.844134
0.66243
0.604396
0.531728
0.493584
0.482008
0.461155
0.442716
0.417115
0.391072
0.361052
0.353225
0.327884
0.297586
0.287663
0.28029
0.27282
0.273668
0.260228
0.251171
0.242451
0.247044
0.239556
0.234819
0.240512
0.232507
0.228157
0.233705
0.235683
0.236635
0.226292
0.208139
0.202219
0.211163
0.204768
0.206451
0.211721
0.202542
0.204477
0.203106
0.196026
0.202251
0.200722
0.199444
0.196026
0.185969
0.176497
0.174297
0.176428
0.184047
0.184024
0.180569
0.18007
0.178561
0.18007
0.18007
0.175845
0.177467
0.180511
0.17739
0.172941
0.173596
0.173481
0.163925
0.171568
0.177185
0.171853
0.171209
0.165332
0.172357
0.165694
0.159854
0.157576
0.159297
0.164047
0.167535
0.177596
0.174703
0.178889
0.178889
0.176634
0.165889
0.164396
0.160879
0.15717
0.161962
0.15717
0.163132
0.1645
0.164505
0.163382
0.165232
0.161257
0.165051
0.168719
0.165102

