100
90.0651
82.6912
83.0128
83.1307
78.0902
81.8016
81.9288
83.8367
83.1665
86.2763
81.8586
83.2529
83.444
85.7398
85.9244
83.7986
81.0408
80.0873
82.9507
80.738
80.7249
86.2181
84.4271
83.8409
81.4658
85.483
83.8798
87.835
84.3058
83.8958
83.1979
82.1926
85.4871
80.1535
83.6972
83.4129
84.7305
83.6854
79.1513
82.286
85.9226
84.3179
81.9375
84.263
82.3863
80.6244
81.5056
86.5814
86.0495
86.3057
82.1335
81.9524
85.4219
83.6647
83.908
82.3602
85.3596
80.7178
84.4784
82.5619
81.4209
81.73
85.755
80.1782
87.0965
84.7642
84.2705
83.4952
83.173
84.1469
85.5907
83.8054
78.8871
85.074
83.4408
82.1139
82.7758
82.6369
83.6678
82.3554
83.4446
82.6414
80.9642
83.5331
84.7527
86.8622
83.6606
81.7126
79.721
81.9629
78.8907
87.4422
83.2484
90.2573
81.7489
83.9479
81.8116
85.9837
85.9407

