100
33.2218
19.855
11.651
9.73084
8.11518
5.74276
5.73578
4.70396
4.32886
4.35202
4.13457
4.40503
3.85856
3.66104
3.2044
3.35487
3.07165
2.80707
2.77333
2.81425
2.66033
2.56273
2.53634
2.19502
2.25021
2.14203
2.31311
2.3061
2.07428
2.14582
1.99867
1.97334
2.07758
2.07598
2.38105
2.18047
2.17485
2.3301
1.96488
1.84972
1.76852
1.96502
2.04027
2.0888
2.05341
2.01134
2.03727
1.84051
1.73402
1.87544
1.88378
1.95088
2.28456
2.32142
2.22812
1.93482
1.99295
1.99955
2.1487
1.89078
1.99603
2.04476
2.05964
1.94285
1.83493
1.89199
1.99034
2.1601
1.99298
2.02808
1.85335
1.88552
1.81604
1.72656
1.67849
1.51044
1.45275
1.46032
1.56152
1.48997
1.68988
1.63908
1.71554
2.17859
2.11779
2.39742
2.16198
2.13617
2.05914
1.83577
1.79924
1.81427
1.96271
1.81891
1.83006
1.88126
1.77544
2.02802
1.89777

