1
1
1
1
0.91193
0.860651
0.810149
0.781721
0.764908
0.762022
0.747132
0.736543
0.729825
0.724038
0.723291
0.722433
0.70934
0.70934
0.703925
0.695809
0.688544
0.688178
0.688178
0.686893
0.678664
0.688986
0.674697
0.673921
0.672108
0.670959
0.664346
0.665736
0.664346
0.653592
0.648855
0.649324
0.64813
0.651701
0.651701
0.64874
0.652907
0.65194
0.631201
0.631201
0.63379
0.649334
0.65194
0.647872
0.64375
0.643878
0.6411
0.638507
0.638834
0.637042
0.640094
0.639768
0.641508
0.63757
0.622884
0.631942
0.627429
0.619369
0.622467
0.616921
0.618088
0.616921
0.615216
0.613909
0.613946
0.604771
0.606108
0.604166
0.603566
0.601508
0.601842
0.600774
0.596272
0.596947
0.595372
0.593454
0.592828
0.578169
0.590372
0.578455
0.575743
0.567913
0.56557
0.571375
0.590176
0.602473
0.594338
0.594027
0.592136
0.591012
0.601362
0.594433
0.589789
0.594783
0.595724
0.607624

