1
0.456334
0.324271
0.242719
0.217686
0.202243
0.193473
0.180563
0.205732
0.178008
0.182937
0.170667
0.175273
0.151405
0.160952
0.168809
0.173131
0.18215
0.14485
0.150276
0.160311
0.158088
0.153862
0.163269
0.164192
0.162424
0.166159
0.158789
0.147921
0.16979
0.146037
0.146984
0.150945
0.162747
0.162915
0.14332
0.142574
0.145607
0.145858
0.146328
0.156614
0.162465
0.152859
0.139703
0.139353
0.146331
0.146918
0.145048
0.141366
0.150657
0.154108
0.162786
0.158598
0.129658
0.150513
0.159744
0.15641
0.142684
0.154872
0.154583
0.157223
0.148929
0.144845
0.137723
0.132057
0.124621
0.140179
0.133655
0.140121
0.138415
0.137521
0.149789
0.139668
0.13412
0.127962
0.135944
0.138407
0.141224
0.16156
0.150263
0.145602
0.142686
0.140036
0.135708
0.140997
0.137872
0.1491
0.149134
0.144172
0.143504
0.139843
0.151698
0.146622
0.138204
0.148688
0.159389
0.14094
0.142859
0.151896
0.15609

