1
0.449724
0.313019
0.258093
0.257965
0.251553
0.20809
0.220529
0.227076
0.206857
0.223626
0.22362
0.216865
0.190463
0.205771
0.200752
0.183222
0.196386
0.219594
0.23272
0.208216
0.18735
0.195252
0.184834
0.205538
0.177016
0.191072
0.20328
0.188471
0.221895
0.197267
0.185762
0.183542
0.211414
0.203145
0.196177
0.211009
0.204047
0.200477
0.202132
0.197334
0.201122
0.19486
0.181458
0.193186
0.19581
0.214755
0.193167
0.209448
0.216071
0.193364
0.204219
0.214487
0.207261
0.182871
0.19155
0.171405
0.170792
0.168924
0.186168
0.182885
0.210648
0.191722
0.195393
0.184961
0.201278
0.182749
0.193755
0.190887
0.184819
0.177046
0.18463
0.180633
0.186591
0.215833
0.214217
0.181465
0.171398
0.18098
0.189198
0.18494
0.186573
0.191234
0.181845
0.192889
0.189129
0.188418
0.177173
0.20898
0.200193
0.205004
0.21227
0.208202
0.206575
0.197725
0.200994
0.209986
0.190194
0.189478
0.190738

