1
0.313662
0.306024
0.33843
0.314006
0.282873
0.27432
0.281047
0.253492
0.263645
0.285324
0.268963
0.252421
0.294552
0.262223
0.284078
0.280791
0.28048
0.282352
0.230294
0.287393
0.246633
0.26087
0.278445
0.280772
0.263441
0.247451
0.27922
0.248914
0.267793
0.280365
0.284089
0.265505
0.27605
0.27168
0.260964
0.256262
0.280883
0.242016
0.296474
0.254593
0.292583
0.274746
0.251778
0.275302
0.261816
0.253406
0.284214
0.228934
0.276182
0.27293
0.242191
0.262422
0.281429
0.261252
0.283275
0.236733
0.244096
0.249961
0.253085
0.253357
0.256941
0.256671
0.250071
0.278602
0.270267
0.286411
0.252439
0.275789
0.259342
0.26113
0.247813
0.243405
0.259235
0.240746
0.241435
0.273257
0.272659
0.271526
0.270223
0.274663
0.263049
0.254652
0.27333
0.248584
0.267355
0.273793
0.297194
0.26406
0.283036
0.275007
0.260146
0.313571
0.265587
0.315609
0.286236
0.257503
0.270018
0.262828
0.259898

