1
0.597127
0.605002
0.602624
0.606159
0.586316
0.614116
0.592389
0.611479
0.600529
0.62008
0.589203
0.606796
0.589651
0.615392
0.597755
0.607627
0.605919
0.603057
0.607357
0.613049
0.594088
0.584191
0.606021
0.597065
0.601925
0.644222
0.603464
0.616508
0.602051
0.601946
0.61431
0.611011
0.603923
0.610943
0.593583
0.626413
0.622578
0.629587
0.615781
0.602286
0.622151
0.632291
0.605666
0.625643
0.624954
0.634227
0.59976
0.606692
0.589849
0.610509
0.625215
0.590688
0.594139
0.609909
0.591312
0.603447
0.629625
0.621824
0.613049
0.612513
0.622226
0.612688
0.603992
0.61994
0.612032
0.6326
0.63356
0.621727
0.608497
0.624067
0.610119
0.595049
0.625118
0.628943
0.623028
0.62446
0.617348
0.617551
0.610139
0.631656
0.621059
0.612752
0.634771
0.641178
0.623879
0.608226
0.62741
0.62105
0.622008
0.609258
0.623582
0.629488
0.610998
0.622304
0.616413
0.602276
0.619015
0.622426
0.630667

