1
0.577256
0.569914
0.582726
0.558241
0.553554
0.563971
0.56847
0.546985
0.561214
0.550809
0.538986
0.545344
0.571388
0.564609
0.560568
0.587831
0.559598
0.55978
0.555866
0.57713
0.548041
0.569523
0.558061
0.572071
0.5842
0.580383
0.574101
0.567669
0.580455
0.56444
0.574736
0.554731
0.550902
0.562891
0.587734
0.57629
0.573589
0.583476
0.5622
0.574061
0.571479
0.584425
0.585256
0.566013
0.576533
0.567594
0.587532
0.57019
0.59337
0.580088
0.567474
0.576342
0.572626
0.566991
0.5832
0.568876
0.573972
0.582364
0.590053
0.582181
0.580883
0.577297
0.592139
0.56248
0.571759
0.618229
0.576678
0.579955
0.606032
0.591175
0.581052
0.587199
0.585392
0.598888
0.574304
0.573727
0.578562
0.592444
0.573429
0.581602
0.595227
0.587976
0.586403
0.614207
0.58786
0.625087
0.591586
0.603748
0.601002
0.580912
0.605748
0.599181
0.612115
0.593954
0.602607
0.602856
0.603996
0.609675
0.613056

