1
0.851172
0.861669
0.785691
0.832119
0.836612
0.795283
0.811772
0.841177
0.840016
0.812558
0.785286
0.852275
0.806045
0.836509
0.842951
0.804809
0.846548
0.807272
0.867921
0.831443
0.856213
0.789793
0.832317
0.847532
0.800944
0.834799
0.821853
0.837254
0.850568
0.865746
0.850985
0.827529
0.860121
0.820014
0.840109
0.853852
0.81332
0.82192
0.819444
0.836122
0.817123
0.803051
0.862031
0.827609
0.823562
0.837858
0.849753
0.795206
0.837098
0.793661
0.845564
0.80719
0.85775
0.842642
0.799641
0.829978
0.83533
0.835417
0.817603
0.83839
0.821651
0.84578
0.794063
0.804684
0.836312
0.836429
0.849628
0.822187
0.807893
0.81222
0.8103
0.827242
0.833923
0.823554
0.81923
0.814219
0.809814
0.81515
0.821352
0.831225
0.838769
0.835354
0.81434
0.822006
0.800969
0.798556
0.774741
0.820744
0.829931
0.803575
0.831651
0.831275
0.817858
0.828139
0.828195
0.818779
0.852024
0.831402
0.827444

