1
0.573511
0.591739
0.573956
0.605818
0.591326
0.591679
0.601447
0.605102
0.617739
0.617252
0.647758
0.613666
0.620298
0.620918
0.602716
0.626672
0.618898
0.61097
0.638809
0.616206
0.635296
0.628558
0.60304
0.607169
0.654055
0.638168
0.627016
0.641462
0.623652
0.628594
0.642404
0.636626
0.635581
0.623424
0.63524
0.630626
0.623547
0.655011
0.635254
0.640219
0.63254
0.633881
0.633947
0.645245
0.663171
0.624758
0.648765
0.612481
0.644588
0.660111
0.618902
0.624515
0.63711
0.638519
0.614248
0.630488
0.630956
0.621096
0.624817
0.615269
0.617869
0.642442
0.639678
0.655897
0.633603
0.617942
0.629847
0.62828
0.64931
0.621635
0.62841
0.638659
0.651401
0.619536
0.660319
0.628384
0.609323
0.636895
0.619465
0.596848
0.652617
0.626567
0.638399
0.644346
0.649829
0.63436
0.644179
0.629968
0.628212
0.621934
0.612352
0.604099
0.629211
0.648093
0.635505
0.622826
0.62372
0.637
0.614967

