1
0.431352
0.29994
0.229003
0.20902
0.198762
0.151232
0.151763
0.152947
0.158204
0.146433
0.144675
0.147812
0.138932
0.149202
0.13954
0.135559
0.156834
0.131653
0.139276
0.144012
0.137765
0.129814
0.141431
0.144791
0.145232
0.143444
0.138883
0.134754
0.12151
0.124898
0.120805
0.12039
0.130883
0.130783
0.134373
0.133756
0.122689
0.125038
0.143063
0.125084
0.126023
0.135067
0.13099
0.136805
0.128077
0.134837
0.13333
0.129124
0.126327
0.120652
0.11682
0.129485
0.12313
0.11405
0.102135
0.107647
0.110679
0.123846
0.119774
0.115565
0.123309
0.129303
0.124391
0.123592
0.112805
0.121586
0.116034
0.11244
0.12023
0.124576
0.123977
0.121112
0.129273
0.121186
0.118329
0.111189
0.114734
0.125815
0.125459
0.121438
0.135672
0.127771
0.119179
0.117223
0.132689
0.141861
0.134028
0.13346
0.125288
0.13358
0.115296
0.111197
0.115187
0.120545
0.125272
0.132434
0.121633
0.121743
0.134591

