100
30.3968
16.5977
11.3067
7.13045
4.05076
3.60042
2.69593
1.83885
1.50138
1.59129
1.3725
1.24078
1.33685
1.05162
0.950494
0.98631
0.850452
0.763168
0.71985
0.744127
0.795638
0.857086
0.816038
0.696221
0.713077
0.711012
0.686103
0.700428
0.616137
0.602293
0.614886
0.592999
0.617962
0.637767
0.585493
0.5833
0.562806
0.549515
0.507209
0.547447
0.566549
0.541717
0.51567
0.535884
0.520457
0.581005
0.567712
0.533524
0.570436
0.570752
0.545118
0.499974
0.530355
0.504797
0.549206
0.53039
0.533128
0.547998
0.584192
0.559788
0.506694
0.506363
0.516412
0.548707
0.478283
0.496689
0.523453
0.493178
0.478633
0.528526
0.491027
0.506334
0.498128
0.51573
0.541285
0.496285
0.530699
0.524461
0.503322
0.543214
0.597854
0.519003
0.536089
0.545697
0.526076
0.499425
0.486837
0.537503
0.498766
0.495132
0.492065
0.475185
0.456347
0.443409
0.524029
0.530583
0.501874
0.445955
0.453566

