1
1
1
1
1
1
1
1
1
1
1
1
1
1
1
1
1
1
1
1
1
1
1
1
1
1
1
1
1
1
1
1
0.998008
0.953832
0.929217
0.893007
0.87574
0.861188
0.854014
0.839557
0.819895
0.819289
0.803328
0.792537
0.767237
0.762402
0.752174
0.728252
0.722716
0.711864
0.690782
0.688284
0.677795
0.652792
0.648053
0.643767
0.639866
0.625276
0.618945
0.612976
0.612021
0.60021
0.590635
0.593183
0.588993
0.581266
0.574935
0.569922
0.564998
0.549418
0.54137
0.53943
0.538215
0.531358
0.524988
0.515534
0.515281
0.504046
0.50126
0.498524
0.498524
0.498524
0.491694
0.481594
0.477284
0.465364
0.460802
0.462234
0.459189
0.458157
0.452981
0.450789
0.450789
0.450789
0.452981
0.452721
0.444325
0.437816
0.437816
0.438412

