100
90.1078
86.224
75.6571
76.1108
69.9343
67.7824
68.4599
62.3607
60.2964
62.2955
62.8411
64.8473
61.8307
61.7791
59.7415
61.8832
63.4993
63.2055
63.2446
63.8968
58.0763
60.5687
58.7783
62.0727
59.9833
55.5311
59.1259
59.4033
56.3942
61.242
61.6859
62.0649
59.5703
60.4928
61.0814
63.895
57.5005
59.6158
58.4706
62.7022
61.7439
61.6501
58.2206
56.6246
58.987
56.7281
59.5553
60.5086
62.2395
58.2998
60.1971
61.1656
61.8953
60.952
59.2424
59.8721
58.6392
55.8511
58.4118
62.291
57.4384
57.6271
56.4766
56.3397
59.8371
57.1606
62.4324
63.0176
62.47
63.3172
60.4283
59.7561
56.9066
60.322
61.125
63.6535
63.7527
63.7956
65.0284
67.7048
66.6562
65.8732
65.563
62.3271
63.5906
61.3964
61.5675
60.8022
58.7208
61.3082
62.5987
63.2295
59.8629
59.0311
56.5611
58.7946
57.8538
55.9645
57.6799

