1
0.757131
0.661375
0.627432
0.610276
0.619357
0.627718
0.602544
0.608211
0.618865
0.621497
0.621206
0.586696
0.601452
0.608819
0.592933
0.600624
0.578548
0.595774
0.601388
0.607682
0.607676
0.609112
0.6023
0.61045
0.607578
0.609911
0.597071
0.607541
0.59794
0.596594
0.572188
0.571209
0.605169
0.599256
0.6048
0.607508
0.60472
0.593166
0.603358
0.617436
0.603083
0.598805
0.60171
0.591509
0.588577
0.605783
0.583286
0.630066
0.608393
0.600484
0.580706
0.586778
0.594853
0.602939
0.609111
0.60417
0.60791
0.606829
0.624041
0.621803
0.603098
0.628287
0.603289
0.610918
0.594902
0.60605
0.586226
0.595311
0.591995
0.605999
0.598947
0.606468
0.607285
0.604188
0.6226
0.613008
0.621507
0.598596
0.58068
0.594572
0.616059
0.612679
0.597791
0.583915
0.605657
0.597862
0.617148
0.597593
0.602553
0.582615
0.590981
0.5979
0.606437
0.58608
0.580242
0.605013
0.594068
0.597464
0.608678

