1
0.609809
0.629369
0.615405
0.611131
0.635383
0.629235
0.605897
0.619549
0.632022
0.603868
0.632374
0.645024
0.619097
0.633028
0.626412
0.614364
0.631069
0.617867
0.623656
0.637206
0.651345
0.609957
0.639051
0.614362
0.623757
0.606383
0.629127
0.616168
0.622481
0.632683
0.661283
0.621963
0.640747
0.630275
0.628434
0.624578
0.642349
0.654429
0.642474
0.63254
0.637128
0.618933
0.630619
0.634787
0.63376
0.642701
0.619478
0.612612
0.617895
0.625514
0.608943
0.630053
0.638175
0.636405
0.624333
0.628738
0.607271
0.620163
0.62737
0.635911
0.605522
0.622649
0.622021
0.616744
0.619331
0.622957
0.628419
0.651292
0.620257
0.641044
0.60944
0.627693
0.631952
0.655758
0.632775
0.617635
0.640724
0.642171
0.624942
0.643042
0.654069
0.629331
0.626244
0.623144
0.656604
0.632562
0.632618
0.621948
0.63997
0.63491
0.62404
0.613117
0.626152
0.625561
0.637533
0.625243
0.650919
0.635486
0.636351

