1
0.759401
0.685141
0.623319
0.611098
0.577303
0.572209
0.573482
0.589362
0.581373
0.571917
0.575473
0.573453
0.565084
0.574819
0.55161
0.566768
0.56574
0.57624
0.555109
0.569422
0.552505
0.569833
0.565291
0.54583
0.571694
0.552669
0.540324
0.569022
0.559022
0.572609
0.568772
0.569404
0.563118
0.567114
0.565547
0.563845
0.555432
0.569939
0.565693
0.577367
0.580228
0.561942
0.572431
0.571998
0.56517
0.563002
0.547677
0.561772
0.559283
0.567756
0.559826
0.559163
0.55433
0.542342
0.571485
0.552656
0.544044
0.55659
0.563924
0.573167
0.563488
0.560523
0.567372
0.586229
0.58231
0.566809
0.560882
0.564315
0.554135
0.572571
0.561721
0.569601
0.57271
0.562811
0.585114
0.585395
0.577849
0.571549
0.575
0.565335
0.55316
0.580213
0.574612
0.564881
0.564622
0.565516
0.563702
0.578135
0.560919
0.56006
0.546488
0.570039
0.560955
0.561616
0.571903
0.548405
0.539972
0.56704
0.573733

