1
0.570027
0.591331
0.604973
0.603864
0.585216
0.606402
0.600185
0.623438
0.606756
0.607423
0.620306
0.644456
0.629341
0.646291
0.633196
0.616519
0.631063
0.608552
0.606227
0.611355
0.635795
0.625133
0.618849
0.61052
0.622853
0.631525
0.61158
0.615658
0.623636
0.638603
0.640926
0.628755
0.624494
0.655669
0.62088
0.626377
0.64879
0.624814
0.636017
0.637183
0.621901
0.624376
0.633883
0.648056
0.644071
0.626737
0.619006
0.627899
0.628998
0.623059
0.642163
0.628947
0.622539
0.639291
0.633585
0.629481
0.622123
0.625134
0.634982
0.633274
0.640761
0.615382
0.636783
0.63127
0.620028
0.645416
0.631612
0.632482
0.616683
0.634356
0.639771
0.629161
0.634662
0.63109
0.635521
0.652861
0.652211
0.633923
0.642199
0.646584
0.637479
0.620245
0.647205
0.628143
0.610036
0.631994
0.642417
0.644624
0.627049
0.626298
0.62733
0.636811
0.622221
0.643194
0.631493
0.63052
0.628918
0.623978
0.632878

