1
1
1
1
0.947516
0.87968
0.848
0.827125
0.793231
0.774069
0.752672
0.745237
0.743707
0.728391
0.720299
0.716792
0.712537
0.707704
0.693233
0.688916
0.681418
0.673358
0.665888
0.649277
0.64328
0.642974
0.640669
0.647219
0.655383
0.656558
0.655082
0.655082
0.657847
0.659054
0.652412
0.646014
0.637289
0.635985
0.624779
0.620642
0.630144
0.626112
0.625322
0.624887
0.624887
0.624327
0.623207
0.622568
0.618942
0.610299
0.611669
0.605266
0.605266
0.602639
0.60272
0.600729
0.604065
0.601772
0.603625
0.611687
0.603328
0.605012
0.595618
0.60118
0.600679
0.599292
0.594495
0.60008
0.6091
0.617925
0.620758
0.615851
0.613195
0.596412
0.59703
0.597346
0.598475
0.599506
0.598975
0.59703
0.597346
0.601442
0.599786
0.608187
0.608801
0.608772
0.599962
0.608772
0.613394
0.605447
0.61548
0.608344
0.602751
0.588538
0.593421
0.596713
0.598096
0.606207
0.60269
0.605141

