1
1
1
1
1
1
1
1
1
1
1
1
1
1
1
1
1
1
1
1
1
1
1
1
1
1
1
1
1
1
1
1
1
0.965801
0.953078
0.928857
0.891177
0.874157
0.862888
0.845126
0.841088
0.836023
0.830727
0.813627
0.80868
0.797369
0.79225
0.791308
0.766416
0.742935
0.737869
0.72938
0.720678
0.710815
0.700734
0.684594
0.673669
0.655881
0.637614
0.631667
0.620735
0.610672
0.610001
0.604969
0.604969
0.605233
0.600547
0.598496
0.592284
0.585462
0.591159
0.585462
0.579875
0.575302
0.571981
0.56574
0.558812
0.555767
0.554257
0.550458
0.546147
0.53956
0.531662
0.529786
0.518601
0.515601
0.505629
0.498025
0.497412
0.490484
0.486812
0.484289
0.484289
0.482356
0.480783
0.472169
0.473145
0.467906
0.467247
0.467906

