1
1
1
1
0.822866
0.708002
0.608978
0.545269
0.500393
0.482325
0.443461
0.403579
0.398264
0.390918
0.373602
0.370046
0.320448
0.30036
0.301621
0.296137
0.286187
0.286801
0.289069
0.272299
0.25967
0.252539
0.252251
0.24662
0.238801
0.24182
0.233918
0.228753
0.225053
0.214461
0.204047
0.204047
0.198166
0.189235
0.197666
0.193733
0.199919
0.199971
0.192012
0.186103
0.189926
0.176212
0.176212
0.177107
0.17915
0.186304
0.195823
0.194319
0.200345
0.206235
0.201925
0.19561
0.192006
0.200961
0.200072
0.190491
0.18674
0.190052
0.189702
0.18836
0.183687
0.183349
0.189799
0.18845
0.182883
0.176556
0.176202
0.169949
0.172717
0.167591
0.167591
0.161683
0.158454
0.165681
0.171904
0.170775
0.166229
0.155489
0.164587
0.166095
0.165734
0.166904
0.162545
0.15753
0.156629
0.156629
0.157409
0.157892
0.163931
0.163409
0.173914
0.170129
0.173677
0.173602
0.165986
0.160982

