100
63.6648
54.3024
39.8126
39.0894
35.2817
30.5421
30.8419
25.8414
23.593
24.6909
22.1202
21.898
23.4299
23.4824
19.5815
20.9398
20.5485
18.6504
18.2045
18.2045
17.2869
19.0312
18.1415
16.0873
17.5418
16.7165
14.594
14.2316
14.6685
14.6315
13.2965
13.0258
15.2769
14.4736
13.9931
14.0772
13.4569
12.3098
12.499
13.4907
12.0258
12.5233
11.0053
11.8671
12.682
10.3735
9.90449
11.6865
11.2504
10.9899
12.7767
10.4917
10.3238
10.2033
9.41575
11.0021
11.3654
11.3909
12.2485
9.81963
9.22569
10.3577
10.433
9.28496
10.3701
10.2491
9.81321
10.0654
10.5192
10.4364
9.65203
9.09202
9.29135
10.8971
10.0917
10.8754
11.2447
11.1166
11.8308
9.2393
10.4883
10.2976
9.43414
10.9988
10.465
10.737
10.6259
10.3454
9.54914
10.1605
9.93288
10.2067
10.2599
12.3066
9.9009
8.58611
9.76166
9.76804
10.2343

