1
0.615206
0.616673
0.609658
0.613839
0.626749
0.61492
0.61819
0.616082
0.622665
0.607236
0.624166
0.613781
0.610791
0.631736
0.615668
0.611843
0.62194
0.618667
0.644781
0.623259
0.621101
0.615427
0.631334
0.634035
0.628584
0.632957
0.64442
0.644594
0.622968
0.648501
0.599163
0.606604
0.62611
0.625973
0.639071
0.614546
0.612334
0.642707
0.626702
0.626906
0.636527
0.611722
0.630828
0.626406
0.635652
0.639442
0.60851
0.620996
0.627181
0.619334
0.637798
0.611305
0.638204
0.629318
0.614171
0.613861
0.617112
0.630939
0.620588
0.622082
0.638417
0.63603
0.63907
0.640753
0.635334
0.631059
0.621223
0.613361
0.619839
0.619466
0.649033
0.63057
0.636846
0.660854
0.646371
0.626754
0.598393
0.628466
0.649081
0.645066
0.633028
0.614851
0.623221
0.637045
0.624265
0.630599
0.621032
0.636683
0.627001
0.650159
0.627309
0.637267
0.653347
0.614771
0.622131
0.612152
0.623046
0.641383
0.627908

