1
0.244391
0.248591
0.25806
0.264922
0.228923
0.227797
0.261454
0.248961
0.2267
0.245634
0.254314
0.239063
0.215943
0.235563
0.240545
0.232206
0.249331
0.259509
0.240604
0.248326
0.234171
0.235024
0.224787
0.253074
0.240996
0.232492
0.245383
0.241561
0.235494
0.25067
0.23057
0.243248
0.239809
0.248916
0.246071
0.236152
0.240611
0.234827
0.244109
0.238107
0.246654
0.24216
0.233223
0.240285
0.255888
0.259303
0.20868
0.22667
0.253479
0.231565
0.258307
0.240251
0.240903
0.262097
0.222549
0.282469
0.234249
0.240044
0.236561
0.218715
0.236795
0.230229
0.245409
0.263722
0.213515
0.263575
0.222157
0.25919
0.239885
0.247501
0.232862
0.213633
0.240887
0.235597
0.234876
0.240667
0.264699
0.238547
0.247954
0.229283
0.254837
0.245124
0.228295
0.228719
0.239167
0.244725
0.256422
0.254675
0.239092
0.256641
0.23205
0.258412
0.245686
0.232946
0.222426
0.22702
0.247849
0.255153
0.237927

