1
1
1
1
0.845031
0.69611
0.616046
0.547857
0.499312
0.459473
0.415161
0.394141
0.382429
0.373813
0.347717
0.329346
0.326066
0.315854
0.318728
0.304607
0.289633
0.266432
0.263377
0.268504
0.257063
0.255932
0.244074
0.233375
0.236775
0.241978
0.216929
0.205245
0.199129
0.201791
0.205309
0.207289
0.20995
0.214663
0.202796
0.208853
0.208853
0.210274
0.194355
0.200522
0.200522
0.207637
0.214352
0.20574
0.20103
0.194643
0.192746
0.192746
0.194333
0.192028
0.195665
0.199534
0.192495
0.19611
0.189091
0.185841
0.18171
0.187772
0.180265
0.182936
0.179854
0.177771
0.178689
0.182321
0.180265
0.186334
0.182883
0.182321
0.167814
0.168923
0.162923
0.157014
0.157014
0.156221
0.157708
0.158153
0.157254
0.156548
0.154271
0.150675
0.152891
0.154018
0.157613
0.15488
0.156445
0.152358
0.145388
0.146702
0.149063
0.146943
0.147453
0.149492
0.149492
0.14379
0.144049
0.141033

