1
1
1
1
0.882428
0.745613
0.668914
0.621486
0.556946
0.490058
0.471111
0.440569
0.405775
0.37699
0.356436
0.348944
0.334728
0.329273
0.326028
0.327454
0.330366
0.322716
0.309358
0.300622
0.288416
0.284628
0.263291
0.263988
0.256835
0.261383
0.244154
0.242061
0.238255
0.238686
0.229457
0.241046
0.228861
0.221951
0.225998
0.225998
0.223103
0.228253
0.230966
0.235739
0.24011
0.246204
0.242282
0.239493
0.240985
0.23649
0.23649
0.238291
0.24322
0.236882
0.233166
0.233825
0.236975
0.235711
0.231838
0.232174
0.224654
0.220211
0.214143
0.219642
0.227536
0.22277
0.204322
0.207243
0.201757
0.204322
0.192277
0.19454
0.195501
0.202373
0.204203
0.196824
0.203548
0.199024
0.199024
0.201635
0.196524
0.199602
0.192905
0.201795
0.202857
0.197663
0.195467
0.190294
0.186071
0.191585
0.195631
0.200281
0.204047
0.196707
0.194578
0.197866
0.197866
0.201929
0.188021
0.18542

