1
0.751914
0.690601
0.652372
0.641801
0.623469
0.61472
0.617744
0.601457
0.619578
0.604775
0.589821
0.618756
0.611483
0.613265
0.597368
0.603712
0.608494
0.603331
0.603461
0.598149
0.607719
0.598166
0.596514
0.601338
0.602683
0.601866
0.591903
0.58231
0.573285
0.592158
0.605574
0.604508
0.614774
0.608229
0.611966
0.613061
0.612874
0.624113
0.596741
0.61292
0.591256
0.603344
0.605302
0.605221
0.613425
0.612895
0.601574
0.602481
0.619957
0.609345
0.613761
0.609674
0.634542
0.630175
0.631016
0.597555
0.585088
0.604821
0.611856
0.599616
0.585646
0.605014
0.592404
0.588967
0.580655
0.59275
0.590142
0.619766
0.614678
0.578871
0.601979
0.624144
0.59885
0.620476
0.58648
0.594049
0.61756
0.600036
0.62565
0.614965
0.608835
0.602017
0.586593
0.599715
0.609047
0.632614
0.604004
0.596384
0.606295
0.601246
0.612542
0.61948
0.615348
0.614709
0.600335
0.602086
0.603882
0.603427
0.593139

