1
0.451541
0.312859
0.288079
0.274098
0.240577
0.239645
0.245534
0.255784
0.254673
0.237217
0.235623
0.210367
0.196746
0.218333
0.21293
0.246634
0.236384
0.23736
0.251341
0.236685
0.223431
0.228892
0.236773
0.216044
0.207467
0.238544
0.241367
0.215876
0.238228
0.250328
0.265736
0.247558
0.260704
0.259486
0.25282
0.254891
0.294767
0.253972
0.234138
0.24681
0.236868
0.230447
0.226782
0.236327
0.238952
0.249133
0.242005
0.224762
0.23697
0.238398
0.259789
0.236221
0.26909
0.268326
0.254872
0.234811
0.231101
0.235226
0.256071
0.232241
0.241519
0.257052
0.252209
0.255718
0.266438
0.239919
0.240044
0.240101
0.278411
0.269442
0.259989
0.223216
0.243228
0.231854
0.221709
0.224392
0.234407
0.244666
0.224613
0.248116
0.241036
0.249277
0.230114
0.234913
0.222829
0.247377
0.253636
0.243081
0.268986
0.232707
0.257527
0.246701
0.220852
0.210221
0.236368
0.239116
0.254806
0.250385
0.248563

