1
0.197375
0.200992
0.195259
0.203703
0.214289
0.198468
0.20032
0.193413
0.216401
0.195102
0.208759
0.221623
0.195022
0.190967
0.209774
0.19118
0.214007
0.22377
0.235618
0.223578
0.220795
0.203216
0.231422
0.205425
0.214078
0.20521
0.240204
0.216806
0.221215
0.217037
0.217203
0.235416
0.220901
0.2282
0.243222
0.215515
0.239286
0.250591
0.281404
0.246553
0.232516
0.200018
0.227953
0.209576
0.263437
0.236404
0.241837
0.23563
0.250198
0.230593
0.244202
0.264268
0.243194
0.229547
0.253605
0.252159
0.26494
0.246621
0.268435
0.260798
0.260343
0.248681
0.267039
0.232044
0.266468
0.232642
0.275012
0.252566
0.279546
0.253063
0.243074
0.239376
0.268939
0.243381
0.254358
0.235863
0.229905
0.255321
0.267184
0.258736
0.240356
0.228693
0.254264
0.239425
0.253637
0.24109
0.274794
0.252368
0.265844
0.25769
0.292059
0.249916
0.268369
0.26267
0.253856
0.283893
0.275402
0.242937
0.26488

