1
0.586052
0.615726
0.59024
0.583412
0.625305
0.599653
0.617401
0.606462
0.582457
0.608574
0.615165
0.599315
0.59941
0.599668
0.601173
0.592889
0.611599
0.60859
0.631276
0.596529
0.610775
0.60906
0.601103
0.614263
0.597273
0.603762
0.621723
0.614248
0.598027
0.585514
0.609546
0.594776
0.609102
0.587083
0.614115
0.6148
0.619672
0.612386
0.583883
0.592967
0.606072
0.612424
0.627008
0.633387
0.606819
0.602742
0.615125
0.637864
0.628678
0.618639
0.629036
0.628152
0.594798
0.597429
0.635247
0.622745
0.604015
0.613538
0.592554
0.610736
0.627099
0.600493
0.617555
0.608511
0.626382
0.609398
0.62934
0.619334
0.615841
0.631295
0.616562
0.604907
0.612118
0.613897
0.622239
0.62424
0.608349
0.624314
0.618759
0.597752
0.621348
0.631024
0.639224
0.615172
0.614426
0.621643
0.631829
0.615039
0.624382
0.616961
0.62044
0.624891
0.612076
0.633302
0.634131
0.618905
0.60218
0.637797
0.623172

