100
68.6334
56.559
49.4413
44.562
40.2822
39.2274
35.7971
35.5062
35.6245
31.8753
30.8567
30.7474
30.5085
30.2949
27.412
26.3862
27.423
28.2065
27.8899
26.6746
26.531
25.2957
26.3494
26.0841
25.9872
25.244
26.5165
26.0281
25.4631
24.1557
25.1307
24.7247
24.1557
24.1624
23.6984
25.1549
25.3997
27.162
25.4429
25.017
25.0788
23.8208
24.7335
24.6162
25.2541
24.1366
25.3183
24.4503
22.4576
22.8893
24.1565
23.0413
22.6653
23.4135
23.7999
22.6052
24.7191
24.1508
24.1473
22.7998
23.2109
23.0586
22.1749
23.192
23.0558
22.7376
23.6124
23.6127
23.5332
23.6746
23.7311
24.0298
22.7145
22.931
23.9337
23.7644
23.8077
22.153
23.7596
22.6588
22.6004
24.2649
24.0418
23.7284
24.021
24.1335
22.8426
22.8723
22.4031
23.9742
23.6758
23.3805
22.6914
23.6427
23.8197
24.0854
22.4766
23.3755
24.5052

