1
1
1
1
1
1
1
1
1
1
1
1
1
1
1
1
1
1
1
1
1
1
1
1
1
1
1
1
1
1
1
0.997314
0.987547
0.940782
0.91419
0.895003
0.884656
0.869147
0.847709
0.824417
0.809418
0.804539
0.793132
0.790935
0.76866
0.75741
0.747414
0.727928
0.725598
0.709058
0.70149
0.681897
0.679971
0.665634
0.661558
0.657752
0.657752
0.649849
0.652965
0.64115
0.64115
0.64115
0.632978
0.620762
0.623404
0.618286
0.614606
0.606298
0.577893
0.565251
0.558724
0.555146
0.525098
0.52266
0.520463
0.51924
0.512691
0.512691
0.511496
0.503232
0.503674
0.486141
0.485165
0.474174
0.463333
0.460746
0.458416
0.458416
0.458416
0.45752
0.457243
0.457243
0.45752
0.454179
0.450622
0.443886
0.442029
0.439693
0.439693
0.442029

