1
1
1
1
0.929812
0.87355
0.840359
0.806163
0.786276
0.753443
0.746319
0.741908
0.725389
0.718907
0.71213
0.710934
0.705234
0.683608
0.678255
0.665835
0.668643
0.667857
0.658563
0.666947
0.650017
0.649472
0.636406
0.638372
0.636018
0.626215
0.631803
0.623708
0.610514
0.617245
0.607921
0.618112
0.621361
0.619862
0.622746
0.619388
0.61916
0.616082
0.622216
0.62583
0.622259
0.623763
0.61739
0.61739
0.610059
0.610059
0.612653
0.607193
0.610583
0.60949
0.611297
0.610989
0.605287
0.608724
0.605146
0.609918
0.608545
0.609027
0.612145
0.604285
0.610551
0.618262
0.62283
0.61654
0.612821
0.604954
0.619153
0.624442
0.625325
0.62408
0.624661
0.620527
0.62408
0.621531
0.623811
0.621352
0.623958
0.621821
0.627156
0.616307
0.606403
0.602496
0.59817
0.603932
0.6043
0.61394
0.610506
0.603935
0.608953
0.610245
0.611503
0.619148
0.611503
0.60682
0.600905
0.600905

