1
0.486655
0.314988
0.263005
0.230715
0.195804
0.213364
0.203495
0.208779
0.207177
0.196508
0.20035
0.193453
0.208187
0.194988
0.219876
0.225287
0.200092
0.202193
0.194468
0.191975
0.189418
0.186259
0.208665
0.208676
0.20342
0.194517
0.178457
0.17114
0.176707
0.199988
0.203098
0.190767
0.203254
0.193675
0.208376
0.189855
0.190509
0.196362
0.193361
0.199207
0.168281
0.185061
0.186943
0.186451
0.193938
0.189955
0.196091
0.185875
0.194457
0.189852
0.195245
0.196739
0.183081
0.178002
0.182709
0.207587
0.206993
0.1992
0.182782
0.197351
0.189974
0.19446
0.199674
0.198953
0.207411
0.211792
0.233898
0.194098
0.180998
0.186887
0.191877
0.205834
0.215552
0.198089
0.220829
0.2111
0.207922
0.218617
0.211392
0.209458
0.19676
0.200637
0.20554
0.210721
0.19199
0.185118
0.188773
0.206222
0.2029
0.203232
0.225071
0.207282
0.211222
0.200853
0.207206
0.223677
0.217457
0.204558
0.218681

