100
88.6618
82.3111
74.7583
72.1556
72.1337
64.3287
67.8493
62.6161
56.58
59.8417
55.241
57.1771
61.1817
58.8333
57.3247
57.2231
55.5525
57.8212
59.8749
55.7778
56.2772
58.9612
59.9502
59.7799
58.377
58.4637
54.1085
57.3175
56.114
56.4812
56.2274
58.4294
55.6249
58.0433
54.6535
50.5859
53.5355
49.2813
53.0244
57.5125
55.2199
54.4368
53.9514
53.5185
52.6462
50.797
51.5611
54.7559
51.3365
51.2671
54.4668
56.1628
57.8373
60.4592
56.1646
54.5632
59.8877
55.0836
59.3181
56.176
58.5356
58.1519
55.4945
54.169
54.0624
58.4916
54.5945
54.0602
51.6721
49.7785
54.0371
55.3544
55.7636
55.8909
53.7962
53.3459
53.2614
53.9596
55.2513
54.0115
50.7259
54.4296
53.5669
51.9615
56.1868
55.1112
56.4931
59.2248
59.0674
55.9162
55.8637
54.9306
55.4433
55.7504
53.0498
54.5059
55.4459
53.9157
49.1629

