100
6.87029
5.92753
6.48725
5.56196
5.67415
6.04874
5.4586
6.42309
6.48483
5.51651
6.05458
6.06715
6.59911
6.87055
4.94834
7.36955
6.24253
6.64648
5.76423
6.10018
6.21183
6.31931
6.0355
5.68381
5.64836
5.67319
5.22859
6.27368
6.76285
5.29302
5.4763
5.93868
6.19866
7.12881
5.95862
5.86778
5.93732
5.5264
5.73453
5.49715
6.51785
5.48809
7.01626
6.17861
7.3914
6.75965
6.02014
4.79821
5.69038
5.70412
7.56184
6.01995
6.01459
6.4793
5.33348
6.96578
5.83877
6.95767
5.85614
6.21416
6.07983
6.46245
4.94603
6.56954
5.55439
5.83513
6.58282
5.75127
6.94135
6.21837
5.95663
5.89951
6.86417
5.86216
5.30406
6.12815
6.35366
6.57669
6.29346
6.15766
7.14697
6.39707
6.78569
5.62717
5.85684
6.74569
6.07548
5.82882
5.43999
6.11277
6.12906
6.41719
6.44689
5.71895
5.62363
6.48711
5.92494
6.65768
6.03488

