100
89.3347
81.2736
81.0472
76.7647
69.4173
72.1185
70.0268
73.948
71.4165
68.3877
66.1942
66.8266
68.3672
64.5452
61.9807
62.8289
59.7188
63.0874
61.3407
61.2104
61.5419
59.0069
63.4889
61.0224
63.6047
62.0211
64.3065
66.173
61.8289
61.1518
60.5872
56.6531
59.6273
60.5692
59.6094
61.4567
57.9292
60.0678
61.8824
62.5
63.5275
62.7811
60.6461
61.6471
60.392
60.3528
57.0797
60.5702
61.3348
59.9269
56.8121
59.7871
56.8418
57.8264
58.5726
58.6835
60.6791
59.3786
60.1464
63.6537
63.2378
68.2846
65.3524
64.9862
66.7769
62.8583
63.7713
62.6919
61.725
57.805
60.2763
61.2368
61.3194
62.2938
58.4848
59.0864
62.3023
66.1397
65.4556
61.437
66.964
64.5375
61.7728
62.5779
62.427
66.197
65.0709
66.3127
65.5851
63.3509
63.4412
61.5015
62.2713
59.9979
63.5493
62.3234
64.7424
63.8535
62.2234

