1
1
1
1
1
1
1
1
1
1
1
1
1
1
1
1
1
1
1
1
1
1
1
1
1
1
1
1
1
1
1
1
0.984931
0.977196
0.962246
0.954581
0.949331
0.942038
0.92751
0.919068
0.911964
0.908153
0.894953
0.892335
0.890863
0.888302
0.878112
0.871721
0.867824
0.865266
0.86002
0.857254
0.849668
0.841543
0.83507
0.825134
0.81648
0.813775
0.813775
0.812016
0.812016
0.813567
0.810314
0.804428
0.802473
0.801715
0.798678
0.792763
0.786304
0.786087
0.784944
0.784944
0.779677
0.779244
0.779244
0.775251
0.770212
0.766853
0.769265
0.766853
0.759187
0.758011
0.755564
0.755564
0.755564
0.755564
0.756673
0.756673
0.75495
0.75495
0.75495
0.753188
0.753188
0.748258
0.747499
0.747499
0.74257
0.745528
0.743592
0.740092

