1
0.603967
0.610787
0.597465
0.599635
0.603897
0.607531
0.594098
0.588558
0.59799
0.580627
0.600985
0.610025
0.619055
0.578601
0.585528
0.597459
0.612244
0.587065
0.601662
0.599459
0.607383
0.590149
0.597932
0.575916
0.595695
0.598322
0.584029
0.605543
0.607063
0.593876
0.594163
0.589517
0.584433
0.603932
0.606249
0.581906
0.592004
0.588426
0.580988
0.625546
0.606202
0.618642
0.587897
0.600425
0.601412
0.593365
0.618007
0.595
0.595499
0.59851
0.605001
0.593188
0.6122
0.590072
0.616898
0.594045
0.618647
0.593654
0.602143
0.585426
0.584997
0.610318
0.606029
0.583434
0.588848
0.616846
0.596755
0.61203
0.586205
0.587063
0.587849
0.589061
0.614226
0.606558
0.602116
0.581593
0.580513
0.592557
0.606994
0.603561
0.58024
0.585963
0.604649
0.588776
0.586094
0.608742
0.603347
0.58925
0.605234
0.598873
0.57973
0.604446
0.601837
0.58785
0.610629
0.60406
0.600327
0.617559
0.609717

