1.00086
0.893361
0.870628
0.859004
0.875417
0.886399
0.841456
0.892064
0.858223
0.86629
0.880205
0.857688
0.8366
0.855232
0.827075
0.872732
0.860664
0.848617
0.882391
0.860642
0.851811
0.847143
0.858424
0.872019
0.880923
0.845768
0.88471
0.892315
0.908693
0.868753
0.888524
0.834706
0.88595
0.870855
0.885341
0.834218
0.855169
0.885339
0.902337
0.857043
0.871563
0.868184
0.847631
0.845768
0.839819
0.856633
0.834388
0.878659
0.832245
0.856003
0.899148
0.877883
0.904062
0.84378
0.884983
0.900359
0.866267
0.865866
0.888833
0.817214
0.894856
0.867144
0.787435
0.846301
0.86384
0.860014
0.87331
0.889501
0.873519
0.924427
0.872575
0.848635
0.874895
0.886876
0.806734
0.885305
0.84884
0.903463
0.870914
0.898321
0.854332
0.885848
0.846627
0.856622
0.869253
0.881307
0.861476
0.839308
0.824323
0.908087
0.848935
0.841743
0.798409
0.864377
0.870455
0.853431
0.882365
0.82137
0.871302
0.817272

