1.00032
0.883836
0.824162
0.791054
0.821126
0.789895
0.781649
0.835503
0.801857
0.766118
0.755257
0.770284
0.766041
0.7875
0.747672
0.815187
0.7931
0.792752
0.80689
0.793674
0.757113
0.776981
0.778817
0.805688
0.854978
0.759905
0.759768
0.822639
0.828511
0.788783
0.806581
0.785712
0.74454
0.816045
0.778495
0.778027
0.75582
0.812516
0.775938
0.744801
0.762221
0.806211
0.800439
0.80122
0.787892
0.819667
0.787432
0.795862
0.737885
0.80982
0.792336
0.781194
0.761835
0.806532
0.774544
0.829947
0.846064
0.798637
0.798267
0.773979
0.803715
0.824982
0.833168
0.761392
0.819962
0.798288
0.793309
0.782927
0.799282
0.777715
0.788299
0.766918
0.824195
0.782932
0.770617
0.797001
0.810037
0.814798
0.776541
0.777144
0.763826
0.780725
0.790532
0.783487
0.799538
0.741891
0.792181
0.787368
0.792524
0.774213
0.783312
0.754781
0.771333
0.77346
0.781514
0.80851
0.758374
0.821904
0.81179
0.778793

