100
66.9859
54.011
44.2605
37.8042
33.1656
30.4361
27.2795
24.6652
22.8213
21.9315
20.0572
18.3217
16.5552
15.8026
14.5675
14.5289
15.1375
13.6053
12.276
11.3787
11.1991
11.1199
11.4532
11.0979
11.5665
11.3437
10.5282
10.5005
10.3305
9.70472
9.18411
8.86843
8.93046
8.87568
9.36113
9.22432
8.97336
8.63858
7.81889
7.40713
7.87416
7.96209
8.23398
8.10097
7.50489
7.91925
7.63611
7.58613
7.12425
6.86229
6.84717
7.23468
6.74394
6.89524
6.73139
6.60681
6.76614
6.64445
7.09876
6.90802
6.62104
6.57107
6.49892
6.49374
6.47541
5.92013
6.38491
6.25921
6.37798
6.33827
6.02081
6.0484
6.58553
6.59337
6.55451
6.59725
6.20589
6.49722
6.30066
6.56959
6.43877
6.6197
6.93115
6.85435
6.37027
6.80912
6.91542
6.3506
6.47778
6.84812
6.90913
6.68072
6.87814
6.62868
7.01745
6.88463
6.31624
6.5762
6.89168

