1
1
1
1
0.942912
0.889366
0.854194
0.831789
0.784953
0.774793
0.761504
0.751416
0.739895
0.725138
0.716207
0.708804
0.695353
0.703146
0.694026
0.693157
0.68429
0.676237
0.674776
0.670794
0.667575
0.652098
0.646453
0.636115
0.636986
0.632776
0.639956
0.642041
0.642041
0.640367
0.635723
0.636762
0.636416
0.632899
0.623505
0.631185
0.636761
0.634971
0.630288
0.623107
0.619752
0.627073
0.621579
0.624807
0.625238
0.626117
0.620329
0.619599
0.61363
0.609731
0.614594
0.609731
0.615408
0.619026
0.620169
0.606779
0.591546
0.595583
0.593494
0.583681
0.585901
0.584458
0.596154
0.589906
0.58575
0.599385
0.598737
0.588169
0.611251
0.619546
0.618717
0.613801
0.596507
0.589779
0.604591
0.603672
0.601709
0.587182
0.590889
0.604816
0.593052
0.601539
0.604729
0.592733
0.597302
0.598317
0.59826
0.612743
0.611383
0.607401
0.605544
0.606537
0.61518
0.616225
0.615675
0.61354

