   0.5145
   1.6313
   0.9210
   0.9793
   0.4327
   0.8197
   0.6367
   0.6823
   0.4180
   0.7553
   1.0886
   0.7394
   1.6187
   0.5012
   2.1547
   0.4874
   0.3428
   0.4806
   1.8644
   1.0247
   0.5336
   1.8744
   1.0655
   1.7112
   0.7224
   0.3130
   0.5952
   1.5327
   1.6689
   0.9004
   1.3332
   0.8106
   1.0963
   0.6234
   1.3671
   0.8735
   0.2482
   1.1538
   2.3090
   0.7137
   0.7546
   0.3914
   1.7635
   1.1113
   1.0209
   0.5458
   1.0134
   1.1549
   0.8832
   0.9180
   1.0199
   0.8307
   1.1602
   0.5673
   0.8077
   0.6178
   0.8682
   0.4776
   1.1392
   1.3244
   1.4358
   0.6399
   0.9365
   0.3466
   0.1980
   0.4065
   1.1308
   1.3557
   0.1751
   0.9678
   1.7989
   1.9044
   1.2801
   2.8528
   0.4145
   2.3140
   3.3755
   0.9082
   0.6311
   1.1484
   0.9350
   0.8627
   1.2081
   2.3160
   0.1762
   0.9530
   0.6152
   0.7785
   1.5733
   0.8198
   1.2456
   0.8325
   0.4890
   1.1842
   1.5005
   0.3269
   0.5475
   0.7558
   0.3907
   0.8630
   0.5714
   1.0412
   0.6398
   0.8416
   0.2510
   0.7297
   1.3954
   0.5808
   0.8468
   0.7024
   0.5606
   1.4021
   0.7842
   1.4091
   0.7781
   1.2753
   1.0004
   1.1585
   2.2966
   1.2391
   1.1814
   0.9238
   1.1854
   0.3465
   0.6956
   1.5683
   0.5508
   1.4988
   0.9534
   1.1148
   0.8341
   1.3708
   1.9326
   0.6136
   0.8651
   0.7428
   1.1655
   2.0337
   1.2853
   0.2699
   1.2214
   0.6528
   0.8610
   0.3847
   0.7513
   0.7723
   0.8438
   1.0298
   2.4831
   0.6707
   1.2635
   1.9958
   1.6782
   1.9299
   0.5146
   0.7068
   1.3548
   2.1204
   0.6854
   1.9161
   0.6880
   1.3807
   1.5011
   0.6135
   1.6529
   0.9874
   0.5512
   1.2897
   0.6503
   0.9764
   2.1598
   0.4505
   0.8183
   0.5387
   0.7387
   1.4020
   1.9651
   2.2052
   0.9700
   1.1571
   0.4931
   0.4989
   0.6751
   1.0018
   1.1771
   1.5410
   0.7098
   0.9769
   1.8534
   0.9344
   0.7790
   0.2001
   1.1832
   0.3077
   1.4092
   0.6789
   1.1665
   1.5556
   1.5001
   0.8483
   1.8977
   0.4861
   0.1442
   0.3785
   1.9439
   0.9291
   2.1559
   1.3500
   0.5851
   0.4838
   0.4090
   0.3446
   0.3525
   0.4966
   1.5593
   0.4653
   0.6884
   0.9874
   0.4331
   1.7915
   0.9665
   0.9172
   0.3190
   1.4954
   0.7467
   0.9611
   1.0759
   0.9386
   0.6453
   0.3538
   0.6318
   1.3460
   0.7459
   0.7810
   0.5223
   0.9402
   0.7314
   0.5986
   0.2362
   0.9308
   1.3128
   0.7040
   1.3540
   0.5046
   0.4565
   1.0736
   0.7775
   2.5725
   3.7453
   1.5653
   0.4459
   1.1954
   0.7570
   0.5601
   1.9480
   1.2085
   2.0513
   0.6128
   0.4937
   0.9108
   0.6671
   0.6901
   0.6463
   0.8918
   0.0832
   0.4495
   1.9472
   0.8907
   0.9879
   0.4405
   0.8316
   0.5986
   1.0902
   0.5608
   1.2391
   0.5401
   0.8501
   0.4839
   0.3723
   0.3350
   0.9454
   1.8170
   1.2004
   0.7279
   0.4802
   0.7586
   1.0200
   0.7159
   1.2988
   0.3843
   1.2900
   2.6132
   0.3956
   0.7080
   1.5979
   0.7546
   0.9924
   0.1996
   0.6698
   0.8167
   0.3966
   1.2355
   0.5272
   0.9120
   1.5044
   1.7626
   1.3492
   0.8993
   0.7800
   0.8964
   0.4085
   0.7944
   1.2091
   0.5085
   1.1398
   2.1062
   0.2346
   0.4173
   0.7796
   0.4880
   1.5305
   1.2723
   0.6700
   0.6711
   0.4081
   0.7142
   0.5661
   0.6988
   0.9666
   0.4656
   2.3142
   0.7679
   0.5483
   1.3704
   0.6400
   1.2557
   0.6541
   0.5777
   0.4612
   1.4491
   0.8819
   0.5481
   1.5595
   1.3872
   0.6306
   1.0828
   0.8835
   1.3322
   0.7278
   0.8512
   2.4141
   0.6031
   1.1348
   2.7956
   1.0003
   0.8967
   0.8654
   0.8737
   1.3217
   0.4850
   0.7165
   1.1448
   0.5627
   0.8832
   1.1567
   1.2722
   0.6051
   0.8494
   0.6607
   1.9204
   0.6547
   1.1103
   0.4852
   1.3059
   1.7977
   1.4341
   1.1883
   0.3483
   1.0113
   1.6413
   0.4719
   1.2993
   0.5234
   0.7343
   0.6475
   0.8361
   1.8672
   0.8940
   0.5068
   1.0269
   1.0562
   0.9457
   1.3244
   1.5336
   1.8042
   1.8478
   0.9020
   2.5380
   1.0947
   1.1682
   2.0754
   0.3549
   0.5044
   0.7447
   0.5972
   0.5699
   0.8354
   1.6572
   2.1703
   0.5414
   0.3808
   1.2057
   0.6130
   0.8722
   0.9676
   0.2635
   1.1512
   3.1188
   1.6948
   0.4712
   1.0248
   0.4791
   1.7387
   1.2045
   1.5505
   0.6509
   1.8066
   0.4184
   1.9189
   0.7953
   0.5003
   0.4903
   0.7531
   1.1386
   0.5271
   0.7662
   1.7328
   1.1494
   0.4118
   0.9326
   1.2705
   1.3859
   1.5202
   0.6112
   1.0940
   2.1636
   0.6162
   0.6838
   1.9762
   1.3555
   1.6042
   0.7796
   0.5036
   1.1012
   2.8679
   1.3117
   0.6825
   1.3747
   0.2476
   0.1276
   1.2212
   0.5118
   0.5668
   0.9502
   1.0882
   1.3063
   0.8819
   0.3845
   0.6238
   0.7836
   0.5977
   0.9117
   0.2305
   0.6751
   0.7940
   0.9824
   1.1616
   1.0378
   0.5937
   0.6185
   2.3888
   0.6615
   2.2134
   0.6567
   1.2648
   0.2561
   0.6986
   0.6240
   0.4867
   1.5452
   0.7204
   1.2598
   1.1564
   1.1885
   1.5934
   0.9879
   1.5650
   0.7891
   1.1625
   1.0333
   1.2528
   0.5918
   1.4702
   1.0407
   0.9613
   0.7705
   0.4636
   0.2431
   0.3484
   1.0112
   0.5440
   1.5529
   0.6998
   1.9070
   1.0634
   1.5760
   1.1863
   0.5535
   0.7347
   1.3920
   2.1162
   0.6272
   0.7247
   1.0694
   0.7810
   0.6385
   2.3468
   0.6985
   1.5781
   0.8904
   0.6769
   1.4147
   1.1479
   0.7377
   0.8095
   0.7985
   0.7034
   1.9546
   0.6815
   0.7371
   0.9100
   1.2449
   0.7521
   1.5998
   0.6161
   1.5713
   0.4217
   0.8167
   0.5649
   0.5665
   0.4249
   0.7077
   0.8725
   0.9075
   0.7836
   1.0585
   1.1713
   0.4797
   1.0134
   0.1925
   1.2204
   0.3458
   1.2730
   0.3742
   0.6686
   0.9278
   0.6897
   1.0165
   1.2190
   1.2807
   1.1875
   1.2105
   1.0054
   1.5638
   1.0814
   0.4565
   0.3537
   0.3669
   0.4488
   1.4969
   0.6607
   0.9188
   0.6403
   0.6721
   1.5819
   0.9841
   0.7233
   0.8541
   0.8771
   1.5140
   0.3505
   1.1776
   1.0592
   0.7827
   1.2255
   1.5181
   1.0458
   0.8624
   0.6629
   0.8693
   0.6152
   1.2206
   0.5960
   1.1292
   1.2584
   0.6691
   0.2438
   0.6244
   0.7449
   1.4057
   0.1644
   1.2256
   0.1409
   0.7448
   0.7247
   0.9306
   1.1918
   1.2575
   0.7326
   0.5764
   0.6649
   0.8595
   1.1155
   0.6716
   1.9023
   0.2530
   1.7206
   1.8111
   0.4907
   0.6521
   3.6105
   0.4579
   1.7223
   0.5294
   0.4721
   1.8326
   0.5160
   1.9541
   0.7950
   0.9920
   0.9226
   0.4487
   0.9870
   0.3545
   0.7787
   0.6919
   0.7645
   1.3170
   0.6731
   2.7151
   1.0768
   2.0704
   1.8378
   0.8560
   0.6096
   1.5282
   0.9726
   1.1285
   0.5508
   0.6887
   0.4412
   3.2626
   1.6926
   1.8064
   0.3454
   1.0949
   0.5465
   1.1655
   0.7274
   0.7862
   1.1372
   1.6595
   0.7843
   1.3311
   1.0534
   2.7985
   1.1012
   0.8007
   0.9212
   2.9599
   0.5430
   1.0372
   0.2324
   0.7354
   1.8148
   0.4959
   0.6595
   1.9483
   0.6038
   1.0702
   0.9980
   0.2952
   1.7362
   0.6758
   0.5159
   1.2962
   0.6854
   1.2168
   0.7430
   0.7904
   0.6586
   0.9642
   1.3777
   0.4681
   0.8005
   0.6210
   0.4205
   1.3103
   2.2584
   0.5006
   0.2417
   1.0857
   1.3107
   0.5468
   0.9174
   0.8595
   1.0516
   0.7217
   1.3301
   2.2170
   1.6884
   1.2934
   0.3351
   0.5889
   1.4686
   0.3651
   0.8444
   0.7099
   0.6282
   1.8624
   0.5259
   2.2659
   0.7010
   2.0084
   0.9739
   1.3099
   0.5490
   1.1095
   1.0814
   0.6701
   0.6193
   0.5493
   0.7061
   0.7347
   1.4895
   0.8940
   0.8618
   2.3562
   1.2963
   0.5108
   0.8838
   4.2543
   1.2182
   1.1500
   1.3849
   1.7465
   1.3785
   0.3867
   0.4579
   0.3754
   0.2480
   0.3584
   1.0483
   1.4781
   1.9677
   1.8949
   1.5186
   1.1339
   0.8978
   0.8435
   0.3941
   0.7671
   0.9461
   1.0317
   0.8409
   0.2167
   0.6244
   1.4256
   1.5387
   0.7744
   0.9584
   1.3067
   0.7344
   1.0767
   1.1382
   0.4712
   0.4007
   0.5409
   2.3613
   1.7937
   0.3991
   0.4806
   0.7447
   0.3654
   1.8807
   1.2215
   0.7009
   1.6583
   1.3660
   0.2970
   1.0099
   0.2285
   0.3848
   0.6492
   0.3421
   1.9453
   1.8757
   1.0707
   0.5352
   0.4680
   0.3512
   0.6213
   0.5190
   1.1408
   0.4383
   1.1752
   0.9462
   0.4751
   0.8102
   1.4209
   0.5662
   0.6433
   1.1466
   0.8302
   0.4453
   0.5803
   0.6994
   0.5603
   0.4575
   0.3799
   0.4761
   1.0693
   0.6114
   0.3157
   0.7390
   0.5574
   0.9738
   0.6145
   2.0528
   0.2268
   1.0052
   0.8356
   0.3799
   1.0540
   1.2149
   1.4307
   0.2230
   0.4284
   0.4427
   0.2639
   1.5009
   0.8519
   0.9148
   1.0794
   0.7377
   0.6954
   0.9790
   0.6977
   1.3579
   0.8601
   1.0918
   0.9287
   1.8117
   2.1259
   1.4842
   1.9897
   0.9415
   0.3529
   1.3543
   0.4177
   0.3820
   1.0667
   0.9048
   0.8961
   1.9676
   1.2421
   1.3592
   1.0092
   0.3269
   1.7234
   1.3121
   0.5933
   0.8767
   2.0110
   1.4713
   2.2721
   1.6848
   1.8334
   0.9298
   0.8229
   1.2335
   0.5007
   0.9893
   0.6283
   1.0321
   0.5495
   0.3603
   0.8205
   0.5749
   0.6301
   0.9266
   0.7413
   1.2451
   0.8243
   0.7631
   1.6580
   1.1710
   1.2024
   1.5277
   0.2812
   1.1136
   0.5222
   0.7169
   1.4890
   1.8969
   0.6712
   1.0667
   0.5887
   0.9470
   1.1550
   0.6614
   1.7823
   0.5115
   0.5323
   0.6586
   0.2380
   2.0895
   1.8942
   0.3233
   0.6392
   0.9394
   0.7741
   0.8457
   1.2405
   0.4851
   1.0848
   1.7527
   0.6055
   0.4794
   0.3819
   0.9193
   1.4504
   1.3497
   0.4844
   0.5979
   1.2278
   0.6244
   2.2899
   1.4306
   0.3772
   1.7319
   1.1265
   1.3298
   0.7867
   1.3152
   0.7887
   1.0588
   0.7379
   0.4478
   0.2991
   0.8141
   1.9493
   0.4105
   1.2732
   1.8874
   1.8603
   0.2097
   0.5934
   0.1573
   0.9588
   1.6709
   0.9775
   0.4506
   0.4545
   2.4692
   0.6810
   1.1741
   0.9009
   0.7039
   1.1197
   0.3493
   0.8985
   0.7467
   1.1200
   1.0584
   0.9814
   0.4798
   1.7034
   1.2945
   1.9393
   1.3665
   0.8559
   0.9400
   1.2053
   0.6732
   1.4743
   1.1384
   0.4995
   2.2360
   1.1422

