  8.3959e+001
  8.5495e+001
  5.9275e+001
  1.1734e+002
  4.4567e+002
  1.5201e+002
  1.0375e+002
  6.2951e+001
  5.9008e+001
  2.5757e+001
  2.8132e+001
  3.2854e+001
  1.3971e+002
  1.4394e+002
  4.0180e+001
  1.9075e+002
  3.2974e+001
  2.3859e+001
  6.0204e+001
  1.1075e+002
  4.3040e+001
  1.1778e+002
  5.8690e+001
  2.4798e+000
  7.6998e+001
  1.6934e+002
  2.2355e+001
  6.3180e+001
  5.7749e+001
  9.5470e+001
  2.6520e+001
  4.2261e+001
  1.8665e+002
  1.9172e+001
  2.4778e+002
  1.0955e+002
  2.6800e+001
  2.3812e+001
  5.5597e+001
  1.9048e+002
  1.1501e+002
  1.1804e+002
  6.7318e+001
  1.3406e+002
  2.0546e+001
  1.1223e+002
  1.6836e+002
  5.2413e+001
  2.3784e+002
  7.6498e+002
  5.2753e+001
  5.3499e+001
  1.2483e+001
  1.7927e+001
  2.5727e+001
  2.7445e+002
  3.4683e+001
  2.5361e+002
  5.3793e+001
  1.7946e+002
  1.5757e+002
  1.0897e+002
  3.9895e+001
  4.2651e+001
  1.2825e+002
  2.5242e+002
  1.2645e+002
  2.1196e+001
  1.9234e+001
  1.1292e+001
  7.9066e+001
  2.0100e+002
  9.9946e+001
  3.7038e+001
  2.7871e+002
  2.6958e+001
  3.5646e+001
  9.3268e+001
  8.0461e+001
  7.7798e+001
  2.2434e+002
  1.3046e+002
  1.8823e+001
  4.7752e+001
  2.6602e+001
  1.0300e+002
  4.0513e+001
  6.4569e+001
  7.9991e+001
  2.8298e+001
  2.4261e+002
  5.6054e+001
  3.2866e+001
  1.4301e+002
  1.5687e+001
  5.2641e+000
  1.0891e+002
  1.5801e+002
  3.2887e+000
  4.8061e+001
  6.5144e+001
  6.5826e+001
  7.8315e+001
  2.0588e+001
  1.8883e+002
  9.9285e+001
  2.2889e+001
  4.5230e+001
  7.2911e+001
  1.2462e+002
  1.6830e+002
  9.7529e+001
  4.1988e+001
  1.0968e+002
  4.9157e+001
  1.5439e+002
  8.2559e+001
  2.1856e+002
  1.2527e+002
  1.3323e+002
  1.0636e+002
  5.3096e+001
  5.8438e+001
  8.5595e+001
  2.6641e+001
  8.5963e+001
  1.8848e+002
  8.0854e+001
  1.4372e+002
  5.5340e+000
  6.0795e+001
  1.9002e+002
  1.5836e+002
  1.9170e+002
  1.6262e+002
  6.4354e+001
  9.6618e+001
  6.6024e+001
  6.7012e+001
  8.2202e+001
  7.7447e+001
  5.1197e+001
  2.3037e+002
  2.8373e+001
  1.5163e+002
  4.3777e+002
  2.2233e+002
  5.7694e+001
  9.5773e+001
  8.6465e+001
  4.0275e+001
  9.8785e+001
  5.1147e+001
  1.0201e+002
  8.7118e+000
  2.3862e+001
  4.0655e+001
  5.7652e+001
  1.9555e+001
  2.1308e+001
  5.7000e+001
  8.6635e+001
  9.6274e+001
  1.5436e+002
  4.0819e+000
  1.5467e+002
  5.1341e+001
  1.4477e+002
  1.1497e+002
  1.6882e+001
  4.8160e+000
  7.6506e+001
  8.9696e+001
  3.1915e+002
  1.6994e+002
  8.1513e+001
  1.2285e+002
  3.0532e+001
  7.9316e+001
  5.9433e+001
  8.2086e+001
  2.0505e+001
  2.0092e+002
  4.0252e+001
  8.6363e+001
  3.3942e+002
  1.1943e+002
  3.7607e+002
  6.9768e+001
  1.1862e+001
  9.2728e+001
  8.1239e+001
  1.3080e+002
  9.4369e+001
  5.1274e+001
  1.4305e+002
  1.5937e+001
  1.5824e+002
  2.6246e+002
  7.6476e+001
  3.5664e+002
  2.0238e+001
  1.4599e+002
  2.1643e+001
  6.9487e+001
  2.0963e+002
  2.7934e+002
  4.3842e+002
  2.5477e+001
  2.5525e+001
  3.7702e+002
  5.9335e+001
  5.4315e+001
  2.4054e+001
  9.9919e+001
  4.6381e+001
  9.4982e+001
  2.1036e+002
  4.9470e+001
  2.6759e+002
  2.4012e+001
  4.9066e+001
  1.0044e+002
  5.9912e+001
  7.2937e+001
  2.4362e+001
  3.4455e+002
  2.4363e+002
  1.5442e+001
  7.6047e+001
  1.6571e+002
  1.8114e+002
  1.6652e+002
  1.5834e+002
  7.4699e+001
  5.7828e+001
  8.7269e+001
  5.1055e+001
  3.2855e+002
  3.7965e+001
  2.1719e+002
  5.9045e+001
  2.6316e+001
  1.2029e+002
  1.6640e+002
  3.4118e+001
  1.3273e+002
  1.4373e+002
  6.2635e+001
  8.3253e+001
  6.1383e+001
  1.1980e+002
  1.0960e+002
  6.8661e+001
  3.9559e+001
  1.2281e+002
  3.8674e+002
  6.4184e+001
  1.6457e+002
  7.4337e+001
  3.8867e+001
  3.2691e+001
  1.7901e+001
  2.0169e+001
  8.1628e+001
  2.3958e+002
  1.3177e+002
  1.4637e+002
  1.3377e+002
  3.1180e+001
  1.5740e+002
  4.9345e+001
  1.6975e+001
  2.7965e+001
  4.5633e+001
  2.3063e+002
  2.6069e+002
  7.7083e+001
  1.2714e+002
  3.4751e+001
  5.0018e+001
  2.1877e+001
  2.2121e+002
  4.2866e+001
  1.9093e+002
  1.2184e+002
  1.7135e+002
  1.4757e+002
  1.1739e+002
  8.3337e+001
  1.5181e+002
  3.6788e+001
  3.9901e+002
  8.4549e+001
  1.0673e+002
  7.2620e+001
  2.4970e+001
  1.8421e+002
  2.2015e+001
  9.9126e+001
  1.5677e+002
  4.2630e+001
  4.3695e+001
  7.2705e+000
  1.7812e+002
  6.2742e+001
  8.5976e+001
  1.2546e+002
  4.7431e+001
  1.9458e+002
  5.4550e+001
  3.7285e+002
  6.8021e+001
  1.3749e+002
  7.8712e+001
  1.5573e+002
  4.7960e+001
  1.6443e+002
  4.4869e+001
  2.7725e+001
  6.3792e+001
  5.9427e+001
  7.4213e+001
  2.6120e+001
  5.2883e+001
  7.4895e+001
  3.8041e+001
  6.8593e+000
  6.7416e+001
  1.2400e+002
  1.1907e+002
  6.5350e+001
  4.1249e+001
  1.0650e+002
  5.7752e+001
  3.6849e+001
  3.1757e+001
  4.4228e+001
  1.0166e+001
  2.6652e+002
  2.4040e+002
  1.4584e+002
  6.6701e+001
  1.1066e+002
  8.0773e+001
  1.9151e+001
  9.6413e+000
  4.2690e+001
  5.1696e+001
  2.9949e+002
  1.9827e+001
  4.4481e+001
  5.7790e+001
  5.6068e+001
  6.0136e+000
  1.5461e+002
  2.5767e+002
  6.0134e+000
  1.8263e+001
  2.2507e+001
  2.7348e+002
  9.5357e+001
  8.4768e+001
  2.0845e+001
  2.2105e+001
  2.0168e+001
  2.2612e+002
  9.2334e+001
  6.0592e+001
  2.0509e+002
  1.2137e+002
  2.3316e+001
  8.2190e+001
  2.3299e+002
  8.7324e+001
  2.0540e+002
  4.4659e+001
  3.2714e+001
  1.0537e+002
  3.9367e+001
  2.1726e+001
  2.0211e+002
  1.5398e+002
  2.0796e+001
  2.2539e+002
  8.1271e+001
  1.1162e+001
  6.2716e+002
  3.2731e+001
  1.4467e+002
  6.1616e+001
  7.1425e+001
  2.9488e+001
  2.7819e+001
  2.2046e+002
  1.1229e+001
  1.1306e+002
  6.1452e+001
  3.2629e+001
  1.5422e+001
  2.4523e+002
  2.9260e+001
  4.1744e+001
  2.4028e+002
  8.7816e+001
  8.6942e+001
  1.7437e+002
  2.1080e+002
  1.5013e+001
  5.8401e+001
  9.6131e+001
  2.3776e+001
  2.1202e+001
  1.7589e+002
  1.4070e+002
  3.2996e+001
  4.5928e+001
  9.4773e+001
  6.2883e+001
  1.0820e+002
  4.0263e+001
  6.7136e+001
  4.8191e+001
  2.6491e+001
  1.6171e+001
  1.6733e+002
  5.1909e+001
  8.3843e+000
  6.1968e+001
  1.1896e+002
  2.1875e+002
  3.0494e+002
  7.7979e+001
  3.4346e+001
  1.2667e+002
  6.4650e+001
  1.5613e+001
  2.1824e+002
  4.5639e+001
  1.4721e+001
  1.9852e+001
  7.0730e+001
  2.9042e+001
  1.4202e+002
  2.0540e+002
  1.0380e+002
  5.0698e+001
  6.2957e+001
  3.2746e+001
  5.1871e+001
  3.3141e+001
  4.4409e+001
  1.9437e+002
  1.7895e+001
  2.2660e+002
  3.4452e+001
  1.8383e+002
  1.0745e+002
  8.0566e+001
  4.1344e+001
  6.5540e+001
  6.8811e+001
  1.0065e+002
  3.0502e+001
  2.3926e+002
  1.5177e+001
  5.7311e+001
  7.8825e+001
  1.0748e+002
  7.0569e+001
  1.0276e+001
  3.1377e+002
  6.4666e+001
  1.7438e+002
  3.4326e+001
  1.4751e+002
  3.0911e+001
  1.8119e+002
  3.1995e+001
  5.7683e+001
  1.4587e+002
  4.7409e+001
  1.1969e+002
  1.9316e+001
  5.4128e+001
  8.7846e+001
  1.1480e+001
  3.2275e+001
  7.3899e+001
  1.2590e+002
  3.8039e+002
  1.1262e+002
  1.4459e+002
  1.3450e+002
  5.8154e+001
  7.1595e+001
  1.4610e+002
  1.0245e+001
  5.3113e+000
  5.9390e+001
  1.0629e+002
  1.9756e+002
  2.1336e+002
  4.8585e+001
  1.2286e+002
  8.6720e+001
  1.1612e+002
  1.4337e+002
  1.6526e+002
  3.6322e+001
  1.3790e+002
  7.7570e+001
  2.2656e+001
  7.3315e+001
  1.6995e+002
  1.4112e+002
  2.2009e+002
  6.0809e+001
  1.3921e+002
  2.1304e+001
  7.9583e+001
  1.0418e+001
  3.4500e+001
  6.0501e+001
  1.6492e+001
  6.2789e+000
  2.0063e+001
  1.2167e+001
  6.3937e+001
  7.2033e+001
  1.3876e+002
  6.5263e+001
  7.5041e+001
  4.3024e+001
  1.7236e+002
  1.2686e+002
  2.9165e+001
  2.9727e+001
  1.5991e+001
  2.8266e+002
  2.1912e+001
  2.6378e+001
  5.6344e+001
  4.7744e+001
  3.1510e+002
  3.4591e+001
  8.5681e+001
  1.7338e+001
  8.1140e+001
  2.3845e+001
  3.8096e+002
  5.8047e+002
  1.9546e+002
  1.6394e+001
  2.5322e+001
  3.3098e+001
  2.8575e+002
  1.7507e+002
  2.7892e+002
  1.5106e+001
  1.6809e+002
  4.1547e+001
  9.5662e+001
  1.1183e+002
  6.8115e+001
  4.7378e+001
  5.1198e+001
  5.4374e+001
  4.6489e+002
  1.0429e+002
  1.4593e+002
  4.1784e+001
  1.1458e+002
  3.6644e+001
  8.2834e+001
  2.1036e+002
  7.5143e+001
  7.0082e+001
  1.0596e+002
  4.1788e+001
  2.0839e+002
  1.9887e+002
  2.8460e+002
  2.2152e+001
  4.7964e+001
  3.9611e+001
  4.0809e+001
  1.5478e+001
  1.1499e+002
  2.5430e+002
  2.1079e+002
  6.9064e+001
  1.3117e+002
  3.2262e+002
  1.6794e+002
  2.7617e+001
  2.4896e+001
  3.3136e+002
  2.3860e+001
  1.7493e+001
  1.7431e+001
  1.5702e+002
  5.9688e+001
  7.9742e+001
  5.8162e+001
  4.1646e+001
  8.8918e+001
  1.6771e+002
  1.9248e+002
  2.6968e+001
  2.9825e+002
  2.5800e+001
  4.1177e+001
  2.4198e+002
  1.5768e+002
  1.7916e+002
  3.6331e+002
  6.6361e+001
  5.3119e+001
  1.0367e+002
  4.2466e+001
  2.3041e+002
  1.3634e+002
  5.8784e+001
  1.2485e+002
  6.0505e+001
  6.6597e+001
  4.2734e+001
  5.7264e+001
  7.6050e+001
  4.8419e+001
  6.9270e+001
  1.0951e+001
  1.6094e+002
  3.8701e+001
  9.1058e+000
  2.6460e+001
  1.2313e+002
  2.5168e+002
  1.8782e+002
  5.6662e+001
  6.2868e+001
  1.4770e+001
  1.7397e+002
  7.6141e+001
  6.4003e+000
  1.7093e+002
  1.1680e+002
  6.2834e+001
  1.1339e+001
  1.3255e+002
  3.7173e+001
  9.3298e+001
  1.0472e+002
  5.7113e+001
  1.0130e+001
  2.7846e+001
  2.6927e+001
  6.9485e+001
  1.2671e+002
  9.5803e+001
  3.4370e+001
  2.3619e+001
  2.1556e+002
  1.2567e+002
  2.0125e+001
  3.9086e+001
  3.9254e+001
  5.5397e+001
  1.1577e+002
  1.2951e+002
  1.6826e+001
  1.5340e+002
  8.5411e+001
  5.6280e+001
  4.8558e+001
  1.2059e+002
  8.0613e+001
  5.2631e+001
  1.6580e+001
  4.3813e+001
  5.8372e+001
  3.5231e+001
  9.4110e+000
  4.2121e+001
  3.6665e+002
  4.2564e+001
  3.5849e+001
  1.0210e+002
  1.1392e+002
  5.8797e+001
  7.2074e+001
  3.8584e+001
  4.7670e+001
  1.0195e+002
  4.4987e+001
  2.1693e+002
  1.3845e+002
  2.4119e+002
  2.3332e+001
  4.8559e+001
  1.8904e+002
  2.0896e+002
  1.7583e+001
  4.7613e+001
  6.7903e+001
  2.1854e+001
  5.9933e+001
  1.6671e+001
  3.0086e+001
  3.8952e+001
  3.6442e+001
  3.0450e+001
  3.0964e+001
  1.8174e+002
  2.4470e+002
  8.3139e+001
  5.2641e+001
  7.1118e+001
  7.4687e+001
  7.4454e+001
  2.8616e+001
  2.7092e+001
  1.3928e+002
  2.0411e+002
  3.6763e+001
  4.6187e+001
  3.8221e+001
  1.4988e+002
  2.4955e+001
  1.3325e+002
  1.8391e+001
  2.2903e+002
  1.8942e+002
  2.6731e+002
  3.7270e+001
  2.5148e+002
  2.6476e+002
  2.7505e+001
  8.9954e+001
  1.2300e+001
  1.7171e+002
  3.9180e+001
  8.1992e+001
  5.4988e+001
  1.4501e+002
  6.3734e+001
  2.7332e+002
  6.0251e+001
  6.1189e+001
  4.6904e+000
  1.6091e+001
  8.7440e+001
  5.8577e+001
  3.6310e+001
  5.5311e+001
  8.6730e+001
  8.1663e+001
  1.1608e+002
  1.3196e+002
  1.1150e+002
  5.6572e+001
  1.1780e+002
  5.7879e+000
  8.5324e+001
  5.8077e+001
  5.1753e+001
  5.5568e+001
  1.7366e+002
  2.0252e+001
  1.4336e+002
  5.5854e+001
  1.3167e+001
  5.1271e+001
  3.3383e+001
  4.4405e+002
  2.0029e+001
  1.2727e+002
  1.2339e+002
  1.8964e+002
  3.0627e+001
  1.4427e+002
  1.9023e+002
  1.6250e+002
  6.0927e+001
  3.3028e+001
  3.0116e+002
  1.8092e+002
  4.9584e+001
  1.1128e+002
  1.0753e+002
  7.1251e+001
  7.1105e+001
  6.1111e+002
  6.3883e+001
  2.1066e+001
  2.9216e+001
  2.2752e+002
  1.1437e+002
  2.5473e+001
  1.5694e+002
  4.1748e+002
  1.8214e+002
  9.4743e+001
  2.2241e+001
  1.6701e+002
  3.6461e+001
  9.5123e+001
  8.1049e+001
  1.1625e+002
  1.2009e+002
  1.1580e+002
  1.0160e+002
  1.5707e+002
  4.9773e+001
  7.1335e+001
  2.6983e+001
  1.0016e+002
  2.0369e+002
  7.1331e+001
  1.9355e+001
  1.9033e+001
  5.6531e+001
  2.0812e+002
  1.7050e+002
  2.5857e+002
  1.1240e+002
  1.0607e+002
  5.8850e+001
  3.7555e+001
  1.9730e+002
  1.9653e+002
  2.5779e+001
  7.4391e+001
  1.2624e+002
  1.8363e+002
  3.9805e+001
  8.8006e+001
  3.9693e+001
  2.0728e+002
  1.5132e+001
  4.7275e+000
  9.3248e+001
  5.3944e+002
  2.0356e+001
  1.8469e+002
  1.3592e+001
  1.3064e+002
  4.7162e+001
  2.6177e+001
  4.5796e+001
  1.2685e+001
  3.5421e+002
  5.9714e+001
  1.9305e+001
  6.6113e+001
  3.1490e+001
  1.2415e+002
  2.9129e+001
  3.8943e+001
  2.4312e+001
  6.1573e+001
  3.2586e+001
  2.6443e+001
  9.1368e+001
  2.8651e+001
  2.9007e+002
  3.8027e+001
  7.9271e+001
  9.8191e+001
  4.0258e+001
  4.4296e+001
  3.9383e+001
  4.5419e+002
  1.6141e+002
  5.1057e+001
  3.7885e+001
  6.0134e+001
  4.3047e+001
  3.0112e+002
  1.7903e+002
  1.9670e+002
  1.0049e+002
  2.0953e+002
  1.1274e+002
  3.1056e+001
  5.2432e+001
  2.6255e+002
  1.0987e+001
  2.4406e+002
  3.2594e+001
  1.0956e+002
  6.3155e+001
  2.5146e+001
  4.4662e+001
  1.0670e+002
  3.6141e+002
  7.8751e+001
  7.3266e+001
  4.2086e+001
  8.8279e+001
  2.1072e+001
  1.1660e+001
  1.1364e+002
  2.9728e+001
  2.8093e+001
  5.2065e+001
  1.6649e+002
  2.7288e+002
  7.1244e+001
  1.7416e+002
  2.8841e+002
  3.1716e+001
  1.0305e+002
  3.2048e+001
  1.2715e+002
  8.3317e+001
  2.7082e+002
  4.3249e+001
  4.4373e+001
  4.0851e+001
  4.8622e+001
  3.2463e+002
  5.0484e+001
  1.5162e+002
  1.1408e+001
  8.0435e+001
  5.8065e+001
  3.4763e+001
  2.3601e+001
  1.2783e+001
  9.6641e+001
  3.7154e+001
  9.7962e+001
  7.1339e+001
  6.0263e+001
  3.8437e+001
  1.3688e+002
  4.9118e+001
  1.5819e+002
  7.7568e+001
  1.4271e+001
  4.7719e+002
  6.4119e+001
  1.1363e+002
  1.5987e+002
  3.5541e+001
  5.9474e+001
  6.9590e+001
  1.7222e+001
  4.5795e+001
  1.3037e+001
  2.7130e+002
  1.9997e+001
  1.4991e+002
  2.2609e+001
  2.2375e+001
  4.1203e+001
  8.2182e+001
  2.0065e+002
  2.0312e+001
  1.3678e+002
  8.3859e+001
  8.3838e+001
  1.0364e+002
  6.4912e+001
  4.4221e+001
  2.5655e+001
  8.9313e+000
  1.3745e+002
  1.6466e+001
  2.8269e+001
  3.9520e+001
  2.0855e+002
  1.5577e+002
  2.4389e+001
  1.8147e+001
  9.4721e+001
  1.1343e+001
  1.0667e+002
  5.6436e+001
  6.1767e+001
  2.6668e+001
  2.2030e+001
  9.1728e+001
  2.2637e+001
  1.0684e+002
  1.6282e+002
  2.0250e+001
  2.0379e+001
  2.0516e+002
  1.1203e+002
  1.6973e+002
  1.3406e+002
  2.7169e+001
  3.5197e+001
  2.4285e+002
  9.8706e+000
  1.5727e+001
  1.6180e+002

