   0.8308
   1.7186
   0.6668
   0.4586
   0.7346
   1.4012
   0.2856
   0.2231
   1.1417
   1.3747
   0.8078
   1.2531
   0.7991
   0.7815
   0.5791
   1.1307
   2.3647
   1.2912
   1.5440
   0.8268
   1.4284
   0.6194
   0.8148
   1.5689
   0.4427
   1.1117
   1.1951
   1.5638
   0.3568
   0.5465
   1.2591
   1.2321
   0.9563
   1.0341
   0.6626
   0.4455
   0.8389
   0.6687
   0.9138
   0.7168
   1.2585
   0.9818
   0.9878
   1.9230
   0.5150
   0.8262
   0.6715
   1.3157
   1.3760
   0.7121
   0.6468
   1.0000
   0.5666
   0.4333
   1.0641
   1.4911
   1.0329
   1.5306
   0.6130
   2.5851
   0.5323
   1.0000
   0.6292
   0.7107
   0.9992
   0.9760
   0.4407
   1.0482
   0.4601
   1.1910
   0.3781
   0.8001
   1.2879
   2.5250
   1.5050
   1.6133
   0.7744
   1.5198
   0.4885
   1.3593
   1.0370
   1.2191
   1.5289
   0.9101
   0.9777
   1.1448
   0.7017
   1.1196
   0.9602
   0.5051
   0.6719
   1.3668
   0.4744
   0.8039
   1.0027
   1.1083
   0.6198
   1.0011
   1.1814
   1.4101
   1.7317
   0.9909
   0.9318
   0.6613
   1.0000
   1.3633
   1.1386
   0.7788
   1.0108
   0.6963
   0.8700
   0.7651
   1.5024
   0.8532
   0.5125
   1.2037
   1.4613
   0.9103
   0.7144
   0.8373
   1.8579
   1.3405
   0.5553
   0.6441
   0.8349
   0.5207
   1.1045
   0.9629
   0.5951
   0.6175
   1.2044
   1.6148
   1.8773
   1.2852
   1.4402
   1.3069
   0.5432
   0.8609
   1.9392
   0.9091
   0.8004
   0.4607
   0.6815
   0.4591
   1.6622
   0.5495
   1.1382
   0.2773
   0.4285
   0.6916
   0.4307
   0.9781
   1.9933
   1.1772
   0.4310
   0.5509
   1.2592
   0.7658
   1.4422
   0.9226
   1.7572
   0.7124
   0.8272
   1.7593
   1.1681
   1.1698
   0.2337
   0.9200
   0.5017
   0.7718
   0.5217
   1.0564
   0.3539
   1.4684
   1.3609
   1.3560
   1.0142
   0.8124
   1.3185
   1.3497
   1.0163
   0.9328
   1.3335
   0.6482
   1.1069
   1.0593
   0.9292
   1.2316
   1.3002
   2.4825
   1.4253
   1.0933
   2.0128
   0.6276
   0.7432
   1.0809
   0.4770
   0.4370
   1.0630
   1.3738
   1.1116
   0.5096
   1.7562
   1.9853
   0.7163
   1.0000
   1.5532
   1.2519
   1.5805
   0.7723
   1.6473
   0.5866
   0.7414
   0.9912
   0.6714
   1.5403
   0.9211
   1.6900
   0.4289
   0.9166
   1.4382
   1.3437
   0.5657
   0.6078
   1.1702
   1.4782
   1.2696
   0.4021
   2.5096
   0.5656
   1.4759
   0.7566
   0.7028
   1.9491
   0.5238
   0.4339
   1.8817
   1.3103
   1.8436
   1.6774
   0.3800
   0.6216
   1.3016
   0.7200
   1.9999
   0.8465
   0.4957
   0.7489
   0.3775
   0.3734
   0.9815
   0.8507
   0.3022
   0.6970
   0.9353
   1.0454
   1.6664
   1.8675
   1.3702
   1.1724
   1.1515
   0.2912
   0.7567
   0.9765
   1.6130
   0.6688
   0.8810
   1.7468
   0.4507
   1.1529
   1.9060
   0.5924
   0.5628
   0.7514
   0.6127
   0.5568
   1.1362
   1.0216
   1.2722
   1.2417
   0.4628
   0.6090
   0.6464
   0.6084
   0.4207
   1.8710
   0.9981
   0.4070
   0.7370
   0.5064
   0.8774
   1.6634
   0.2701
   0.9551
   1.5870
   1.2899
   1.0034
   0.6819
   0.4641
   1.1685
   1.0730
   1.7229
   0.7047
   0.4946
   1.1095
   1.9151
   0.5116
   1.0459
   0.6268
   1.0708
   0.9097
   1.4609
   1.1405
   0.9173
   0.2439
   1.6872
   1.2744
   1.6771
   0.9313
   0.8607
   0.6233
   1.6101
   0.6249
   0.9208
   0.8922
   1.2701
   0.7175
   0.7918
   0.2596
   0.9075
   0.6825
   1.2615
   1.5291
   0.5318
   0.4463
   0.9072
   1.5954
   0.6995
   0.8771
   0.4973
   0.3177
   0.8198
   0.9390
   1.3255
   0.8469
   0.5135
   0.3701
   0.4506
   1.3034
   0.4447
   0.7191
   1.2370
   0.4229
   0.9393
   1.1460
   0.4621
   0.8038
   1.0422
   0.5221
   0.6904
   0.7234
   0.6744
   0.9767
   1.0886
   0.7351
   1.3506
   1.4270
   0.9297
   1.0000
   1.5404
   0.9805
   1.0482
   1.6739
   1.1634
   1.2065
   1.6246
   1.0596
   0.7358
   0.8255
   0.2663
   0.8507
   1.3994
   1.0629
   1.5922
   1.3125
   0.8349
   0.4802
   0.9965
   1.2790
   0.9807
   1.5924
   0.8152
   1.1113
   0.8144
   1.0445
   0.7626
   1.4210
   0.9596
   1.2592
   0.5766
   0.3329
   0.9523
   0.6832
   1.2589
   0.9040
   0.9611
   1.4000
   0.8541
   1.4755
   1.1928
   1.8244
   1.0369
   1.0698
   1.0473
   0.8464
   1.1896
   1.4870
   1.7191
   0.9213
   2.0282
   0.9405
   1.5657
   1.0137
   0.3113
   1.2450
   1.2940
   0.6835
   1.6672
   1.0390
   0.6795
   0.8330
   0.3152
   0.9403
   0.6230
   0.6749
   1.7189
   0.9614
   0.8097
   0.9402
   0.7732
   0.9303
   1.3082
   0.6282
   0.6948
   1.2843
   0.5658
   0.3524
   1.4657
   0.4180
   0.7979
   0.9237
   1.3431
   0.8494
   0.3338
   0.8627
   0.7113
   0.5992
   1.3807
   0.9986
   1.9554
   0.7473
   1.1497
   0.5371
   0.8922
   0.4960
   1.1501
   0.7463
   0.5502
   1.0000
   1.6890
   0.5218
   1.1184
   0.9283
   0.8516
   0.3660
   1.2011
   0.9511
   0.6955
   0.3686
   0.6563
   0.6737
   0.9293
   1.8724
   1.5072
   0.9594
   1.7786
   0.7585
   2.0941
   1.4537
   0.9349
   0.7793
   1.0749
   0.6181
   1.2628
   1.8623
   0.7740
   0.5255
   0.5476
   1.0000
   1.2830

