   1.7000
   1.0317
   0.5086
   0.9425
   3.4470
   0.4571
   0.8144
   0.9033
   1.3628
   0.7267
   0.8387
   0.9589
   0.6061
   0.9312
   1.1692
   0.9602
   0.4118
   0.4391
   0.4899
   0.5746
   0.6388
   1.0360
   0.8980
   0.9245
   0.7071
   1.3297
   0.7924
   0.5818
   2.6667
   1.2570
   1.1788
   1.2253
   1.9026
   0.9412
   1.0836
   0.3701
   1.1194
   0.9511
   0.8099
   0.4532
   0.6300
   0.5061
   2.1916
   0.9901
   0.6418
   1.8086
   0.7556
   0.3811
   0.6508
   1.4449
   0.7192
   1.2202
   0.6614
   0.5569
   1.6776
   0.8989
   1.2153
   0.7708
   2.0558
   1.1176
   1.2535
   0.8628
   1.6357
   0.5290
   1.0971
   1.3274
   1.0146
   1.1227
   0.6118
   1.4279
   1.3754
   1.0254
   1.1974
   2.6994
   0.7833
   1.1362
   0.9548
   1.6257
   1.1194
   0.3166
   1.4836
   0.8156
   1.8513
   0.5052
   1.0482
   0.5780
   0.2671
   0.5790
   0.6326
   0.7527
   1.4388
   0.3376
   0.5002
   0.9641
   0.6621
   0.3794
   0.7140
   1.1427
   1.6240
   0.1586
   2.3440
   0.6496
   0.8716
   0.6428
   1.1381
   1.4429
   1.1674
   0.6549
   1.3071
   0.4706
   3.6516
   0.4103
   1.5096
   1.0311
   0.8777
   0.3020
   0.1600
   0.5835
   0.8267
   0.7289
   1.2338
   0.1729
   0.7766
   1.3408
   1.6149
   1.4770
   1.2797
   0.7113
   0.6087
   0.6425
   1.1663
   0.5622
   0.9287
   0.2607
   0.7112
   1.8028
   0.7636
   0.8579
   1.3061
   0.6756
   1.5040
   2.4225
   0.4241
   0.5940
   0.4946
   3.1310
   0.7279
   0.4669
   0.8064
   1.2626
   1.0894
   0.5746
   0.3000
   0.4932
   1.4127
   0.5666
   1.5448
   1.0186
   0.8303
   0.3844
   0.6841
   0.9563
   0.8386
   1.4179
   1.3368
   1.2755
   0.2671
   1.1577
   0.7028
   0.4854
   0.8866
   1.1786
   2.2322
   1.0975
   0.5336
   0.5699
   1.2524
   0.6573
   1.2806
   0.4098
   0.8849
   2.2263
   0.6964
   0.5738
   0.8891
   0.9097
   0.8363
   2.5421
   0.1806
   0.3727
   0.5764
   1.1952
   2.4980
   0.8626
   1.5207
   0.7072
   0.9985
   0.4446
   1.0550
   0.7874
   0.7887
   1.0667
   1.3541
   1.2112
   1.0136
   0.3061
   0.5804
   1.2913
   0.3231
   0.6431
   0.2939
   1.2310
   0.1954
   2.0259
   2.7037
   1.1648
   0.6964
   0.8557
   0.8577
   0.3694
   0.5205
   0.6738
   0.6470
   0.9933
   1.2005
   0.8458
   0.9792
   0.5397
   2.1764
   0.5089
   0.6821
   0.7518
   0.6546
   1.3270
   0.3559
   0.7803
   0.8850
   0.8419
   0.5703
   1.4371
   1.1228
   0.7972
   1.1064
   0.8367
   0.7170
   0.7139
   0.3741
   0.8316
   1.9470
   0.4586
   0.4759
   0.5357
   0.9794
   1.0476
   0.8578
   1.6298
   1.2906
   0.2304
   0.7240
   1.2500
   0.6417
   1.6447
   1.3408
   0.7567
   1.3245
   1.1143
   0.7264
   0.8311
   0.3173
   1.2284
   1.1037
   1.2540
   1.3654
   0.7206
   0.4325
   1.2689
   1.0904
   1.5110
   0.3724
   0.2568
   0.6325
   0.8437
   0.3189
   0.6167
   0.3601
   1.3717
   2.0591
   1.5708
   1.5543
   0.8492
   1.0077
   0.2831
   0.7340
   0.8084
   0.4415
   1.3427
   0.4892
   1.3383
   0.3560
   1.4534
   0.8940
   0.8718
   0.7215
   0.6195
   0.4645
   0.5313
   2.0196
   0.4597
   1.5771
   1.0200
   2.3166
   0.5788
   1.0478
   0.3797
   1.5849
   0.4297
   0.9050
   1.1326
   0.4009
   1.7363
   0.5129
   1.3023
   0.5505
   0.6158
   1.4561
   1.6954
   0.4418
   0.6434
   0.5222
   0.5192
   1.2896
   3.6445
   0.7710
   0.5468
   0.8485
   1.5110
   2.8571
   0.5787
   1.0812
   0.4064
   0.6662
   2.8213
   1.2567
   3.9552
   0.6852
   0.8478
   1.9684
   1.0481
   1.2808
   1.0631
   1.6864
   1.5983
   0.3306
   0.6950
   1.3993
   1.4043
   0.5123
   0.6026
   0.2557
   0.9978
   0.7488
   0.1828
   0.7202
   0.6335
   0.7974
   0.5344
   0.6364
   0.3077
   1.0239
   0.5178
   1.1063
   2.0432
   1.1370
   1.7539
   1.1337
   1.3514
   1.0534
   0.6927
   0.7770
   0.7412
   0.3690
   1.7896
   0.5404
   0.6845
   0.7172
   1.0907
   0.8919
   0.6761
   0.6309
   0.4261
   0.3097
   0.5384
   1.6841
   1.0332
   0.6534
   0.5000
   0.8940
   0.9318
   0.7874
   0.7314
   0.4221
   0.7789
   0.6316
   3.3794
   0.4742
   2.0304
   0.6911
   0.4893
   6.2737
   0.2755
   0.7834
   1.1576
   1.0349
   0.6205
   0.8049
   0.3405
   1.3005
   0.8392
   0.6894
   0.6501
   1.9553
   1.0831
   1.6358
   0.3550
   0.2304
   0.6414
   0.3586
   0.6443
   0.9137
   1.0735
   1.5524
   0.7777
   1.3021
   0.3953
   0.5360
   0.6547
   1.1553
   1.8594
   0.5572
   0.6846
   0.6259
   0.4865
   0.8550
   1.6460
   1.5021
   1.3003
   0.9244
   0.4242
   0.4307
   1.0464
   1.3574
   0.7311
   0.8475
   0.6774
   0.5749
   0.8153
   0.8608
   0.5999
   1.5004
   0.9218
   1.8791
   0.6481
   2.1218
   2.3559
   0.5057
   0.8246
   0.6585
   1.0751
   0.3835
   0.4554
   1.0333
   0.6785
   0.4772
   1.0389
   1.1877
   1.7396
   0.5094
   0.8442
   0.9206
   1.0141
   0.7392
   0.7736
   1.0190
   1.7514
   0.2426
   1.5963
   0.3559
   4.0219
   1.2288
   0.8229
   1.5488
   1.2542
   0.8600
   1.6381
   1.1115
   0.6986
   1.3045
   0.8682
   1.6194
   1.4962
   0.4006
   0.6438
   0.7846
   0.7581
   0.9080
   0.3260
   0.3779
   2.7850
   2.7879
   0.6234
   1.0485
   1.7042
   1.6803
   0.3679
   0.4875
   1.1198
   2.2906
   1.0024
   0.7946
   0.7648
   2.0924
   1.0740
   0.5071
   1.2272
   2.0124
   0.6863
   0.5317
   0.8578
   1.1501
   1.6258
   0.7326
   0.3316
   0.8725
   2.1135
   0.6531
   0.6413
   0.9956
   1.6750
   0.9568
   1.0159
   1.3377
   1.5704
   0.7035
   0.7569
   0.9673
   0.8271
   0.8837
   1.3253
   0.3229
   1.0199
   0.8768
   0.8224
   0.9559
   0.4315
   1.2519
   0.5748
   1.2723
   0.5800
   0.3167
   0.6282
   0.6335
   0.5939
   2.4594
   1.2837
   0.4357
   1.2726
   1.8869
   1.2877
   1.3177
   0.8404
   0.6579
   1.0159
   0.5210
   1.7194
   0.7657
   0.8521
   1.4615
   0.4107
   0.5346
   1.0376
   0.9865
   1.0883
   0.6482
   1.1263
   1.4606
   1.0497
   1.7301
   0.5088
   0.8936
   0.4929
   0.8081
   0.7718
   0.3047
   1.0547
   0.8068
   1.8273
   0.7753
   1.3935
   0.6871
   0.4558
   0.7696
   0.7937
   0.4545
   0.7826
   0.6510
   1.3249
   1.0208
   0.6741
   0.8744
   0.6050
   0.4713
   1.6782
   1.2854
   1.3557
   0.3401
   0.2800
   0.9310
   0.9690
   0.7159
   1.9082
   0.8272
   0.8613
   0.7498
   0.6531
   0.7504
   1.5703
   1.7077
   1.5361
   0.3301
   0.4707
   0.6169
   0.8332
   0.8336
   0.8316
   0.3752
   0.3251
   1.4397
   0.9960
   2.2892
   0.3659
   0.6887
   0.8087
   0.6120
   3.4959
   1.5125
   0.8007
   1.5802
   0.8034
   0.9159
   0.8068
   2.0539
   2.7103
   0.3341
   0.7921
   0.8257
   0.7850
   0.2785
   1.2798
   0.5853
   0.3340
   0.6281
   0.7055
   0.7374
   0.7255
   1.0296
   0.2501
   1.3993
   0.9405
   1.0541
   0.7818
   1.6064
   4.5405
   0.4782
   1.5354
   0.6737
   0.4625
   0.5671
   2.1788
   0.9316
   1.0826
   1.3123
   1.2385
   0.5603
   0.6671
   1.5464
   0.7479
   1.1115
   0.5807
   0.4736
   0.5459
   1.0460
   1.3618
   0.8200
   1.0226
   1.1602
   0.7963
   0.7961
   0.5793
   0.5124
   1.6983
   1.0417
   0.9053
   1.1902
   0.5615
   0.4347
   2.1898
   0.9651
   0.6573
   0.3611
   0.2892
   0.8573
   1.1173
   0.7954
   1.0392
   1.0768
   2.9308
   0.3940
   0.8516
   0.4493
   1.0983
   0.9908
   0.7953
   2.5199
   0.7341
   0.8164
   0.8081
   0.8259
   0.5719
   0.4304
   0.5032
   0.9755
   1.0245
   0.8582
   0.7240
   1.0574
   1.1748
   0.5069
   0.5825
   0.7198
   0.4498
   0.6098
   1.0446
   0.8060
   0.5393
   1.6308
   1.1421
   0.7187
   1.2318
   1.5083
   0.3660
   1.0415
   0.0985
   0.6607
   0.7382
   1.3361
   0.8165
   0.9108
   2.1074
   1.0392
   1.3256
   0.6538
   0.5648
   0.5894
   0.2624
   1.2415
   1.0986
   1.4322
   1.7676
   0.5308
   0.5998
   1.1426
   4.1889
   1.2024
   0.4175
   2.5869
   0.5411
   2.4322
   1.0780
   1.1013
   1.0551
   0.3212
   2.7571
   0.4360
   1.5330
   0.8775
   1.2894
   1.8302
   0.7329
   0.6069
   0.6190
   1.0348
   0.6495
   0.2899
   0.8690
   1.7062
   0.6041
   0.4669
   2.0590
   0.7834
   0.6137
   0.6421
   1.7094
   1.3114
   1.5910
   0.5761
   0.4036
   0.9004
   0.3453
   1.0964
   1.0377
   1.4174
   0.0704
   1.3695
   0.5023
   2.1032
   0.8832
   0.7488
   1.6286
   0.5978
   1.7379
   0.4601
   0.2218
   0.7741
   0.7605
   1.1618
   1.2783
   0.4822
   0.3103
   0.2689
   0.5398
   1.2831
   0.7675
   1.5197
   0.4282
   1.0804
   1.3332
   0.3601
   1.6018
   1.2791
   0.9936
   1.4661
   0.5871
   0.4041
   0.8003
   1.4260
   0.4408
   0.4358
   1.5219
   0.6012
   0.7398
   0.5069
   0.7460
   0.7974
   1.3131
   1.3504
   0.7743
   0.9984
   1.2115
   0.6167
   0.9636
   0.4554
   0.9433
   0.9655
   2.1731
   1.2994
   1.3221
   0.9908
   0.7938
   0.6326
   0.3611
   2.9917
   1.0011
   0.6783
   1.8032
   0.9284
   0.9352
   0.7115
   2.5282
   1.1639
   1.6321
   1.3704
   0.6455
   0.7988
   0.8996
   0.5188
   0.4223
   0.4590
   1.6227
   0.5745
   0.9205
   2.7966
   1.1898
   0.8455
   1.2970
   0.5583
   0.7663
   0.4897
   1.0544
   1.4906
   0.4802
   0.6520
   0.3911
   0.3708
   1.1184
   1.8164
   2.3372
   2.4994
   0.9308
   0.7521
   0.8434
   1.0693
   1.0114
   1.4356
   0.9295
   1.2380
   0.7988
   1.1453
   0.2743
   0.3681
   1.3636
   1.2750
   0.4393
   0.8610
   0.5466
   0.5219
   1.2080
   0.5868
   0.6918
   0.5621
   1.0164
   1.1390
   0.6179
   0.4179
   0.3524
   1.5414
   4.1201
   0.6070
   1.3720
   0.7043
   0.8691
   0.9052
   0.4513
   0.7394
   1.9670
   0.7121
   0.2919
   2.4837
   1.2360
   0.8335
   0.1644
   0.7526
   2.8251
   0.5380
   1.1156
   0.3938
   1.4675
   0.2700
   0.3925
   0.6793
   1.9148
   0.9559
   0.5658
   0.5505
   0.4879
   0.3458
   1.9063
   1.0512
   2.1866
   1.3407
   1.0272
   1.2403
   0.8425
   1.8453
   1.4180
   1.0686
   1.2920
   1.1152
   0.4817
   0.7364
   1.4417
   2.4494
   0.7771
   1.1995
   1.4302
   0.7630
   1.7266
   0.2978
   1.2318
   0.8547
   0.1753
   0.5296
   1.1190
   0.4067
   1.1148
   0.6490
   0.6570
   0.6865
   1.4581
   0.6128
   1.8236

