   3.8565
   0.3163
   0.2747
   0.4030
   0.1980
   2.4220
   0.4977
   0.0421
   1.1179
   1.1536
   0.1396
   3.0570
   0.1260
   1.6513
   0.2319
   1.2231
   0.7045
   0.2320
   0.6256
   0.2209
   3.3573
   0.3275
   0.2595
   1.7558
   0.0576
   0.7563
   1.7263
   0.3037
   3.5622
   0.1372
   0.3356
   0.8158
   1.9035
   1.5054
   0.3757
   0.8146
   0.4924
   5.6153
   0.2100
   0.2963
   0.0551
   0.9316
   0.5607
   3.1060
   1.0498
   0.2166
   1.6377
   2.5325
   2.0288
   1.2936
   0.0284
   0.0356
   0.3023
   2.3678
   0.0233
   0.0969
   1.3148
   1.2501
   2.5969
   1.4567
   0.5799
   1.0013
   0.2430
   0.2324
   0.5522
   0.1099
   0.3412
   0.4214
   1.4241
   0.2656
   1.3268
   2.8687
   0.7229
   1.8288
   0.4724
   0.2695
   0.2618
   0.4023
   1.4594
   1.6085
   0.6702
   0.3980
   1.5197
   1.2946
   0.0070
   0.3697
   0.2370
   0.0192
   0.3420
   0.1361
   0.7961
   2.0592
   1.1130
   3.6758
   0.3979
   0.1527
   0.6343
   2.5975
   1.7582
   1.3092
   0.2988
   1.4391
   1.5048
   0.8712
   0.9209
   2.8042
   1.6620
   0.4940
   0.0333
   0.0870
   1.0909
   8.7463
   0.2560
   6.1115
   0.1486
   1.2911
   1.4004
   0.5758
   0.5579
   1.2232
   1.0820
   0.0373
   4.1625
   1.3935
   0.8427
   0.2389
   0.0188
   0.3050
   0.3689
   1.4902
   0.0579
   1.8341
   0.5943
   0.5005
   0.6631
   1.0139
   0.3956
   0.5659
   2.2825
   0.7024
   0.8644
   0.7648
   1.0361
   0.5587
   2.5286
   0.1166
   1.0746
   0.8039
   0.4692
   0.3028
   1.1147
   0.6151
   4.7605
   0.4414
   0.0704
   0.2409
   1.2206
   0.8166
   0.0722
   2.4200
   0.6912
   0.5962
   0.4428
   1.4483
   0.9508
   0.4897
   2.0424
   0.0551
   2.4727
   0.2249
   0.2328
   0.7009
   6.7102
   4.2554
   0.4175
   0.2785
   0.8380
   0.1422
   0.2883
   1.7315
   1.0944
   0.4802
   1.0953
   0.5282
   0.4210
   0.5312
   0.1200
   0.3489
   0.2091
   1.0153
   1.4529
   1.7472
   0.8709
   0.1865
   3.3245
   3.4156
   0.0190
   1.9835
   0.0033
   0.1725
   0.1031
   0.2628
   0.8743
   0.6262
   1.0262
   1.3031
   0.6221
   0.6662
   0.6219
   0.2609
   1.0398
   0.2779
   0.8502
   0.2174
   0.3574
   1.7346
   0.2700
   0.0941
   0.0069
   0.1759
   0.3993
   1.4412
   0.0788
   1.2025
   0.0839
   0.0888
   2.4147
   0.0048
   0.2309
   5.3806
   0.0845
   1.3449
   0.4331
   2.7291
   0.0128
   0.2984
   1.0625
   0.1402
   0.4216
   0.2262
   0.0980
   0.9712
   0.9714
   3.3072
   2.7997
   0.2959
   1.5422
   0.3864
   0.8724
   0.1845
   0.5767
   0.8421
   1.4105
   0.8437
   1.0339
   0.3158
   0.0881
   0.1077
   0.3541
   0.8436
   1.7953
   1.5094
   1.4731
   1.8019
   0.2935
   1.7872
   0.1282
   1.5514
   0.0810
   0.2719
   0.5314
   1.9667
   0.5956
   0.2979
   0.5719
   1.1484
   0.7246
   4.1594
   0.3708
   4.8078
   1.5774
   0.5572
   0.6016
   1.2751
   0.8890
   1.0223
   0.7555
   0.1767
   2.5978
   0.4277
   0.2695
   1.8797
   0.0272
   0.1088
   2.0046
   1.5941
   0.4621
   0.8806
   1.3982
   0.0786
   0.3764
   0.1341
   3.4314
   0.2511
   0.4313
   0.4949
   0.9911
   3.4356
   2.3539
   1.9274
   0.5298
   0.6723
   3.0269
   0.8753
   0.7969
   3.1563
   1.8933
   0.1724
   0.1304
   2.7819
   0.3962
   0.2972
   1.1191
   0.7756
   0.1371
   0.2528
   0.0482
   0.0460
   0.1518
   0.2980
   0.4886
   0.1287
   0.4197
   0.1901
   0.7136
   0.2080
   0.5495
   0.8583
   0.1714
   1.4796
   1.9592
   0.2817
   0.6828
   0.8381
   3.2204
   2.5070
   1.4384
   0.2291
   1.4855
   0.4156
   0.0044
   1.1690
   0.2473
   0.9054
   1.4337
   1.4731
   1.2463
   5.3810
   0.5276
   0.2372
   1.9176
   1.0291
   1.1009
   0.0334
   0.3613
   0.2749
   1.3292
   0.6109
   0.7462
   0.8267
   1.4343
   0.7067
   0.0075
   1.0051
   0.0124
   0.2951
   0.5986
   0.2460
   0.5366
   1.0224
   0.0462
   0.5174
   0.7936
   0.2305
   1.0541
   5.2516
   1.4095
   0.3426
   1.4228
   0.0986
   0.0278
   0.1313
   0.1217
   0.5031
   0.5482
   0.9944
   0.5658
   1.0288
   0.9082
   0.5402
   2.6359
   0.1111
   1.3874
   0.8471
   0.1072
   0.5818
   0.6325
   0.7106
   0.8232
   1.2939
   2.2136
   1.3628
   0.4344
   0.4847
   0.0507
   1.4258
   0.6174
   1.3669
   0.2179
   0.0434
   0.2236
   0.1814
   0.2280
   0.3671
   1.7770
   1.6666
   0.8648
   0.7170
   3.5151
   2.7964
   2.9720
   1.2904
   0.4429
   0.9620
   0.3496
   0.6775
   0.3971
   0.2980
   0.7700
   0.2826
   2.7721
   0.0477
   0.4282
   1.5179
   2.5944
   0.1554
   0.2086
   0.5858
   2.1840
   0.2742
   0.4681
   1.8926
   0.0439
   3.0710
   3.4235
   0.0201
   1.5504
   3.3502
   2.8407
   1.4467
   0.0764
   0.2152
   2.3291
   0.0592
   1.4101
   0.1153
   2.4457
   0.2099
   0.1454
   1.6919
   0.0428
   0.2758
   0.0187
   0.1553
   0.6442
   0.7151
   0.5037
   2.1591
   0.2505
   0.1748
   0.7837
   0.7991
   0.2243
   2.3877
   0.4679
   0.1654
   2.9605
   1.6674
   0.9667
   1.7966
   0.1999
   0.1427
   1.1162
   0.6732
   0.6168
   0.2755
   0.2918
   0.8204
   3.1010
   1.8633
   0.0111
   0.0195
   2.8096
   0.4277
   1.9465
   0.4804
   1.3977
   0.2577
   1.4178
   2.0226
   1.0869
   0.4067
   0.0609
   0.9548
   0.0829
   1.9387
   0.4277
   0.7488
   0.4189
   1.7809
   0.0388
   0.2950
   1.2973
   1.2016
   0.0475
   0.5405
   1.6059
   1.2053
   0.7261
   0.1160
   2.0990
   0.4143
   0.1278
   0.3990
   1.8793
   0.5999
   2.5311
   0.5976
   1.4828
   0.8961
   0.9246
   0.5544
   1.2433
   0.7303
   0.1108
   0.0797
   0.0137
   2.4137
   0.9740
   2.2549
   0.2591
   1.9503
   2.2141
   1.1046
   1.1121
   2.8839
   1.2946
   0.1167
   1.0605
   0.4771
   0.3337
   1.1542
   0.5678
   1.9738
   0.2757
   0.1675
   0.8167
   5.8620
   0.3652
   0.4673
   1.5828
   0.1556
   0.8504
   4.8879
   0.4567
   0.0095
   4.2051
   0.0437
   1.7671
   0.3296
   1.0006
   2.0492
   0.1028
   0.7435
   0.0943
   0.3339
   0.0597
   0.0042
   1.9974
   0.2920
   0.8955
   2.0451
   0.0727
   3.4027
   0.0816
   0.6801
   0.1479
   2.7554
   0.4134
   0.3970
   1.5987
   0.7219
   0.8490
   2.8658
   0.2835
   0.0912
   0.4156
   0.5968
   1.0678
   0.4301
   0.9097
   1.5464
   1.6315
   1.2419
   0.7192
   0.8739
   1.4685
   1.5121
   1.9837
   1.0956
   0.0822
   0.0425
   0.3467
   0.3465
   0.0842
   1.1554
   0.3432
   0.0494
   0.2595
   1.4179
   0.4029
   2.0720
   2.1523
   0.3901
   0.0506
   3.0380
   0.3459
   1.4728
   0.1615
   0.6893
   2.1297
   1.7106
   0.1668
   2.3894
   0.2460
   0.7015
   1.2049
   0.1706
   4.7331
   1.2804
   0.9159
   0.0629
   4.0625
   0.4959
   1.0220
   0.0313
   2.5459
   1.1548
   1.0531
   0.2748
   0.3301
   1.5175
   2.8312
   0.9581
   0.1137
   0.1088
   1.3887
   0.8611
   0.0561
   1.6030
   0.0618
   1.4258
   0.6049
   0.1079
   0.9559
   0.1234
   0.0911
   0.9658
   1.0220
   0.3954
   0.6122
   0.3664
   1.3098
   0.0545
   0.2312
   0.8872
   0.3990
   0.3711
   0.7556
   0.9734
   2.8347
   0.7422
   0.3323
   1.1285
   1.0774
   0.5974
   0.0889
   0.3875
   2.9178
   0.0178
   2.5547
   0.1276
   0.3011
   1.5448
   0.5739
   0.3755
   1.2461
   0.1584
   0.7041
   1.0519
   1.3838
   1.6542
   0.2238
   0.0981
   1.0344
   0.1219
   0.0635
   1.1110
   1.0896
   0.1633
   1.9272
   0.2990
   0.5028
   2.3546
   0.6739
   1.6357
   0.4382
   1.6115
   5.9784
   4.2240
   1.3262
   1.0952
   0.4839
   0.2255
   0.8225
   0.1160
   2.3177
   0.8757
   0.2207
   2.3576
   0.8113
   2.6195
   0.7222
   1.3984
   0.5173
   0.2655
   1.1480
   0.2582
   0.0354
   0.4710
   0.9825
   2.4341
   5.3598
   0.3438
   0.0367
   1.8352
   0.5740
   0.0776
   0.7026
   0.5129
   0.7787
   0.1347
   0.5931
   2.1488
   0.3595
   0.0392
   0.1865
   0.0709
   0.8575
   3.8901
   0.3053
   0.4213
   2.1665
   0.6702
   0.2157
   0.7265
   1.7107
   1.8292
   0.9345
   0.3391
   2.4775
   0.1403
   2.9082
   0.2031
   0.4618
   1.2338
   0.6082
   0.0575
   0.0523
   0.1000
   0.1610
   0.2050
   6.2920
   0.3516
   0.0902
   2.8137
   0.2972
   0.5752
   1.0858
   0.0031
   0.4180
   0.7218
   2.3869
   0.0663
   0.9651
   0.1489
   0.2417
   1.2775
   0.1949
   1.1096
   1.3909
   1.4787
   3.2319
   0.1400
   3.6480
   0.2189
   0.8279
   0.5270
   0.2415
   1.3953
   0.5921
   0.0544
   0.1319
   0.8262
   0.5924
   7.8964
   0.2509
   0.1873
   0.5342
   0.6947
   1.9016
   0.0168
   0.7833
   0.3816
   0.1699
   0.1735
   0.0352
   0.0109
   0.2407
   0.0150
   0.0229
   0.6723
   2.2313
   2.8119
   1.8203
   1.0673
   0.5390
   1.7825
   2.8032
   0.0116
   7.0639
   0.9795
   0.5932
   0.1390
   0.1049
   0.1553
   0.0197
   0.3095
   1.7501
   0.3668
   0.8581
   1.4858
   0.2123
   1.3328
   0.5351
   0.2188
   0.3558
   0.0225
   2.8324
   0.7248
   2.3248
   0.9528
   0.2422
   0.7213
   0.7238
   0.2286
   0.1856
   0.4764
   0.3594
   0.9375
   0.5328
   0.0114
   0.4003
   1.2911
   0.3299
   0.1132
   1.8566
   0.2483
   8.4657
   0.0605
   0.4153
   0.9172
   3.3024
   0.0859
   1.3450
   1.8829
   0.5646
   0.2354
   3.9750
   0.1510
   1.5606
   0.2252
   0.9063
   0.7901
   4.1927
   0.4993
   0.6196
   3.8002
   0.7167
   0.2082
   0.1313
   1.1804
   0.3031
   7.0085
   0.2511
   2.0610
   3.7817
   1.5495
   0.9111
   0.0834
   2.9434
   0.1554
   0.9081
   0.3629
   0.5282
   0.1611
   0.8219
   0.3320
   1.4174
   0.8955
   0.0504
   0.1320
   0.2458
   0.2111
   2.7556
   0.0449
   0.5254
   0.5826
   0.1584
   1.8054
   0.1761
   1.1584
   0.8631
   1.2157
   0.0581
   0.3547
   0.3522
   0.0225
   0.6610
   0.2309
   0.0122
   0.0290
   0.4682
   0.1753
   0.4518
   1.3670
   0.2186
   1.0094
   0.9468
   0.3220
   0.2398
   2.9517
   0.3210
   3.5821
   0.5051
   0.0422
   0.3670
   0.8346
   0.5949
   1.6827
   1.4470
   0.8203
   0.2950
   0.7777
   0.2495
   1.3411
   0.0298
   1.3875
   0.0612
   0.9314
   2.7510
   0.6149
   1.2347
   0.1790
   1.2158
   0.2320
   0.6147
   0.7195
   1.2069
   1.1727
   1.2947
   1.6905
   0.3597
   0.6073
   0.4989
   0.6519
   0.2130
   0.5415
   0.4648
   1.3503

