    2.3881
    0.0033
    0.3191
    0.2188
    0.0431
    0.0240
    2.4160
    0.0404
    0.5322
    0.0051
    0.1771
    0.0126
    0.2118
    0.4902
    0.6146
    0.1106
    1.4578
    0.1460
    0.4810
    0.3742
    0.1175
    0.8790
    1.8733
    0.3206
    0.8803
    0.2358
    0.9752
    0.0042
    0.1780
    0.5261
    0.2363
    0.6542
    1.8661
    0.1577
    1.5158
    0.1757
    0.0445
    0.3023
    2.4461
    0.1394
    0.2088
    0.8041
    2.2761
    0.1638
    0.6701
    2.2122
    0.0545
    2.5148
    0.4274
    1.9134
    0.2042
    0.6328
    0.7721
    0.1619
    1.6462
    1.5602
    0.8648
    0.8329
    1.2833
    0.7146
    0.5079
    0.5052
    0.3837
    1.7483
    1.7982
    0.3080
    0.0752
    3.4744
    1.8371
    0.3040
    0.0443
    0.6487
    0.5814
    0.8241
    4.0067
    1.8128
    0.7011
    0.5860
    2.6621
    0.6476
    1.4663
    0.4518
    0.0207
    0.7935
    0.5445
    0.1809
    0.2003
    0.6929
    0.1964
    1.6679
    1.1743
    0.0798
    0.3981
    0.4848
    1.5295
    0.6800
    0.1451
    0.4541
    0.1998
    0.4080
    1.4822
    0.5038
    0.0912
    0.4441
    0.4359
    1.4584
    0.2904
    0.4358
    2.3118
    0.9322
    0.1558
    1.5965
    0.3898
    2.4163
    0.3206
    0.2924
    0.5081
    2.1464
    0.0213
    0.0062
    0.1515
    1.1257
    1.9166
    0.6671
    2.7036
    0.7778
    0.3174
    0.6981
    0.6530
    0.9783
    0.1927
    0.3592
    0.6861
    0.5600
    1.3154
    0.1508
    0.5932
    0.2687
    0.1736
    0.9095
    0.0361
    5.4967
    0.5722
    1.0156
    2.4644
    0.0654
    1.2120
    1.9777
    1.0553
    0.4514
    0.8586
    0.6168
    0.9676
    0.2381
    0.0024
    0.1762
    1.9337
    1.7297
    0.2381
    0.8695
    0.1914
    0.5442
    6.1405
    0.3436
    1.7851
    2.0366
    0.5861
    1.9269
    0.0460
    2.8681
    5.1155
    0.5541
    0.8100
    0.5900
    1.8886
    0.0533
    0.6385
    0.6406
    1.0204
    0.3495
    0.1232
    0.6822
    2.1798
    0.0552
    0.6414
    0.2912
    0.1711
    0.2371
    0.5074
    0.1068
    0.5166
    0.8850
    0.1011
    0.1607
    1.1339
    0.5707
    1.3715
    0.2061
    0.1195
    0.2173
    1.8709
    2.2947
    0.4335
    2.3335
    1.0386
    1.9686
    0.7530
    5.3229
    0.9746
    0.4866
    1.4510
    0.3568
    0.6405
    0.7108
    4.8361
    0.0635
    0.0614
    0.4093
    0.2788
    0.5879
    0.1524
    1.0684
    0.2478
    0.5763
    1.1989
    0.2815
    0.5522
    0.7944
    3.3834
    2.1172
    0.8988
    0.6190
    0.1583
    1.9848
    2.0158
    1.9385
    0.2908
    1.7896
    0.3575
    0.3578
    0.7303
    0.1273
    0.5998
    0.0477
    0.1408
    0.9110
    0.0076
    0.3819
    0.2394
    2.0217
    0.2894
    0.2856
    1.6432
    0.3348
    0.3296
    0.1484
    0.9250
    2.2153
    0.1231
    0.7126
    0.0174
    0.2202
    0.3377
    1.0004
    0.4150
    0.4844
    0.7061
    1.4911
    0.2598
    1.5315
    1.1828
    0.1986
    2.7751
    0.1503
    4.3036
    0.0224
    0.5432
    1.7880
    0.4888
    0.0814
    0.3084
    4.4375
    1.6508
    1.3759
    1.8682
    0.0449
    0.2570
    0.0061
    0.0893
    0.1112
    0.5276
    1.4930
    0.8323
    3.5443
    2.0165
    0.5800
    1.3891
    0.2966
    0.3206
    2.7666
    0.2151
    3.1240
    1.0013
    2.0677
    0.6191
    0.6063
    0.4362
    1.5834
    1.0584
    3.7318
    4.8381
    0.1124
    2.2154
    1.1531
    0.0487
    0.5253
    1.0813
    0.4758
    0.2706
    0.7041
    0.0207
    0.0085
    1.5321
    3.5855
    0.3458
    1.2490
    2.6137
    1.9706
    0.2012
    0.2617
    0.2729
    1.4015
    0.4371
    0.0952
    0.5564
    0.6447
    0.9377
    1.2442
    0.0773
    0.8041
    0.4202
    0.8013
    1.1338
    0.3000
    0.7789
    0.5580
    1.0678
    0.7745
    0.5444
    0.6114
    0.7775
    2.6717
    0.0962
    0.2052
    1.0988
    0.7347
    0.3634
    1.0984
    0.3057
    0.9686
    0.4726
    0.3908
    0.1599
    0.2714
    1.8928
    0.1955
    0.4116
    3.3061
    0.3835
    0.6839
    2.2688
    0.1432
    0.9203
    0.2653
    0.8812
    0.1931
    0.0022
    0.4844
    0.1699
    2.1228
    0.2642
    1.0653
    0.0349
    0.6057
    0.2762
    0.1040
    1.6843
    5.0502
    0.8388
    0.2022
    0.2941
    1.6806
    0.6693
    0.2228
    0.1093
    2.6204
    0.3394
    0.1359
    0.4373
    1.2349
    0.0962
    0.0199
    0.6468
    0.0788
    0.0071
    0.7575
    0.5165
    1.0421
    0.3814
    1.1422
    0.1629
    1.1353
    0.2532
    0.5394
    1.6847
    1.3967
    0.2595
    0.2851
    0.7544
    0.7276
    1.2736
    0.1339
    0.6893
    0.8246
    0.4942
    0.4229
    3.5200
    1.8442
    0.3413
    0.3526
    0.6075
    0.1479
    0.7002
    0.3065
    2.6191
    1.1920
    0.7110
    1.7545
    7.3350
    2.0548
    0.6107
    0.2917
    2.0939
    0.6839
    0.1431
    0.2264
    5.0194
    2.6679
    0.5347
    5.8359
    0.0812
    0.1458
    0.0237
    1.2474
    0.0257
    1.1890
    0.1857
    0.4926
    0.8837
    0.8226
    0.1641
    0.3216
    0.2351
    0.1298
    1.5285
   10.9714
    0.1099
    0.0253
    2.0228
    0.4741
    0.6829
    0.7194
    1.2120
    1.1074
    6.4498
    0.1316
    0.2107
    0.1243
    0.1401
    3.4465
    0.2856
    0.6085
    0.2354
    0.2108
    0.3230
    1.1071
    0.1826
    0.0062
    0.7579
    0.0471
    0.7235
    0.1042
    0.6363
    0.5586
    0.1351
    0.0013
    6.8117
    0.5953
    0.1187
    0.8992
    0.0130
    0.6693
    0.8857
    2.2698
    1.9316
    1.9663
    1.9150
    2.6060
    0.5859
    0.1478
    0.3285
    0.1503
    3.2234
    0.8431
    1.1729
    1.3210
    0.1347
    0.5535
    0.4317
    1.3221
    0.0122
    0.2008
    0.0249
    0.0925
    0.4642
    0.0165
    0.4007
    0.0237
    0.2491
    0.2771
    2.4085
    1.7399
    1.7908
    1.1699
    1.7665
    0.5336
    0.5443
    0.2552
    3.5402
    0.2598
    0.4827
    0.8308
    0.4411
    0.2171
    0.1261
    0.8510
    0.8855
    0.3656
    0.3736
    1.0784
    3.7403
    0.9662
    2.2748
    1.2634
    0.5671
    0.1125
    0.4154
    2.0793
    0.2387
    0.2439
    0.2251
    0.1864
    0.6481
    0.2229
    0.0465
    0.4951
    0.6568
    4.0005
    2.3338
    0.6476
    0.5107
    1.3703
    0.5398
    1.1652
    0.8653
    0.2867
    3.2052
    1.5820
    0.2136
    0.9411
    0.9182
    0.0405
    0.5521
    1.9347
    0.1991
    0.8860
    0.1119
    0.5612
    0.0149
    0.0799
    1.3011
    1.4660
    0.5314
    0.5559
    0.1830
    0.4547
    0.1394
    0.0227
    0.9617
    0.2223
    0.5278
    1.2074
    5.2749
    0.7242
    0.3587
    0.8265
    4.6257
    1.1027
    0.7797
    2.5670
    1.6406
    0.0832
    0.4997
    1.1586
    0.0119
    0.1681
    0.0705
    0.5401
    0.5516
    0.1258
    0.4436
    0.5753
    1.3622
    0.4162
    0.1233
    0.1072
    0.0939
    0.1326
    1.0552
    0.7165
    0.0815
    0.7492
    1.2849
    0.1671
    0.6538
    0.4289
    0.1163
    0.3214
    0.0698
    1.6425
    0.0554
    0.4557
    4.0516
    5.1513
    5.9323
    0.1603
    0.1911
    0.2179
    0.2786
    1.0322
    3.0677
    0.4362
    0.9636
    1.6170
    2.0939
    5.6796
    0.1018
    0.2359
    0.8112
    0.1754
    1.0745
    0.8965
    1.4723
    0.5324
    3.6455
    0.0599
    0.2857
    0.0907
    0.0890
    0.2386
    0.4301
    0.3111
    0.7054
    3.5126
    1.0978
    0.1446
    0.4798
    0.4832
    0.4000
    2.2181
    0.4023
    0.0449
    0.1267
    1.7354
    0.0342
    1.1702
    1.0037
    0.7524
    0.1236
    0.8468
    1.1603
    0.2449
    2.4744
    2.8705
    2.8752
    1.9606
    0.8084
    0.1141
    1.2723
    0.9853
    3.2673
    0.0984
    5.9781
    2.4054
    0.6622
    0.2456
    2.8247
    0.2819
    2.6928
    0.0365
    1.8117
    1.7090
    0.5560
    2.1133
    0.1673
    1.9876
    1.0675
    0.0541
    0.6761
    0.1983
    1.9681
    0.0101
    0.5008
    0.1476
    1.0885
    0.5247
    1.8417
    0.1440
    0.3037
    0.4032
    0.2936
    0.5858
    4.1612
    0.4772
    0.3292
    0.1281
    0.5532
    1.2393
    2.4435
    0.0660
    0.5152
    0.1461
    0.3139
    0.1639
    0.2355
    0.1806
    0.3077
    0.4375
    0.5234
    1.0070
    0.0732
    0.6066
    0.0116
    0.8573
    0.3419
    2.3257
    0.4817
    0.3023
    3.6654
    0.7341
    0.9853
    1.7603
    0.7669
    0.5034
    0.6636
    0.2115
    0.5349
    0.3310
    0.8535
    7.2129
    0.0570
    3.8570
    0.4291
    1.5152
    0.4212
    0.0118
    1.7084
    0.0721
    1.0736
    1.0793
    1.5820
    2.2480
    1.4935
    0.7559
    0.7467
    0.2721
    0.0430
    0.2088
    3.0672
    1.8465
    1.2261
    4.5419
    0.3569
    0.3498
    0.4584
    0.3277
    0.5945
    0.5316
    0.3027
    1.1607
    0.2222
    0.1979
    0.1361
    0.1896
    0.7785
    0.0829
    4.8017
    5.5359
    2.2490
    0.2482
    3.0816
    0.1451
    0.0296
    1.7509
    5.6064
    0.7535
    6.1971
    0.4765
    0.7578
    0.1100
    0.7565
    0.1315
    0.4378
    0.6910
    0.1432
    0.0661
    0.9417
    0.5759
    1.2421
    2.2279
    1.4200
    6.5718
    0.0465
    2.0326
    0.5562
    0.4056
    0.3634
    2.2074
    0.3414
    5.3344
    1.6282
    0.8824
    1.2126
    0.3274
    0.0478
    0.0621
    0.2000
    0.7031
    0.2765
    1.4426
    0.8679
    0.8529
    0.6049
    0.5774
    0.9486
    2.6877
    5.8034
    0.1015
    0.6723
    0.5303
    0.5211
    0.8720
    0.0528
    0.3116
    0.4900
    0.1446
    2.4312
    0.1692
    0.6691
    0.0321
    0.2560
    1.2176
    2.3483
    1.3495
    2.3027
    0.3094
    1.0893
    0.4128
    1.8970
    0.5499
    3.5729
    0.6877
    2.4774
    0.0416
    0.8023
    0.1050
    0.5863
    4.9142
    0.6795
    0.2687
    0.3376
    0.0007
    0.0197
    0.9354
    1.0722
    0.3405
    0.0641
    0.1038
    2.5104
    0.5855
    3.4709
    1.9911
    0.4192
    3.3876
    4.0456
    3.5976
    1.1433
    1.3510
    1.4519
    0.8537
    0.0912
    3.9294
    0.7471
    0.0760
    0.6152
    0.0350
    0.7200
    0.2115
    0.2708
    1.7584
    0.0947
    2.1159
    0.4726
    0.8013
    1.3918
    0.2043
    1.6226
    3.5121
    0.0203
    0.4473
    0.1443
    0.5283
    0.0041
    4.9052
    0.0694
    0.0258
    0.3803
    0.7268
    0.6764
    0.7500
    1.8763
    0.3220
    4.0291
    0.3338
    0.0448
    0.9831
    1.6005
    2.3930
    0.7469
    0.6687
    0.2658
    0.4924
    1.4063
    0.0146
    0.0851
    0.3909
    0.4746
    0.6465
    1.1191
    1.1727
    0.6861
    0.2914
    1.1808
    1.4036
    1.1567
    0.8975
    2.1265
    0.2872
    1.3313
    1.8961
    3.3493
    0.3857
    4.8303
    0.0050
    1.9346
    1.4499
    0.5058
    0.4050
    0.3831
    0.3177
    0.5954
    0.1012
    0.0110
    0.1022
    0.7341
    0.3856
    3.3910
    0.2783
    0.6585
    0.4476
    1.3334
    1.6742
    1.1296
    0.2749
    0.2753
    0.8760
    2.7703
    0.2807
    1.6439
    2.2590

