  1.4185e+002
  3.0824e+002
  6.9410e+000
  2.0644e+000
  4.3822e+001
  9.6290e-001
  4.4012e+000
  7.1695e+000
  5.2844e+000
  3.1634e+002
  1.3676e+002
  2.0812e+002
  1.9001e+002
  2.1316e+001
  1.7260e+002
  4.1359e+002
  6.5479e+000
  2.0686e+002
  2.9602e+001
  1.7179e+002
  8.5836e+001
  1.2406e+000
  8.5136e+001
  2.1204e+002
  1.3704e+001
  1.9707e+002
  2.3256e+002
  1.0831e+001
  6.1758e+001
  2.1913e+000
  1.2281e+002
  2.1920e+000
  3.0334e+002
  2.0345e+002
  1.0040e+001
  4.0773e+000
  3.1429e+001
  1.0970e+002
  2.4452e+000
  1.3501e+002
  3.2895e+000
  5.5902e+002
  3.2609e+002
  1.0232e+002
  9.4214e-001
  1.3087e+001
  2.1730e+001
  2.9700e+002
  5.3420e+001
  5.3063e+000
  2.4231e+000
  5.8155e+001
  3.0098e+001
  1.2161e+002
  4.9468e+002
  7.9336e-001
  4.4797e+001
  2.5471e+000
  2.3260e+002
  4.2776e+001
  1.6997e+002
  8.7465e+000
  1.0681e+002
  1.0394e+001
  1.9180e+000
  2.2657e+002
  1.9121e+002
  1.0827e+001
  7.2350e+000
  8.0364e+001
  1.3296e+002
  3.8060e+002
  3.5333e+000
  8.1112e+001
  8.7264e+000
  4.9064e+001
  2.5458e+000
  4.9889e+001
  2.2899e+001
  6.0884e+001
  1.8891e+002
  1.5769e+000
  1.5633e+001
  7.3026e+000
  4.4738e+001
  4.5051e+000
  3.8167e+001
  1.5925e+000
  1.9962e+002
  1.7511e+002
  9.1765e+001
  4.1593e+001
  1.0149e+001
  7.6556e+001
  1.0230e+002
  1.0855e+002
  1.8991e+002
  2.5461e+000
  4.7979e-001
  1.2104e+002
  1.5793e+001
  8.0536e+001
  1.2156e+001
  9.4392e-001
  1.7674e+000
  1.1401e+002
  7.3234e+001
  8.8756e+001
  1.3242e+002
  1.4086e+000
  2.8139e+001
  3.0227e+001
  1.1382e+000
  2.7003e+002
  5.1345e+002
  2.5199e+002
  2.0203e+002
  8.1274e+000
  1.1603e+000
  2.0170e+000
  1.0142e+002
  2.2892e+002
  7.0921e+001
  1.3105e+002
  1.2256e+000
  7.2359e+001
  4.4670e+001
  8.4413e+001
  1.2074e+002
  1.5381e+002
  4.3181e+001
  4.1025e+002
  2.9261e+001
  1.1175e+000
  3.4785e+000
  6.4970e+000
  4.4854e+001
  4.2595e+000
  3.9959e+000
  3.0002e+000
  1.1140e+000
  8.9488e+000
  4.2996e+001
  3.9487e+002
  5.8890e+000
  8.5525e+001
  1.5506e+002
  1.6712e+001
  2.2555e+001
  1.8950e+000
  9.4468e-001
  6.4340e-001
  8.2898e+001
  3.1880e+000
  7.6097e+001
  6.8496e+000
  8.5457e+001
  4.6868e+001
  2.7068e+000
  1.2576e+002
  1.6137e+002
  3.8038e+002
  6.3938e+001
  1.4090e+001
  4.7671e+001
  8.5978e+000
  8.0808e+001
  2.5976e+002
  9.0506e+001
  2.6173e+000
  2.0029e+002
  1.0149e+000
  1.8083e+001
  5.5321e+001
  2.8048e+000
  2.9763e+001
  9.7581e+000
  1.5855e+002
  1.5613e+000
  2.9994e+002
  1.1273e+002
  1.2459e+001
  7.8973e+001
  2.4836e+000
  1.5668e+002
  2.4982e+001
  9.2098e+000
  3.4057e+001
  1.3277e+001
  2.9163e+002
  1.1143e+002
  2.1997e+001
  5.7622e+000
  1.0369e+002
  1.4964e+002
  2.0563e+001
  1.5865e+002
  1.1238e+001
  1.2642e+001
  1.2645e+001
  3.6241e+002
  2.0101e+001
  1.8140e+002
  1.0376e+002
  1.6005e+001
  5.3728e+000
  8.5591e-001
  2.0973e+001
  3.3139e+002
  2.0298e+002
  6.3783e-001
  1.2173e+001
  1.7535e+001
  3.9356e+000
  8.1235e+001
  2.8694e+002
  2.6033e+000
  2.0349e+000
  2.9012e+002
  2.3931e+000
  5.2590e+000
  2.8315e+002
  6.4433e+001
  9.4834e+001
  2.1738e+000
  9.9822e-001
  1.5242e+001
  2.8137e+000
  3.7220e+002
  6.3325e+001
  9.1756e-001
  1.6773e+002
  4.8724e+002
  1.3225e+001
  7.0960e+002
  1.3275e+002
  2.4225e+002
  5.7438e+002
  7.6835e+001
  4.3491e+001
  5.7474e+002
  1.5787e+002
  2.1309e+002
  1.4151e+002
  5.1292e+002
  1.3116e+001
  1.5450e+002
  4.5191e+000
  6.0162e+001
  9.6221e-001
  3.8376e+001
  1.2995e+000
  9.5019e+001
  1.0414e+002
  5.1672e+001
  1.0593e+000
  2.3250e+002
  2.1452e+000
  4.9607e+002
  7.8853e+001
  1.2537e+001
  1.7110e+001
  1.3265e+000
  1.2291e+000
  3.3488e+002
  1.3326e+002
  1.0516e+002
  8.7968e+001
  3.9307e+000
  4.0362e+000
  6.3904e+001
  3.8189e+002
  2.3997e+001
  1.1402e+002
  5.1563e+000
  1.4152e+001
  5.4098e+002
  3.0467e+002
  8.4085e+001
  3.5681e+001
  3.6267e+001
  6.8651e+000
  4.1736e+000
  9.1951e+000
  1.8062e+001
  2.1187e+001
  1.4484e+002
  3.4484e+001
  9.9642e+000
  2.2541e+000
  6.5661e+001
  1.0062e+002
  3.6872e+002
  1.8449e+001
  2.5773e+000
  2.1807e+000
  2.9742e+002
  5.2732e+001
  1.6313e+000
  1.1202e+001
  3.7527e+002
  3.4938e+000
  1.8772e+000
  4.5790e+001
  2.9470e+001
  7.7123e+000
  7.9471e+000
  2.6389e+000
  2.5205e+001
  1.6261e+002
  6.2092e+001
  2.3411e+001
  3.8345e+000
  5.4995e+001
  3.5361e+002
  1.3334e+001
  8.4405e+001
  5.3937e+002
  1.8620e+002
  1.9288e+001
  2.0053e+001
  7.1080e+001
  4.6024e+000
  2.0681e+000
  9.5855e-001
  2.8855e+000
  2.9746e+000
  7.1863e+001
  8.9597e+001
  2.3182e+000
  3.6012e+000
  8.1882e+000
  1.3074e+002
  2.0517e+002
  3.9287e+002
  3.0968e+000
  2.5570e+002
  3.5009e+002
  1.9976e+002
  2.1896e+000
  2.0174e+000
  1.7556e+001
  1.3520e+000
  2.1210e+002
  5.0620e+001
  1.1459e+002
  6.7941e+000
  4.1253e+001
  8.3308e+001
  8.6815e+001
  1.7235e+002
  6.0971e+000
  1.3259e+002
  3.7206e+000
  5.9175e+001
  4.4102e-001
  1.7938e+002
  6.1846e+001
  8.1323e+001
  1.0795e+000
  7.7454e+002
  4.7940e+001
  3.9312e+002
  8.1809e+000
  3.4077e+000
  2.9283e+002
  4.6461e+001
  1.2324e+002
  1.0936e+001
  2.2398e+002
  6.5260e+000
  2.1952e+002
  6.0775e+001
  3.8070e+000
  3.5081e+001
  3.5814e+001
  2.2163e+001
  3.6852e+001
  1.1698e+002
  1.3114e+002
  1.5749e+001
  2.0322e+002
  1.0118e+001
  5.1716e+001
  8.9767e-001
  1.4170e+002
  2.3693e+001
  2.8007e+001
  1.5888e+002
  9.4681e-001
  1.8553e+000
  8.6072e+000
  5.2976e+000
  1.3206e+001
  2.9764e+002
  3.7285e+002
  6.8811e+001
  1.0202e+001
  1.5067e+001
  4.0142e+002
  3.7301e+002
  5.8481e+002
  9.5941e+001
  1.9546e+000
  2.8076e+001
  4.8008e+002
  3.1754e+001
  5.5306e+001
  2.7252e+002
  2.5852e+001
  6.9398e-001
  3.6463e+002
  1.9948e+001
  1.0694e+000
  2.7916e+000
  6.5369e+001
  1.9839e+001
  2.8146e+001
  1.0958e+002
  1.7188e+002
  2.6740e+000
  8.1486e+001
  3.1935e+002
  2.2174e+001
  2.5536e+001
  1.9784e+002
  1.6594e+001
  4.8365e+001
  2.9955e+002
  1.6806e+002
  2.9490e+002
  1.8035e+000
  1.6683e+002
  2.4845e+002
  3.3930e+002
  6.4397e+000
  6.4014e+000
  2.1492e+000
  1.3728e+001
  2.8972e+002
  3.1659e+000
  1.6771e+002
  2.7712e+001
  6.2668e-001
  4.1760e+000
  9.7114e+001
  3.3728e+002
  1.8353e+002
  3.2533e+001
  4.8146e+000
  1.4195e+000
  6.4159e+001
  2.4342e+000
  2.4911e+001
  1.0269e+000
  9.4942e+000
  5.9787e+001
  3.8878e+000
  2.2795e+000
  1.7422e-001
  6.0285e+002
  1.6041e+002
  1.2450e+002
  9.7611e+001
  5.6360e+001
  2.7479e+000
  5.6225e+000
  5.8672e+000
  2.4384e+000
  3.5176e+002
  2.2336e+001
  1.5970e+002
  2.5488e+000
  1.1584e+000
  2.4382e+000
  2.8351e+000
  2.5946e+001
  5.1728e+000
  7.6657e+001
  2.1079e+002
  6.3472e+000
  1.5318e+000
  4.7465e+001
  1.1354e+001
  1.8713e+000
  9.0341e+001
  9.1263e+000
  3.4594e+002
  6.6358e+001
  1.8444e+002
  4.3618e-001
  1.7884e+001
  3.7151e+001
  1.2246e+002
  1.2567e+002
  1.0355e+002
  2.1050e+000
  4.6754e+000
  2.1487e+002
  2.0524e+001
  3.0676e+001
  1.4835e+002
  1.7907e+001
  1.4936e+002
  1.5821e+000
  1.8788e+000
  1.4657e+002
  5.5374e+001
  3.6084e+001
  1.4187e+000
  3.4628e+000
  1.4162e+002
  1.0941e+002
  1.1027e+001
  1.3157e+000
  1.7402e+002
  1.2496e+000
  8.0535e+001
  1.1229e+000
  2.6529e+001
  1.1146e+002
  5.2564e+001
  3.1174e+002
  3.6912e+001
  9.4387e+001
  3.2319e+000
  9.1731e+000
  3.9391e+000
  9.6891e+000
  3.0617e+001
  1.5595e+002
  1.0486e+002
  1.7898e+001
  2.3569e+002
  2.1405e+000
  1.4741e+001
  4.0475e+002
  1.4570e+000
  8.3155e+001
  2.3899e+000
  6.5180e+000
  1.3023e+001
  2.1633e+000
  1.1680e+002
  4.2812e+000
  1.0340e+001
  6.9923e+001
  4.6266e+001
  2.0060e+001
  5.3468e+002
  2.2084e+002
  1.0681e+000
  6.7080e-001
  1.3822e+000
  2.7493e+002
  2.8223e+002
  7.1404e+000
  8.0934e-001
  1.0166e+001
  9.4808e+000
  8.4027e+001
  1.8552e+001
  1.1720e+002
  3.5432e+000
  6.7105e+000
  5.1266e+001
  1.1034e+002
  3.1356e+002
  1.7887e+002
  1.0108e+000
  4.2028e+002
  3.2853e+002
  6.6512e+000
  3.2986e+000
  2.1630e+002
  2.2020e+001
  6.2919e+001
  2.0672e+002
  2.2626e+002
  1.7990e+002
  3.8683e+000
  2.1303e+002
  3.4491e+002
  1.9347e+000
  5.3750e+002
  1.3575e+002
  7.4844e-001
  1.3879e+001
  9.7530e+001
  2.9665e+000
  3.9064e+001
  2.4527e+000
  1.2440e+002
  1.2940e+000
  7.7848e+001
  1.1582e+002
  7.1543e-001
  9.1270e+001
  1.1662e+002
  1.6369e+002
  1.1446e+002
  3.7724e+002
  2.9616e+002
  2.7897e+002
  6.2793e+001
  1.6600e+002
  4.0357e+001
  4.2656e+001
  5.3592e+001
  1.5230e+000
  2.4419e+002
  4.5224e+002
  5.7625e-001
  2.0585e+000
  2.4603e+001
  9.7168e+000
  1.0194e+001
  2.4658e+001
  4.1865e+001
  3.8668e+001
  4.4814e+002
  3.9958e+001
  2.0165e+001
  1.2066e+000
  3.3239e+001
  7.2222e+001
  2.5812e+000
  1.0492e+001
  1.6488e+002
  3.2261e+001
  3.5928e+002
  2.0167e+002
  2.0616e+000
  1.3573e+000
  6.3748e+002
  4.1119e+002
  5.3176e+002
  5.0010e+001
  9.3567e-001
  3.5934e+002
  3.5025e+001
  2.8992e+002
  6.7748e-001
  1.0831e+002
  7.8096e-001
  5.0109e+001
  3.6424e+001
  4.2356e+002
  2.6337e+002
  2.2600e+000
  5.0583e-001
  7.0541e+000
  7.6363e+001
  2.1809e+002
  1.8628e+000
  1.4724e+001
  1.2644e+000
  4.5812e+001
  8.5470e-001
  7.9357e+001
  1.2539e+000
  4.1263e+000
  1.8305e+001
  1.2247e+001
  6.6585e+001
  2.0964e+002
  3.4782e+001
  1.8408e+000
  3.5230e+001
  8.6822e-001
  1.6220e+001
  8.8338e-001
  2.3149e+001
  1.1644e+002
  2.4079e+001
  3.9421e+001
  4.7568e+001
  6.8663e+000
  2.1315e+002
  4.5041e+002
  2.0362e+002
  3.7638e+001
  1.0480e+002
  5.2852e+002
  2.1271e+000
  3.9347e+002
  1.0401e+002
  1.5122e+002
  6.0297e+001
  6.0283e+001
  2.4421e+000
  4.9966e+002
  6.8430e+001
  1.0844e+002
  6.0772e+000
  7.3994e+002
  5.6850e+001
  1.1472e+001
  6.4687e+001
  3.8906e+001
  2.3160e+000
  2.2623e+001
  9.2925e+001
  1.4036e+002
  3.0819e+000
  2.5081e+002
  8.7484e+001
  5.0712e+001
  3.5774e+002
  5.9041e+000
  4.2665e+001
  1.8801e+002
  5.4298e+001
  2.0645e+002
  1.9784e+002
  1.4789e+002
  3.1941e+000
  6.9910e+000
  1.6300e+001
  1.6267e+001
  1.4061e+002
  9.4876e+001
  1.2358e+000
  2.5050e+002
  1.8483e+000
  2.9794e+002
  7.2414e-001
  2.2393e+000
  4.4541e+002
  2.8096e+001
  2.8964e+002
  4.5657e+002
  1.7195e+002
  3.1637e+002
  1.6700e+002
  6.7494e+000
  4.1009e+002
  1.0071e+001
  2.6092e+002
  6.7173e-001
  5.0345e-001
  2.4925e+000
  2.0599e+001
  4.2016e+001
  8.5967e+001
  2.5043e+000
  2.3164e+000
  3.5155e+001
  2.6504e+002
  3.0810e+000
  2.2319e+000
  8.0458e+001
  6.1784e-001
  2.2272e+000
  4.2024e+001
  9.4883e-001
  4.5745e+000
  6.0360e+001
  2.2143e+002
  3.4639e+002
  2.7606e+001
  7.5362e+000
  6.8839e+001
  5.0974e+002
  3.2677e+002
  3.2204e+001
  1.7366e+001
  3.1021e+002
  7.8892e-001
  6.4851e+002
  3.8848e+001
  3.3933e+002
  1.8336e+002
  1.2874e+002
  1.4353e+002
  1.1052e+000
  1.2383e+000
  2.2584e+002
  1.4420e+000
  3.2368e+001
  4.0886e+002
  3.7508e+001
  9.3842e-001
  2.6693e+001
  1.1261e+000
  5.0021e+000
  1.2410e+002
  1.5902e+002
  3.8152e-001
  2.8211e+000
  8.0782e+001
  4.4033e+000
  2.1995e+000
  1.6795e+001
  3.0965e+001
  9.6864e+001
  1.5450e+002
  8.2986e+000
  2.5384e+001
  1.6462e+002
  2.4883e+000
  2.7716e+000
  9.8690e+001
  3.1722e+001
  3.0231e+002
  1.7300e+000
  7.9665e+002
  5.9632e+001
  8.6110e+000
  1.4589e+002
  1.4332e+001
  9.9991e+001
  3.0194e+000
  8.2755e+001
  5.2947e+001
  4.0658e+001
  7.8503e+001
  7.3119e-001
  3.0320e+002
  3.5605e+002
  5.4860e+001
  1.6457e+000
  4.5480e+000
  2.9080e+001
  2.4240e+001
  1.8726e+000
  6.6139e+000
  1.2720e+002
  1.2805e+001
  3.2214e+001
  3.2900e+001
  2.9449e+001
  4.2117e+001
  8.3270e+000
  8.6166e+000
  2.1849e+000
  4.6892e+001
  9.3258e+000
  1.7370e-001
  4.3184e+002
  2.0365e+002
  1.6435e+002
  1.0145e+002
  3.2131e+002
  2.5590e+000
  1.1630e+002
  2.9417e+000
  3.6739e+002
  6.1466e+001
  7.2401e+001
  4.4546e+002
  2.9158e+001
  8.4493e-001
  4.1850e+002
  3.2903e+000
  6.5939e-001
  1.0348e+002
  3.0167e+002
  4.9359e+000
  1.6893e+001
  2.4790e+001
  2.5878e+001
  1.6895e+002
  3.8475e+000
  8.4194e-001
  2.4822e+002
  2.7747e+001
  1.8285e+002
  2.8217e+002
  3.4432e+001
  4.4900e+001
  6.2360e+000
  1.1206e+001
  2.6294e+001
  1.7253e+000
  2.6958e+002
  4.0176e+002
  1.6869e+001
  1.6732e+002
  9.3850e+001
  5.4125e+002
  1.1487e+002
  3.3337e+000
  1.3830e+002
  8.6865e+001
  6.4619e+000
  2.6422e+002
  3.3303e+002
  1.2321e+001
  5.7956e+001
  2.8294e+001
  6.5483e+002
  7.2905e+001
  5.7343e+000
  9.4922e+001
  9.5716e+001
  8.6210e+001
  2.4496e+002
  9.8793e+001
  4.4040e+001
  4.6026e+001
  1.0140e+001
  2.5995e+002
  4.4813e+001
  3.9975e+001
  2.2361e+002
  1.8920e+001
  1.3260e+001
  7.8291e-001
  4.0587e+001
  1.8727e+002
  1.6661e+001
  5.9333e-001
  7.9933e+000
  1.7694e+000
  3.5579e+001
  1.4277e+000
  1.9905e+002
  1.8995e+002
  2.3999e+002
  5.1600e+000
  1.8640e+001
  7.1377e+001
  1.1537e+001
  2.0980e+001
  9.1546e+000
  8.8943e+001
  1.7157e+002
  4.7849e+000
  9.7156e-001
  3.2926e+000
  9.2012e+000
  7.8424e+001
  1.8263e+002
  1.7103e+002
  4.7885e+001
  1.5050e+002
  3.4261e+001
  6.9514e-001
  1.3779e+002
  1.4807e+002
  3.2231e+000
  5.8963e+001
  2.7981e+002
  7.9561e+000
  1.3022e+002
  6.5334e+000
  2.9449e+001
  1.8524e+001
  9.7765e+001
  2.5034e+000
  2.9859e+000
  1.9641e+002
  1.5760e+000
  1.1038e+002
  4.1811e-001
  1.6267e+002
  1.7431e+002
  9.5977e+001
  6.1900e+000
  1.1596e+000
  4.8792e+000
  3.8398e+001
  3.8057e+002
  2.3642e+002
  5.9297e+000
  2.9852e+002
  6.4253e+001
  1.1377e+000
  5.9932e+000
  1.8076e+000
  9.1773e+001
  8.3163e+001
  1.4784e+001
  2.0453e+001
  3.5099e+002
  2.8610e+002
  3.9085e+002
  3.6381e+002
  9.6151e+000
  2.5048e+001
  1.5578e+001
  3.1787e+000
  1.9560e+002
  4.3476e+002
  2.9386e+002
  8.2961e+001
  3.2320e+000
  4.5135e+000
  1.3716e+002
  4.1244e+000
  1.9563e+001
  1.7035e+000
  6.9319e+001
  6.4853e+001
  1.5395e+000
  1.0661e+001
  1.0531e+001
  2.0855e+002
  5.9755e+001

