   1.4445
   1.7659
   1.0850
   1.5931
   1.1055
   1.6835
   0.2812
   1.8116
   1.4520
   0.8212
   2.2408
   0.6295
   0.5875
   0.7123
   1.8006
   0.8355
   1.3482
   1.7010
   0.7669
   1.3871
   1.5798
   1.1738
   1.6580
   1.1071
   0.8852
   0.3790
   0.7308
   0.4700
   0.9337
   2.0962
   0.3331
   0.4709
   1.2001
   1.2283
   1.2802
   1.9867
   0.8367
   0.6175
   0.6409
   0.4999
   1.0650
   1.6993
   1.2675
   0.6122
   1.4624
   1.3020
   0.2700
   1.4727
   1.5189
   1.2847
   0.9811
   0.8514
   0.2870
   0.7847
   0.5613
   0.8504
   0.5859
   0.9724
   0.6282
   0.5579
   0.3024
   1.0247
   0.6321
   0.9054
   0.9522
   0.7280
   0.8330
   0.9385
   1.2206
   0.4604
   1.3169
   0.9818
   0.8888
   1.9129
   0.5173
   1.5725
   0.9588
   1.1154
   1.2603
   0.5037
   1.1459
   0.7273
   2.1757
   0.4937
   0.2105
   1.7069
   1.1865
   0.8740
   0.2389
   0.3714
   1.8746
   1.3980
   1.4839
   0.5259
   0.9192
   1.3522
   1.1996
   1.4521
   0.8090
   0.6866
   0.9013
   0.6091
   1.4432
   2.0109
   1.0218
   0.6752
   0.6421
   0.8683
   1.2730
   1.5964
   0.7777
   1.3563
   1.6272
   1.6683
   2.3918
   0.3641
   0.6871
   0.2930
   0.9281
   1.1282
   0.7098
   1.0424
   1.5948
   0.6862
   1.7323
   1.1469
   0.1854
   1.1098
   1.4218
   1.9282
   2.3787
   0.3916
   0.4935
   0.4485
   0.5497
   1.7737
   1.0523
   1.0266
   0.6226
   1.1903
   2.1441
   0.5466
   1.5091
   1.2038
   0.8922
   0.6491
   1.4252
   0.8725
   2.0639
   0.5435
   1.3677
   0.5208
   0.8284
   0.8945
   1.1047
   2.1394
   0.3408
   0.6695
   0.7939
   1.2052
   1.0628
   2.2875
   1.0188
   1.3942
   2.2053
   1.2756
   0.7518
   1.3007
   0.8031
   0.3654
   1.8112
   0.8494
   0.2415
   1.4857
   0.7609
   1.6139
   1.9195
   0.3738
   0.4739
   0.5862
   1.4832
   1.3149
   1.3423
   1.3339
   0.2139
   0.9312
   1.7708
   0.3059
   2.2881
   0.2777
   0.8175
   1.1919
   0.3981
   0.4093
   0.6996
   1.1671
   1.6248
   0.9033
   0.4462
   1.0103
   0.7225
   0.9000
   0.6485
   0.3468
   0.8589
   0.3604
   0.5738
   0.4882
   0.4039
   1.2441
   0.8985
   1.2790
   0.8050
   0.5649
   0.7747
   1.1734
   0.8887
   1.4921
   0.6936
   0.2262
   0.3048
   0.7610
   0.1031
   0.3430
   0.6752
   0.8328
   0.7481
   0.3926
   0.6292
   2.9313
   0.3803
   0.8467
   0.9581
   0.4255
   0.5297
   0.6656
   0.9061
   1.1922
   0.7892
   0.2493
   0.6143
   0.6175
   1.0734
   0.8749
   0.3499
   2.6737
   0.5540
   0.6149
   0.9172
   1.3427
   0.7825
   0.5932
   1.2690
   0.9707
   1.1730
   0.9571
   0.5535
   1.7044
   1.2539
   1.0407
   1.2955
   1.2530
   1.0513
   0.6991
   0.8887
   0.6508
   0.7093
   0.4291
   0.9258
   0.9918
   0.5178
   1.2715
   0.6372
   0.2892
   0.7142
   0.6435
   0.6761
   1.2349
   0.4948
   0.1634
   1.2897
   0.4654
   1.4164
   0.7495
   0.5773
   1.6077
   1.2684
   1.2876
   0.5734
   1.3150
   1.5879
   0.6333
   1.9270
   1.3249
   0.9359
   0.8038
   1.2769
   1.3190
   2.0538
   1.2768
   0.5807
   1.6547
   1.4271
   0.7806
   0.8188
   0.9694
   0.8270
   0.8885
   0.7897
   0.7214
   1.5084
   1.8094
   0.9835
   0.8019
   1.2076
   0.9096
   0.8303
   0.6951
   1.1671
   0.8257
   0.8963
   1.4639
   2.1586
   0.6338
   1.1105
   1.2943
   1.1123
   1.0189
   0.7001
   0.5792
   1.0313
   0.8553
   0.3908
   0.7409
   1.0163
   1.0621
   0.7147
   1.1404
   0.8394
   2.7056
   0.8736
   0.4412
   1.0351
   0.6682
   0.5183
   2.5969
   0.5342
   0.8040
   1.7654
   2.0206
   1.5024
   0.7066
   0.7513
   0.2478
   3.4319
   0.6474
   0.4779
   0.7530
   1.4490
   1.1566
   0.3523
   1.0069
   0.5307
   0.7816
   0.7912
   1.2894
   1.0165
   0.5390
   0.3386
   1.1002
   0.4415
   0.2795
   0.7990
   1.0918
   0.7871
   0.5125
   1.1187
   1.0081
   0.6419
   0.6739
   1.5115
   0.9627
   0.9195
   0.9437
   0.8144
   1.7904
   0.6304
   0.6843
   1.0255
   0.3224
   1.0571
   0.3324
   0.4865
   1.0172
   0.3714
   1.2808
   0.3738
   0.4353
   0.4899
   0.8540
   0.2934
   0.7688
   1.6695
   1.0036
   1.8783
   0.3403
   1.1523
   0.5103
   0.3696
   1.7466
   0.8975
   0.6536
   0.9941
   0.7851
   1.1657
   1.1855
   1.0302
   1.5146
   0.8552
   0.6391
   0.5140
   1.1971
   0.5927
   1.5491
   0.5279
   0.5969
   1.8555
   0.7844
   0.8346
   0.6079
   0.5905
   1.0924
   0.9188
   1.3092
   0.2067
   0.8651
   0.3838
   1.2476
   1.3017
   0.4556
   0.6448
   1.3500
   0.5463
   0.9210
   2.2680
   0.6885
   0.9201
   0.7814
   1.1071
   2.7752
   0.6209
   2.2280
   2.1116
   0.9940
   0.3494
   1.4097
   1.2961
   0.9771
   0.8976
   1.2190
   0.3516
   1.1248
   1.0598
   1.1343
   1.4894
   0.4362
   0.9752
   0.8021
   0.8818
   0.3771
   1.0418
   0.7793
   1.6153
   1.1325
   0.5908
   1.9052
   1.2362
   2.0561
   1.5628
   0.6451
   0.9817
   1.6810
   1.5479
   0.4848
   0.6079
   0.4439
   0.9925
   2.4309
   1.1464
   2.1534
   0.9099
   1.4951
   1.6611
   1.0091
   1.4976
   0.3247
   0.5715
   1.2603
   1.4521
   0.8476
   1.2031
   2.2407
   0.7177
   1.7060
   0.3734
   1.1175
   0.8801
   1.8028
   0.9355
   2.9938
   1.5058
   0.6491
   1.0035
   0.7608
   0.9637
   0.7609
   1.2128
   0.9795
   0.3743
   1.1605
   1.4173
   2.5028
   0.8156
   0.7253
   1.4551
   0.8414
   0.7060
   1.4354
   0.6972
   1.1220
   0.5067
   0.8812
   1.2377
   0.5639
   0.9053
   0.8316
   3.0519
   0.7228
   0.9145
   0.8295
   0.9147
   0.4541
   0.5137
   0.4557
   1.2622
   1.0500
   1.2421
   0.7775
   0.8991
   0.8160
   2.6171
   0.4898
   0.6367
   0.5732
   1.2628
   0.8773
   1.1430
   1.3330
   1.7448
   1.1075
   1.2148
   1.6307
   1.4153
   1.7188
   1.8214
   0.9614
   0.8515
   0.9003
   0.6611
   0.4771
   1.7152
   0.3614
   0.8695
   0.6917
   1.1704
   1.2184
   1.7741
   1.4267
   1.7149
   0.4872
   0.7738
   1.2067
   1.8742
   1.2855
   0.6036
   0.3376
   0.7689
   1.2086
   0.6162
   0.2701
   0.7378
   1.3541
   2.0703
   1.8495
   1.0872
   0.6657
   1.0636
   0.4740
   1.0255
   0.7449
   0.9911
   1.1776
   1.3014
   0.9535
   1.0445
   0.7661
   1.0017
   1.5379
   0.6092
   0.5842
   0.3322
   0.4226
   1.2004
   0.4195
   0.6450
   0.5499
   0.5420
   0.9171
   1.6234
   0.7443
   1.7489
   1.0272
   0.7284
   0.6002
   0.4268
   0.9457
   0.4158
   0.4768
   1.0018
   0.5740
   0.9120
   0.9678
   0.7459
   0.5827
   0.8657
   0.2829
   0.6939
   0.9109
   0.6864
   0.8897
   1.7847
   0.9502
   0.3390
   0.6328
   0.7234
   0.2703
   1.3929
   0.9454
   0.6853
   0.5068
   2.6335
   1.0352
   0.9013
   1.1696
   0.7526
   1.1627
   1.1020
   0.7205
   1.3844
   0.7273
   0.5009
   1.4951
   0.7860
   0.4411
   0.9531
   0.2903
   0.4178
   1.4369
   0.5734
   0.8537
   3.2176
   0.7619
   2.0954
   2.2001
   1.3056
   1.1671
   1.7151
   1.4654
   0.7376
   1.6360
   0.4606
   1.0372
   0.7752
   1.2944
   0.8067
   1.1187
   1.9924
   0.8030
   2.5399
   1.3404
   0.9679
   1.7005
   0.9229
   1.3320
   1.2399
   0.4326
   1.3366
   0.8612
   0.9064
   0.4093
   0.2878
   0.6460
   1.1247
   0.3543
   0.2553
   0.5462
   2.4662
   0.7281
   0.6165
   0.5998
   0.9082
   1.3564
   0.7333
   2.4190
   0.9989
   1.3685
   0.4597
   0.9798
   2.0125
   1.0237
   0.4529
   0.9254
   0.9093
   1.4489
   0.9795
   0.5147
   0.7239
   0.9070
   1.5562
   0.5007
   2.4516
   1.0344
   1.5907
   1.3154
   0.8078
   0.3462
   1.6345
   0.4947
   0.3754
   2.2725
   1.1242
   1.9055
   0.4172
   1.3077
   0.9916
   1.0413
   0.8926
   0.4156
   0.4490
   1.6465
   0.3094
   0.6440
   0.1938
   0.9551
   2.3456
   1.1752
   1.1065
   0.9892
   0.7451
   0.9008
   0.5174
   0.7880
   0.4986
   1.0331
   2.5153
   0.5692
   0.2110
   0.8343
   1.7968
   1.2870
   0.8489
   0.6698
   1.0410
   1.5276
   0.9745
   1.6910
   1.3061
   0.6902
   1.9234
   0.4526
   0.8502
   0.4368
   0.6939
   1.1740
   0.3942
   1.1339
   1.0790
   1.5798
   1.0740
   0.5190
   1.1015
   1.9018
   1.1443
   2.0798
   0.6896
   1.6864
   0.7255
   0.6529
   1.4201
   0.4646
   0.3172
   0.3001
   0.8520
   0.6077
   0.4434
   1.1179
   0.8277
   0.8673
   0.8895
   0.4007
   0.4863
   1.3238
   0.9638
   0.7367
   0.7670
   0.6919
   1.3635
   1.3926
   1.2629
   1.3661
   0.6947
   1.4132
   1.0573
   0.8450
   1.2517
   0.9059
   1.2266
   1.0828
   1.4104
   0.9634
   0.8723
   1.1377
   1.1103
   0.4811
   1.2071
   0.6921
   0.5320
   0.8271
   0.4822
   1.3237
   0.6982
   1.9963
   0.2005
   1.1354
   1.5549
   0.5921
   0.3201
   1.0068
   0.7608
   2.3456
   1.1654
   0.4787
   0.5428
   0.7204
   0.6489
   0.7687
   0.7105
   0.7066
   0.7726
   0.9635
   0.5308
   1.3982
   0.6059
   1.1242
   0.3131
   0.9061
   2.0220
   1.3989
   0.6496
   0.7562
   1.1769
   1.0443
   0.8774
   0.1849
   1.0757
   1.5933
   0.6425
   1.2454
   1.1890
   0.9443
   1.1195
   0.7989
   1.4180
   1.3520
   1.3411
   0.9024
   0.8951
   0.9400
   0.4358
   0.8609
   0.9398
   0.6340
   1.3892
   1.1944
   1.4169
   0.8707
   1.6822
   1.0724
   1.2711
   0.3671
   0.4966
   1.0912
   0.9383
   0.6610
   0.5067
   0.8523
   0.9835
   1.6672
   0.4416
   0.5816
   2.0100
   0.3706
   0.8656
   1.5736
   0.5001
   0.9456
   1.4862
   0.4023
   0.9072
   1.4145
   1.5728
   1.3616
   1.4820
   0.8654
   1.4785
   0.5048
   0.2445
   0.5492
   0.8757
   0.2124
   1.2155
   0.9132
   0.3027
   0.8657
   2.2949
   1.4316
   0.9010
   1.6237
   0.8062
   1.0230
   0.2295
   0.7778
   0.5124
   0.6981
   0.6408
   0.8299
   0.8025
   1.3905
   0.7327
   1.2500
   1.1977
   1.1704
   0.7277
   0.6890
   0.4513
   1.0547
   1.4264
   1.2097
   0.5010
   0.8099
   0.7541
   1.6074
   1.1149
   0.8761
   0.9833
   0.7029
   0.9578
   0.2741
   0.6729
   0.5338
   0.7010
   0.9098
   1.3297
   0.5489
   1.7455
   1.4717
   0.1503
   1.2481
   2.0145
   0.6246
   0.2490
   1.1860
   1.1754
   0.7547
   0.8324
   1.6519
   0.4146
   1.6364
   1.1147
   1.2761
   1.0845
   0.7200
   0.3835
   0.4654
   0.4794
   0.4675
   0.7254
   0.1414
   1.5249
   0.2745

