   0.8805
   1.3551
   0.8417
   0.4308
   1.8065
   0.2255
   2.3371
   1.1004
   2.0541
   1.0999
   0.5117
   1.5393
   0.9816
   1.1719
   2.1193
   0.8697
   0.8067
   0.7281
   0.3378
   1.0299
   1.0243
   0.7216
   0.7830
   0.6287
   1.1630
   0.4860
   0.2861
   0.9147
   1.0516
   0.8997
   1.1492
   0.7917
   1.0596
   0.5040
   0.9394
   1.0391
   1.6076
   1.2317
   1.7992
   1.1275
   0.3799
   1.2876
   0.5278
   1.3973
   0.3854
   0.7166
   0.9160
   1.2853
   0.9567
   2.4617
   0.5818
   1.5632
   0.8921
   1.7300
   1.3244
   0.7008
   0.7022
   2.1563
   0.7503
   0.4682
   0.4988
   0.4670
   0.7494
   0.5625
   1.1367
   0.6365
   0.3742
   0.4982
   1.9288
   0.3476
   0.8954
   1.5498
   0.7963
   1.1196
   0.3557
   0.6816
   0.7877
   0.8406
   0.8292
   1.4345
   0.4369
   1.7661
   0.7985
   1.6102
   0.9777
   0.7384
   1.3076
   1.0895
   0.6382
   0.4526
   1.0348
   1.1298
   0.4492
   0.4297
   0.4385
   0.8190
   0.5429
   0.4491
   1.4231
   0.5895
   0.6368
   0.6785
   0.9148
   0.2587
   2.8220
   0.4738
   0.8959
   1.4376
   0.9803
   0.3420
   0.5814
   1.2852
   0.7154
   0.8513
   1.0433
   0.8362
   1.9741
   1.1135
   0.9259
   1.2653
   1.5409
   1.3375
   0.5819
   1.0548
   0.4462
   0.7622
   0.9244
   1.4506
   0.2521
   0.2689
   0.8508
   1.6502
   2.5253
   1.2569
   1.0980
   0.7273
   0.9383
   0.6596
   0.7335
   1.9271
   0.6326
   1.8580
   2.8156
   0.9310
   0.6475
   1.1051
   0.5057
   0.9181
   0.7364
   1.4241
   0.5305
   0.3266
   0.7059
   0.6690
   1.2532
   0.8591
   0.9831
   1.3864
   0.9010
   0.4690
   0.9336
   1.0334
   0.6761
   1.4737
   1.6526
   0.5250
   1.7455
   0.3330
   0.3814
   0.5465
   0.5469
   1.6357
   0.6506
   1.3232
   0.9686
   2.0783
   1.4206
   0.8582
   0.7467
   1.1174
   1.1847
   0.6332
   0.6130
   1.0557
   0.9715
   1.7672
   0.7513
   0.5094
   1.2165
   0.6419
   0.6916
   0.8375
   0.3375
   1.4847
   0.5046
   1.7448
   0.7455
   2.3042
   1.1560
   0.6620
   0.7841
   1.0548
   0.4006
   0.8830
   0.8143
   0.8446
   2.3177
   1.1528
   0.6645
   0.7711
   1.4514
   0.4409
   2.9096
   1.9121
   1.4008
   0.6447
   1.0111
   1.5043
   0.7306
   1.0413
   0.5874
   0.5858
   0.6578
   0.8329
   1.5139
   0.5785
   0.9023
   1.5097
   1.2441
   0.9225
   0.7720
   0.8199
   0.7789
   0.7780
   1.1936
   1.3944
   2.3207
   0.6882
   2.1105
   0.8097
   1.7928
   0.4677
   0.4104
   0.7752
   0.9773
   1.0052
   1.4210
   1.3663
   0.7850
   0.7158
   0.6666
   1.8074
   0.6025
   0.3957
   0.4091
   1.4875
   4.1147
   1.8101
   0.8223
   1.5421
   0.3482
   0.5371
   1.2340
   1.4078
   1.1565
   0.5754
   0.5780
   1.3170
   0.5809
   0.4419
   0.8523
   1.0957
   0.2767
   0.3654
   1.1903
   0.2622
   0.9281
   0.7898
   0.2460
   1.6088
   1.7407
   0.7671
   0.6496
   1.7423
   0.9447
   1.4007
   1.1961
   0.3767
   0.9632
   1.3715
   1.5341
   1.2373
   0.6911
   2.2679
   0.5279
   0.6026
   0.9029
   0.4909
   0.9502
   0.5013
   0.4927
   1.3426
   0.5458
   1.6010
   0.7201
   2.1792
   1.2637
   1.1695
   1.3923
   0.6471
   0.7202
   0.3319
   0.9990
   0.7117
   0.8248
   0.8433
   0.8583
   0.7869
   0.7435
   0.5680
   0.2741
   1.4500
   2.1132
   0.9453
   0.4153
   1.1121
   0.6641
   0.3493
   0.3871
   1.3922
   0.4203
   0.7025
   0.4752
   1.7078
   1.2776
   0.2700
   2.2722
   1.0404
   0.7482
   1.5039
   1.7608
   0.5187
   1.8097
   1.5907
   0.6565
   0.3529
   0.6031
   1.2563
   1.6085
   0.6099
   0.6534
   1.8032
   0.9818
   0.9293
   0.8505
   0.9166
   1.3788
   0.8035
   0.3104
   0.6753
   0.7364
   2.2807
   0.5848
   1.3178
   1.0071
   1.3983
   1.6785
   2.5103
   0.9027
   1.2612
   1.9682
   0.8879
   0.2976
   0.6242
   0.3738
   1.5231
   0.8377
   1.1199
   0.3887
   0.9041
   0.8291
   0.5414
   1.4654
   0.9728
   0.5738
   0.7841
   0.4093
   0.6906
   1.8020
   1.0104
   1.3800
   1.4418
   0.8925
   1.0031
   0.3977
   0.2176
   0.6506
   0.8888
   0.6657
   0.6885
   1.5818
   2.8882
   1.3694
   0.8219
   0.2767
   1.1831
   1.7466
   0.9948
   1.3890
   1.2073
   1.1861
   0.4068
   1.6614
   0.6897
   0.5381
   1.2043
   0.5494
   0.3910
   0.9072
   1.1414
   0.7132
   0.6145
   0.8569
   0.9524
   0.6314
   1.1294
   0.7060
   0.5497
   1.1154
   1.3482
   0.3988
   1.0153
   1.3428
   0.2775
   0.6634
   0.6921
   1.1380
   1.0457
   0.4287
   1.4769
   0.5441
   0.8572
   0.9443
   0.6084
   1.2660
   0.5011
   3.0393
   1.2108
   0.8676
   0.8269
   0.6678
   0.6887
   2.0779
   0.5582
   0.8461
   0.4953
   0.9531
   0.9739
   0.9629
   0.8333
   2.1402
   0.7356
   1.0507
   0.7576
   1.9649
   1.1645
   0.1092
   0.4024
   0.6194
   0.3611
   1.0030
   1.6241
   1.6444
   0.6673
   0.4377
   0.5789
   0.6059
   1.9454
   0.9064
   1.1865
   0.4343
   0.8760
   2.0454
   0.7546
   1.2881
   0.9837
   1.4094
   1.3898
   1.3042
   0.4056
   0.8043
   0.7477
   1.6708
   0.3157
   1.0206
   1.4220
   1.9060
   0.7859
   1.0524
   1.9549
   0.7183
   2.4314
   1.1258
   0.8814
   1.1227
   0.6619
   0.4331
   0.8495
   2.3758
   0.7427
   1.3217
   0.5307
   0.8613
   1.0179
   0.7606
   1.0409
   1.9792
   0.5738
   0.2307
   1.4477
   1.1376
   1.1365
   0.6434
   0.9979
   0.9774
   0.5411
   1.5769
   0.7903
   0.4969
   1.1240
   0.9967
   0.7880
   1.0994
   0.4908
   0.7148
   1.0012
   0.7607
   0.9832
   0.4159
   0.4672
   2.0960
   0.7376
   0.5782
   1.4966
   0.6268
   1.2225
   0.7676
   1.0959
   0.7576
   1.9913
   0.7337
   0.3240
   1.3335
   1.2289
   0.9922
   0.7848
   0.6517
   0.8211
   1.0035
   0.8824
   0.7168
   1.0773
   0.3810
   0.9284
   0.8617
   0.7180
   0.5861
   1.4721
   1.4690
   1.9909
   0.9858
   1.4270
   1.2977
   0.2921
   0.1844
   0.5515
   0.6745
   0.6824
   0.4464
   0.3049
   1.1251
   0.7666
   3.4318
   0.5898
   2.2490
   0.5660
   1.0594
   1.0357
   0.2997
   0.6365
   0.6304
   0.8270
   1.4545
   1.7681
   0.4314
   0.6429
   0.3864
   0.7158
   0.5509
   0.6701
   0.9771
   1.2816
   1.2639
   1.7350
   0.7726
   1.3701
   0.9515
   1.9317
   0.9902
   0.8185
   1.3086
   1.2313
   0.7796
   0.9142
   1.0036
   1.0734
   0.7882
   0.3729
   1.1657
   0.4994
   0.4621
   1.4672
   0.6050
   1.6393
   0.7944
   1.1633
   1.4805
   0.3741
   1.4659
   0.4626
   1.0307
   1.1309
   1.2351
   0.9140
   0.7412
   1.4248
   1.6641
   2.4590
   0.3171
   0.4527
   0.3330
   1.7798
   1.5370
   0.4040
   1.7610
   1.4222
   1.5513
   1.0544
   0.9708
   0.8470
   0.3422
   0.3563
   0.8072
   0.9599
   1.0677
   1.6752
   1.4575
   0.7455
   2.1070
   0.7422
   0.4323
   0.8888
   1.5300
   0.6802
   0.8900
   0.4590
   0.9935
   0.7602
   0.9559
   0.5881
   1.5674
   0.4758
   0.8854
   0.3917
   0.6287
   0.8711
   1.1125
   1.0416
   0.6795
   1.8765
   0.5596
   0.7086
   1.9107
   1.5983
   1.5998
   0.7118
   1.3098
   1.3858
   1.1886
   0.6815
   2.7110
   0.2021
   0.5650
   1.0041
   0.5697
   1.4079
   0.7916
   1.1187
   0.5883
   0.3869
   0.5178
   0.2479
   1.1387
   2.0730
   0.5182
   1.2955
   0.3344
   1.7082
   1.8065
   0.8476
   0.6118
   0.9471
   0.5886
   1.0473
   1.1530
   2.5138
   1.3708
   0.7802
   1.1623
   0.9610
   0.3410
   0.3801
   1.0832
   1.8242
   0.5474
   2.2561
   1.4822
   1.7922
   0.5872
   0.4034
   1.4782
   1.6461
   0.7002
   1.1034
   1.1582
   0.8172
   2.0391
   1.1937
   0.7355
   0.8895
   1.1143
   0.6561
   0.6120
   0.8798
   0.8691
   0.6319
   1.8527
   1.3495
   0.6034
   0.1695
   0.6197
   0.8501
   1.5229
   0.9174
   0.7295
   0.2554
   0.6387
   0.6668
   0.9666
   1.9899
   0.7109
   0.5786
   1.0658
   0.6052
   1.3532
   0.5227
   1.1294
   0.5917
   0.4653
   0.7238
   0.9623
   1.4867
   0.4240
   0.5947
   0.4116
   1.2453
   1.1194
   0.5126
   1.2889
   0.6569
   1.5557
   0.7736
   1.1493
   1.0067
   1.4406
   1.1438
   0.3881
   0.8407
   0.6472
   0.4917
   0.7991
   0.7651
   0.5275
   0.6495
   0.8612
   1.5195
   1.1706
   0.3570
   1.9850
   1.1187
   0.6798
   0.4781
   0.5177
   1.6808
   0.9994
   1.5680
   1.4088
   0.6885
   0.8749
   1.2137
   0.8740
   1.2666
   0.7762
   1.1005
   0.8189
   0.4587
   0.9839
   1.3139
   1.0526
   0.6918
   0.5553
   0.3437
   0.6429
   1.3063
   0.8491
   1.1237
   0.5128
   1.4913
   1.4862
   1.1073
   1.2054
   0.8313
   1.1689
   1.2958
   1.2514
   0.4721
   1.0192
   1.3355
   0.4960
   0.2753
   0.1549
   1.3820
   0.9139
   0.8420
   1.4212
   1.3836
   0.7770
   0.5381
   0.7574
   1.7170
   0.9395
   1.1826
   0.5648
   0.9399
   0.4540
   1.5415
   0.6731
   0.9350
   0.8660
   0.8338
   1.1373
   0.5488
   0.8796
   0.2761
   0.3159
   0.5483
   0.4545
   1.1749
   0.9793
   1.0194
   1.5087
   1.3760
   1.7814
   0.6177
   0.5532
   1.5534
   1.5169
   0.6545
   0.8817
   0.3717
   1.4760
   1.4443
   1.1456
   0.9858
   1.7026
   0.7932
   0.3767
   1.0212
   1.3754
   1.2919
   0.7705
   0.9648
   0.8276
   1.2908
   1.2611
   0.7969
   0.8365
   1.1275
   0.6630
   0.4318
   1.0018
   1.5199
   0.4254
   0.6933
   1.1648
   0.6799
   0.8281
   2.0233
   0.4319
   0.3738
   0.9105
   2.1029
   0.9782
   0.5975
   0.5091
   0.7296
   0.9146
   0.6976
   1.4940
   0.4622
   1.0553
   1.6569
   0.5500
   1.0960
   1.1444
   0.3063
   1.2973
   0.8035
   1.0614
   0.5483
   0.8654
   1.6089
   0.6104
   0.4989
   0.9227
   0.5316
   1.8595
   1.3218
   1.1970
   1.9434
   1.2637
   1.1395
   0.1805
   1.7818
   1.3318
   2.5167
   1.8439
   0.8033
   0.3243
   0.9439
   0.3892
   1.0502
   0.4955
   1.8034
   1.8618
   0.8776
   1.8329
   1.3436
   0.8582
   0.8802
   0.6244
   1.2027
   1.0418
   0.9318
   1.0901
   0.5073
   1.3006
   1.3084
   0.2904
   1.8651
   1.1797
   1.7987
   0.4627
   0.9967
   1.0700
   0.9257
   0.8550
   0.4824
   0.9067
   0.9158
   0.8531
   0.5763
   0.6368
   0.2356
   0.6027
   0.8259
   1.6842
   0.5038
   0.5133
   2.0603
   0.8022
   2.0009
   1.4125
   1.2882
   3.1007
   0.9291
   1.8337
   0.6454
   1.9950
   2.2234

