   0.4507
   0.7767
   0.3262
   0.7796
   1.2998
   0.4344
   0.3365
   1.1746
   1.9432
   0.8876
   0.7738
   0.3669
   2.0669
   0.2757
   0.9285
   3.2919
   0.5741
   0.3761
   0.9183
   0.6897
   0.6742
   1.3144
   0.9591
   0.2247
   0.9249
   1.1477
   1.4147
   0.2545
   1.1550
   1.2995
   0.2639
   1.7335
   0.5623
   0.4901
   0.6424
   0.2537
   0.7780
   0.7122
   0.4649
   1.1296
   0.7020
   1.0608
   0.4865
   0.4458
   0.5458
   0.7460
   1.0973
   0.5501
   0.6225
   1.2976
   0.8774
   3.3750
   1.0679
   1.8081
   1.0299
   2.4266
   0.4637
   2.1774
   1.0805
   0.4674
   0.3930
   0.8803
   0.5262
   0.6144
   1.2205
   0.5164
   1.8623
   0.7143
   0.4053
   0.1356
   2.7385
   2.3460
   0.4758
   0.4931
   2.9288
   1.0061
   1.9999
   2.5394
   1.4993
   0.3099
   0.2948
   1.6699
   0.6428
   0.5773
   0.8515
   1.9860
   1.1144
   2.4769
   0.6297
   1.3739
   0.3909
   1.0097
   0.2969
   1.1743
   0.6256
   0.6153
   1.3157
   0.8332
   1.1475
   0.9457
   0.6208
   1.7935
   0.6882
   1.6526
   0.3772
   1.4517
   1.2150
   2.1532
   0.9003
   0.8305
   1.0195
   0.8853
   1.6036
   3.5933
   0.9169
   1.7832
   1.4937
   1.6061
   1.9110
   0.4919
   1.3572
   2.4215
   0.1967
   0.3033
   1.8832
   0.3781
   0.8908
   0.9993
   0.7929
   0.6998
   1.0672
   0.4350
   0.3576
   1.2551
   1.6066
   0.2743
   1.4983
   0.5080
   1.2408
   0.9505
   1.0723
   0.4772
   0.2287
   2.8966
   1.0384
   1.8655
   0.6529
   2.0930
   0.9311
   3.9297
   0.6268
   0.7638
   1.4269
   0.9901
   0.6509
   1.5390
   0.9275
   0.9673
   0.6397
   0.9386
   0.8290
   1.7347
   0.5500
   1.2237
   1.3216
   0.9222
   1.2017
   0.5691
   0.4624
   0.3659
   1.9147
   0.6217
   0.9558
   1.3505
   1.3478
   4.3780
   0.8528
   0.7177
   0.9995
   4.2808
   0.8659
   0.5040
   1.2608
   0.6523
   1.7654
   1.6669
   1.5053
   0.2741
   0.4868
   0.8624
   1.3729
   0.3772
   0.7407
   0.8398
   0.5241
   1.1482
   0.6093
   1.1021
   0.6614
   0.6453
   0.4862
   1.1266
   0.4386
   0.6009
   0.2259
   0.1521
   0.3907
   1.2125
   0.7234
   0.8287
   0.6398
   0.3421
   1.0701
   0.4840
   0.6697
   0.5867
   0.4509
   0.4911
   1.1095
   0.8275
   0.3695
   0.3995
   0.9113
   0.5733
   0.4878
   0.5612
   0.3459
   1.2774
   0.9586
   0.6893
   1.5134
   1.9047
   1.0751
   0.7183
   1.3283
   0.4074
   0.5107
   1.0819
   0.2075
   0.5971
   1.0179
   0.6329
   0.4491
   0.6208
   0.2053
   1.4155
   2.0435
   1.0536
   0.2898
   0.8955
   0.7004
   1.0101
   0.1959
   0.5599
   1.2462
   3.0935
   0.9351
   0.8709
   0.5612
   0.4470
   0.5827
   1.6189
   0.6826
   0.6953
   2.0202
   0.5139
   0.8258
   1.8948
   1.1286
   1.2710
   0.9458
   1.5578
   0.2821
   1.7297
   0.7501
   0.9054
   0.4866
   0.3943
   0.2798
   0.6121
   1.7770
   1.0601
   1.8828
   1.1965
   0.9264
   0.5881
   0.4870
   0.5607
   0.6323
   1.1613
   0.9156
   2.5388
   0.7705
   1.1993
   1.2606
   1.5024
   1.4010
   1.3147
   0.7645
   0.7614
   2.3021
   0.7839
   0.6768
   4.7937
   0.5612
   0.5441
   0.5153
   1.8903
   0.6748
   0.9418
   1.6079
   0.6433
   0.5739
   1.3461
   2.1112
   1.4916
   1.2935
   1.4122
   0.8867
   0.9944
   0.3781
   1.1136
   0.6719
   0.4933
   0.3373
   1.2629
   0.7239
   0.3355
   1.3445
   0.8319
   0.5850
   0.4393
   1.5604
   0.6489
   0.5486
   1.0441
   1.2697
   0.7120
   0.6615
   0.3423
   1.8021
   2.1073
   1.6427
   1.0582
   1.4064
   1.4326
   0.8976
   1.1840
   5.3800
   0.7897
   3.1215
   0.8902
   1.6476
   0.5314
   0.9756
   0.6667
   0.3149
   0.6201
   0.9127
   1.1726
   0.9998
   0.5577
   2.1456
   0.4306
   0.8156
   1.1571
   0.5473
   0.6201
   1.2492
   0.7857
   0.5732
   1.0296
   0.2793
   0.5376
   0.3589
   1.2374
   0.9777
   0.9520
   0.2772
   1.6592
   1.2919
   2.1903
   0.8525
   0.4506
   0.7014
   0.6544
   0.2346
   0.5040
   0.6159
   0.2513
   0.3622
   0.6184
   0.7562
   1.3278
   1.0931
   1.2770
   0.8162
   0.5945
   0.9643
   1.0298
   0.4426
   1.5976
   1.0880
   3.7782
   0.7546
   0.4174
   0.5640
   0.4178
   1.3240
   1.0316
   0.6027
   1.0852
   0.4516
   0.7478
   0.5207
   2.2371
   1.5045
   1.3261
   0.6897
   1.2183
   1.2748
   0.5625
   0.9711
   1.1555
   0.3958
   4.1567
   0.3851
   0.3258
   0.3565
   0.8292
   0.5129
   0.4872
   1.7817
   1.4729
   0.2178
   0.9481
   0.6456
   0.9506
   0.2538
   0.7819
   0.4645
   0.7486
   0.6697
   0.6308
   0.9133
   0.4904
   1.4092
   1.1151
   0.5155
   0.6397
   0.9435
   1.1269
   0.6561
   0.7648
   1.0177
   1.3947
   1.2581
   1.4833
   0.6910
   0.9259
   1.1818
   0.5187
   0.3294
   0.4665
   1.0513
   1.0272
   1.7594
   0.7438
   1.8594
   0.9713
   0.9731
   5.0534
   1.0149
   0.4553
   0.9073
   0.6117
   1.1197
   1.0747
   1.3159
   1.1084
   0.9294
   0.9274
   0.9192
   1.4783
   0.4634
   0.7360
   1.0144
   0.5546
   1.5711
   1.2721
   1.0485
   0.6364
   0.8005
   1.2357
   0.5099
   1.3823
   0.5877
   1.0723
   0.9255
   0.6406
   0.9060
   0.6853
   0.5440
   1.8916
   0.6027
   0.4353
   1.4594
   1.6952
   1.1924
   1.1394
   1.8082
   0.5577
   0.5425
   1.2306
   2.3554
   0.9397
   0.3901
   1.0585
   1.3487
   1.0841
   0.6252
   0.6731
   0.4006
   1.5655
   1.8376
   2.1127
   0.7262
   0.5376
   1.6393
   1.3138
   0.6587
   0.5664
   2.0058
   1.1350
   0.5811
   0.5111
   2.1548
   0.6753
   1.4376
   1.0016
   0.5750
   0.8700
   0.6045
   2.7332
   0.4765
   0.5783
   0.5085
   2.5496
   1.0985
   0.8397
   0.7239
   0.6906
   0.8361
   0.5477
   0.2746
   0.4359
   0.7565
   1.7389
   0.8516
   0.7800
   1.9121
   0.9255
   0.6273
   0.6362
   0.2830
   0.7953
   0.3521
   4.0464
   0.6930
   0.1954
   0.4293
   1.6057
   0.5084
   0.9965
   0.7809
   1.0382
   0.5063
   1.0866
   0.8355
   2.1773
   0.3294
   0.5202
   0.7866
   2.4488
   4.2653
   0.6245
   1.7563
   1.2538
   1.4972
   0.7203
   0.3515
   0.4761
   0.5949
   0.6309
   0.5443
   1.0216
   3.4087
   0.6529
   0.4942
   0.7734
   1.5165
   0.5517
   1.7749
   0.5958
   2.0867
   0.8483
   1.1081
   0.5738
   0.1337
   0.5063
   2.1673
   0.6556
   2.0250
   0.3368
   1.7799
   0.6910
   1.3974
   1.0946
   1.7901
   0.2768
   1.1533
   0.7340
   0.9254
   0.4826
   1.1427
   1.3867
   0.8620
   1.0330
   0.6095
   2.1193
   1.4560
   0.9951
   0.9310
   0.6116
   0.5546
   0.9042
   0.9412
   0.1461
   1.1103
   1.2328
   0.8834
   1.9661
   0.5366
   0.4452
   1.7922
   0.5805
   0.7481
   0.6502
   0.1324
   0.6575
   0.6991
   1.2122
   0.8596
   0.7446
   0.9297
   0.3952
   0.8181
   1.3836
   0.3667
   0.9469
   1.3351
   2.5751
   0.5941
   1.1911
   0.7486
   0.1803
   0.7452
   0.6253
   0.7397
   1.8688
   0.6832
   1.2737
   0.7043
   0.3054
   1.4437
   1.7291
   1.7355
   0.7945
   1.4663
   1.3547
   1.1647
   2.6551
   1.7184
   1.2118
   0.3043
   3.3368
   1.6793
   0.6239
   0.5251
   0.6729
   1.3783
   1.8242
   0.9633
   0.7607
   1.8356
   0.8796
   0.3553
   1.3451
   0.4814
   0.5893
   1.0403
   0.9442
   1.5146
   0.3140
   1.0338
   0.5162
   1.2946
   0.1216
   0.7636
   0.8552
   1.0010
   1.3718
   0.4573
   0.4806
   0.5972
   0.5619
   0.4374
   0.8195
   1.3678
   1.6468
   0.6891
   1.3917
   1.8123
   0.7449
   0.6274
   0.8387
   0.3256
   0.2697
   1.4351
   0.3790
   0.2685
   0.3044
   1.0318
   0.9331
   0.7896
   1.2050
   0.5707
   0.4856
   0.7778
   1.1817
   1.5526
   1.0663
   1.7629
   2.2108
   0.2755
   0.6862
   2.0011
   0.4863
   2.0386
   0.1929
   0.9923
   0.6234
   0.3744
   0.4763
   0.3145
   0.5769
   0.6697
   0.5699
   0.5511
   0.7691
   0.5468
   0.7995
   0.4192
   0.3615
   1.1538
   0.6789
   0.5861
   1.3292
   0.5979
   1.0337
   0.8467
   0.6871
   0.6303
   0.5942
   0.3924
   2.2188
   0.8357
   2.4792
   1.7351
   0.6212
   0.9952
   0.5898
   0.9703
   0.6558
   1.3040
   1.3440
   1.0511
   1.9730
   0.5933
   0.8992
   0.6554
   0.6738
   0.7859
   1.1298
   0.1240
   1.1046
   2.3388
   0.6225
   0.6720
   0.5035
   0.6668
   0.8822
   0.4967
   4.6931
   1.6697
   1.1791
   1.1030
   0.7583
   1.7261
   0.2199
   0.8079
   1.6591
   0.5574
   0.9797
   0.9826
   0.5096
   0.4788
   0.2568
   0.9325
   0.4909
   0.3783
   1.2356
   0.4857
   1.5062
   1.9410
   0.4560
   0.5999
   1.1889
   0.7278
   0.4808
   0.2572
   0.4154
   0.8679
   0.3033
   0.4565
   1.0185
   0.7319
   1.0115
   0.2475
   0.8161
   0.9829
   0.5559
   0.5746
   0.7488
   0.3366
   0.7279
   0.4931
   1.0981
   0.1311
   0.1837
   0.2592
   0.4909
   2.5727
   0.6491
   0.3600
   0.5738
   2.0857
   0.2923
   0.8784
   0.5409
   1.2595
   0.7338
   0.4877
   5.0190
   0.9676
   0.5057
   1.0452
   0.7633
   0.8518
   1.2948
   0.5278
   0.6637
   1.6333
   0.5951
   1.6683
   0.9653
   0.8768
   0.4934
   1.2152
   1.1827
   0.5136
   0.8251
   0.6550
   0.7756
   0.7546
   0.8434
   0.3476
   0.6360
   0.6043
   0.8279
   1.0602
   1.0680
   2.2527
   1.1497
   1.1281
   1.7927
   1.3848
   2.1475
   0.2568
   0.6746
   1.3201
   1.7865
   1.2888
   0.7493
   0.5407
   0.9425
   0.7892
   0.3623
   0.6284
   0.8195
   0.1080
   1.1996
   0.8498
   0.7263
   0.5855
   0.5785
   1.5862
   0.7962
   0.4594
   1.9286
   0.4649
   1.2135
   0.5943
   1.4863
   1.5965
   1.4278
   0.9041
   0.7248
   1.8848
   0.5905
   0.5538
   1.3489
   0.7379
   0.4476
   1.2680
   1.3774
   0.8142
   0.2274
   1.3039
   0.7009
   0.8035
   0.5731
   1.3151
   0.2016
   1.3019
   0.6882
   1.0368
   1.0104
   1.0351
   0.5636
   1.2696
   1.1166
   2.0056
   0.2608
   0.5195
   2.5141
   0.9385
   0.6903
   0.5258
   0.8438
   0.6824
   0.5676
   0.6262
   1.6438
   0.2856
   0.3169
   1.2493
   0.9127
   1.4993
   1.1968
   1.3846
   1.2000
   1.5456
   1.4387
   0.8184
   0.3289
   3.3257
   0.3743
   0.8148
   0.8594
   1.0423
   0.6425
   0.7925
   1.4689
   0.4270
   1.5061
   0.6803
   0.6969
   1.6955
   0.9827
   0.4706
   0.6691
   0.4680
   0.6210
   2.2737
   2.3721
   0.5183
   1.9814
   0.4124
   0.5780

