  9.4535e+001
  1.1429e+002
  5.1255e+001
  7.9795e+001
  1.0351e+002
  3.9838e+001
  1.1147e+002
  2.2514e+001
  1.5588e+002
  1.1516e+002
  8.5938e+001
  1.8512e+002
  1.6377e+001
  5.2137e+001
  2.0235e+001
  1.4587e+002
  5.1943e+001
  1.4694e+002
  1.9070e+002
  4.5949e+001
  1.6146e+002
  1.2098e+001
  1.2492e+002
  4.9673e+001
  9.1160e+001
  4.9928e+001
  2.5201e+002
  5.6657e+001
  9.2167e+001
  5.1322e+001
  1.0336e+002
  1.4401e+002
  9.5415e+001
  1.9315e+002
  1.5348e+002
  6.2653e+001
  2.6149e+001
  1.9554e+002
  4.9827e+001
  9.2686e+001
  6.0522e+001
  6.8681e+001
  2.5334e+001
  1.4986e+002
  8.6778e+001
  1.7131e+002
  2.4853e+002
  5.6879e+001
  1.0821e+002
  2.5708e+001
  3.0413e+001
  7.3071e+001
  1.3803e+002
  1.1418e+002
  9.6206e+001
  1.1069e+002
  7.0948e+001
  4.0534e+001
  7.3346e+001
  8.7804e+001
  7.3547e+001
  2.4045e+002
  1.1247e+002
  3.9476e+001
  9.9777e+001
  6.5632e+001
  3.3688e+001
  9.1480e+001
  6.6840e+001
  1.1063e+002
  1.4568e+002
  1.5124e+002
  2.8058e+002
  8.7445e+001
  1.5893e+002
  4.0894e+001
  7.4503e+001
  6.9900e+001
  8.5250e+001
  1.7510e+002
  1.2550e+002
  6.0633e+001
  1.8322e+002
  4.5061e+001
  3.1941e+001
  6.3334e+001
  1.8035e+002
  1.7856e+002
  1.1008e+002
  1.2209e+002
  4.2989e+001
  4.7761e+001
  8.2060e+001
  1.3985e+002
  1.2112e+002
  9.8943e+001
  9.3396e+001
  6.6380e+001
  1.3760e+002
  1.0131e+002
  7.6708e+001
  5.4407e+001
  2.4287e+002
  8.9196e+001
  3.8063e+001
  1.0993e+002
  1.0905e+002
  2.5335e+002
  1.4515e+002
  1.0535e+002
  1.5935e+002
  2.1012e+002
  8.3088e+001
  2.4261e+002
  2.0553e+002
  3.8016e+001
  9.6991e+001
  6.3541e+001
  1.1601e+002
  1.8292e+002
  8.4035e+001
  9.1621e+001
  5.6513e+001
  6.9447e+001
  7.7609e+001
  1.3592e+002
  6.7652e+001
  7.0827e+001
  1.7055e+002
  3.8951e+001
  6.3872e+001
  6.0282e+001
  8.5968e+001
  1.7675e+002
  5.9141e+001
  1.1534e+002
  8.1366e+001
  1.3754e+002
  3.4744e+001
  1.9172e+001
  2.0439e+002
  5.4994e+001
  6.0856e+001
  1.8263e+001
  1.2043e+002
  4.9613e+001
  7.7056e+001
  6.4582e+001
  6.9280e+001
  1.2890e+002
  3.6247e+001
  1.0263e+002
  7.6222e+001
  2.8662e+001
  1.4241e+002
  9.4178e+001
  4.7643e+001
  3.4014e+001
  7.0543e+001
  1.9765e+002
  1.3615e+002
  6.3272e+001
  1.4986e+002
  1.6080e+002
  1.9456e+002
  1.3732e+002
  8.4621e+001
  7.8129e+001
  4.1735e+001
  1.1877e+002
  1.2631e+002
  1.0491e+002
  2.0596e+002
  1.0416e+002
  5.6803e+001
  1.6099e+002
  2.2233e+001
  1.8340e+002
  4.5785e+001
  3.3295e+002
  9.7287e+001
  1.1251e+002
  8.5081e+001
  3.6846e+001
  5.3755e+001
  1.3064e+002
  3.2803e+001
  1.0176e+002
  2.2461e+002
  4.3508e+001
  1.3900e+002
  1.7183e+002
  7.4247e+001
  1.0886e+002
  4.5343e+001
  1.1095e+002
  1.0532e+002
  1.5709e+002
  7.5407e+001
  1.0401e+002
  1.0696e+002
  6.7741e+001
  8.6536e+001
  1.1307e+002
  3.8759e+001
  1.0260e+002
  4.1134e+001
  4.0273e+001
  4.2840e+001
  1.1182e+002
  7.3012e+001
  7.7429e+001
  6.8676e+001
  2.8813e+001
  6.2416e+001
  2.0290e+002
  2.3003e+002
  6.7246e+001
  2.1921e+001
  1.2627e+002
  9.3206e+001
  7.4275e+001
  1.1687e+002
  8.5079e+001
  4.6680e+001
  5.5317e+001
  5.6113e+001
  1.6155e+002
  9.5659e+001
  1.7021e+002
  8.0531e+001
  1.1462e+002
  1.2324e+002
  3.6180e+001
  1.2300e+002
  1.9021e+002
  1.3336e+002
  1.0943e+002
  7.2486e+001
  4.9651e+001
  3.2950e+001
  2.0365e+002
  2.8850e+001
  4.5736e+001
  1.3994e+002
  2.0935e+001
  5.0186e+001
  8.3098e+001
  8.4860e+001
  1.1950e+002
  7.5717e+001
  8.1321e+001
  4.5814e+001
  4.1833e+001
  8.8862e+001
  8.9129e+001
  9.4419e+001
  9.7176e+001
  6.4693e+001
  1.1458e+002
  1.0867e+002
  4.7366e+001
  1.8698e+002
  1.0219e+002
  5.4145e+001
  1.3534e+002
  3.9722e+001
  1.0462e+002
  8.9074e+001
  7.4845e+001
  1.2205e+002
  8.0018e+001
  2.4280e+002
  1.4795e+002
  1.4382e+002
  5.5679e+001
  1.5809e+002
  7.3335e+001
  8.3801e+001
  6.8480e+001
  7.8092e+001
  4.6664e+001
  3.4523e+001
  2.0766e+002
  1.6102e+002
  8.4382e+001
  1.3477e+002
  3.3419e+001
  4.6399e+001
  3.8535e+001
  4.7378e+001
  9.9400e+001
  4.5994e+001
  1.4970e+002
  7.0637e+001
  1.3797e+002
  6.0810e+001
  7.0920e+001
  3.2620e+001
  1.5431e+002
  6.4788e+001
  6.2585e+001
  1.5977e+002
  7.7196e+001
  3.5119e+001
  6.6502e+001
  1.6809e+002
  5.2687e+001
  1.5271e+002
  1.7233e+002
  6.6280e+001
  7.7060e+001
  5.4641e+001
  3.4705e+001
  6.4337e+001
  1.7937e+002
  1.3262e+002
  6.5299e+001
  9.3611e+001
  5.1963e+001
  6.6512e+001
  5.2847e+001
  1.5998e+002
  4.4704e+001
  1.1051e+002
  1.1948e+002
  7.8094e+001
  2.0663e+002
  1.4952e+002
  1.1568e+002
  1.0736e+002
  8.2650e+001
  1.5430e+002
  1.2239e+002
  1.0763e+002
  2.7579e+001
  4.9035e+001
  9.5804e+001
  1.0620e+002
  1.3701e+002
  1.0011e+002
  2.4130e+002
  2.6196e+001
  3.7230e+001
  1.1471e+002
  7.8446e+001
  1.9410e+002
  9.3628e+001
  1.0124e+002
  5.6841e+001
  1.0034e+002
  4.2644e+001
  2.9411e+001
  5.6561e+001
  3.0477e+001
  1.5416e+001
  1.6392e+002
  1.7435e+002
  4.3167e+001
  2.0440e+002
  1.3021e+001
  9.3834e+001
  2.8360e+002
  1.1427e+002
  7.6045e+001
  2.1564e+002
  9.3718e+001
  4.2822e+001
  1.2572e+002
  9.7523e+001
  9.0448e+001
  1.5729e+001
  6.1983e+001
  1.1310e+002
  2.2782e+002
  1.0779e+002
  8.5592e+001
  1.8865e+002
  5.0781e+001
  1.5492e+002
  4.5316e+001
  5.0675e+001
  8.4082e+001
  6.7823e+001
  3.9605e+001
  1.0020e+002
  1.2326e+002
  9.3810e+001
  1.2996e+002
  1.2046e+002
  3.2226e+001
  1.5740e+002
  1.2304e+002
  7.5744e+001
  1.4105e+002
  1.1923e+002
  1.1216e+002
  6.1880e+001
  1.0553e+002
  8.8687e+001
  1.5162e+002
  1.3937e+002
  7.1947e+001
  1.1365e+002
  2.0280e+002
  1.2102e+002
  5.4087e+001
  8.6629e+001
  1.6093e+002
  6.0403e+001
  1.2781e+002
  2.6765e+002
  1.2212e+002
  5.2133e+001
  8.0830e+001
  1.4799e+002
  1.1540e+002
  2.9802e+002
  8.0415e+001
  1.4079e+002
  7.0758e+001
  1.2365e+002
  9.6313e+001
  5.8620e+001
  7.5695e+001
  1.8267e+002
  4.0919e+001
  2.6658e+002
  1.0942e+002
  7.0566e+001
  9.5076e+001
  7.3084e+001
  9.8275e+001
  3.3076e+001
  8.0569e+001
  4.3464e+001
  5.3670e+001
  1.5963e+002
  1.0347e+002
  1.0216e+002
  7.8032e+001
  6.4543e+001
  1.6178e+002
  1.1169e+002
  1.8364e+002
  1.7330e+002
  9.5825e+001
  2.7764e+001
  1.5043e+002
  1.9072e+002
  1.2847e+002
  3.5868e+001
  6.9094e+001
  8.8978e+001
  7.8926e+001
  2.3639e+001
  8.3451e+001
  1.1124e+002
  2.2787e+001
  2.9169e+002
  6.9846e+001
  1.0712e+002
  6.5852e+001
  6.0811e+001
  9.0456e+001
  9.1171e+001
  2.0364e+001
  1.2563e+002
  1.6891e+002
  2.7581e+001
  5.9142e+001
  4.9303e+001
  1.4020e+002
  4.1635e+001
  3.5673e+001
  1.9927e+002
  8.0014e+001
  5.6041e+001
  8.5011e+001
  3.4430e+001
  6.2062e+001
  1.6372e+002
  6.1782e+001
  8.5824e+001
  9.1847e+001
  1.3069e+002
  8.0604e+001
  1.0814e+002
  3.5503e+001
  6.5500e+001
  1.6957e+002
  8.0893e+001
  7.5014e+001
  7.5444e+001
  1.1514e+002
  1.0023e+002
  2.3695e+002
  5.4452e+001
  8.0695e+001
  1.2671e+002
  7.1257e+001
  6.1866e+001
  1.0816e+002
  7.2064e+001
  8.2953e+001
  1.7676e+002
  1.0145e+002
  8.6098e+001
  5.9800e+001
  5.6082e+001
  1.4641e+002
  3.5052e+001
  9.4551e+001
  1.2214e+002
  3.5434e+001
  9.4597e+001
  8.2829e+001
  1.0879e+002
  7.9200e+001
  1.1414e+002
  9.8411e+001
  1.6320e+002
  8.2050e+001
  1.0842e+002
  8.1876e+001
  3.0845e+001
  6.4970e+001
  2.8172e+001
  1.7696e+002
  9.8832e+001
  1.0707e+002
  1.2937e+002
  2.9656e+001
  4.7975e+001
  1.2492e+002
  1.4426e+002
  3.2206e+001
  1.0211e+002
  1.6557e+002
  5.9213e+001
  1.2747e+002
  6.1902e+001
  6.5556e+001
  1.1882e+002
  4.2902e+001
  1.2732e+002
  1.4626e+002
  6.7830e+001
  1.1240e+002
  1.7174e+002
  2.8163e+001
  1.9184e+002
  4.0539e+001
  1.0361e+002
  2.4457e+001
  9.6076e+001
  1.2509e+002
  1.8526e+001
  9.2149e+001
  1.0016e+002
  2.2605e+002
  6.7773e+001
  6.6583e+001
  8.3554e+001
  5.8303e+001
  3.7082e+001
  1.1635e+002
  1.9394e+002
  8.7689e+001
  8.1385e+001
  1.3553e+002
  1.5254e+002
  5.6229e+001
  9.8869e+001
  1.2597e+002
  2.1130e+002
  5.7219e+001
  2.3447e+001
  6.2088e+001
  1.6890e+002
  1.2226e+002
  2.2316e+001
  9.3124e+001
  5.2264e+001
  7.9281e+001
  1.4291e+002
  1.0330e+002
  1.5441e+002
  7.0168e+001
  2.8920e+001
  2.3650e+002
  1.2022e+002
  1.0780e+002
  7.9216e+001
  1.7708e+002
  6.0211e+001
  7.5037e+001
  2.4586e+002
  4.0501e+001
  5.1565e+001
  9.1287e+001
  1.3632e+002
  3.7218e+001
  1.2072e+002
  1.2270e+002
  1.8680e+002
  3.3196e+001
  1.3730e+002
  4.7747e+001
  1.6390e+001
  5.4389e+001
  1.7234e+002
  6.6473e+001
  1.1359e+002
  9.5320e+001
  4.0801e+001
  3.6731e+002
  1.5837e+002
  1.2698e+002
  1.9637e+002
  1.3522e+002
  1.4948e+002
  3.9141e+001
  4.6617e+001
  1.9484e+002
  8.5888e+001
  1.0160e+002
  5.9158e+001
  7.9911e+001
  1.9683e+001
  6.5259e+001
  7.7117e+001
  1.0029e+002
  5.3008e+001
  1.2470e+002
  6.8113e+001
  4.9385e+001
  2.0755e+001
  1.4584e+002
  2.4085e+002
  9.8752e+001
  2.0084e+002
  9.9696e+001
  4.7873e+001
  1.0026e+002
  6.6843e+001
  1.1276e+002
  7.4840e+001
  1.5626e+002
  1.2634e+002
  1.6732e+002
  8.7392e+001
  1.1358e+002
  1.6951e+002
  1.0182e+002
  4.4579e+001
  8.4177e+001
  1.0342e+002
  1.3364e+002
  1.4556e+002
  5.1366e+001
  1.7018e+002
  1.2898e+002
  5.8572e+001
  6.5702e+001
  1.7094e+001
  7.2833e+001
  7.5395e+001
  1.2139e+002
  8.0724e+001
  1.4974e+002
  5.2782e+001
  1.4592e+002
  9.8818e+001
  1.4785e+002
  3.0133e+001
  1.4060e+002
  1.9476e+002
  7.1478e+001
  1.3979e+002
  7.4445e+001
  4.2927e+001
  1.0880e+002
  2.8306e+001
  9.5240e+001
  1.0917e+002
  8.7059e+001
  1.5136e+002
  1.1207e+002
  8.7659e+001
  1.6036e+002
  4.0982e+001
  1.6513e+002
  4.6447e+001
  8.7250e+001
  2.6885e+002
  1.1364e+002
  6.0238e+001
  7.1855e+001
  4.3458e+001
  1.1538e+002
  3.4059e+001
  1.0852e+002
  8.6166e+001
  3.4655e+001
  5.9707e+001
  1.0368e+002
  6.2859e+001
  8.6282e+001
  9.7154e+001
  1.9450e+002
  8.8194e+001
  8.1241e+001
  1.4494e+002
  1.1779e+002
  1.0555e+002
  1.8364e+002
  2.0346e+001
  1.1671e+002
  5.7420e+001
  1.4927e+002
  7.5071e+001
  6.1296e+001
  1.1524e+002
  1.2765e+002
  9.8654e+001
  8.9179e+001
  8.9259e+001
  1.1592e+002
  1.5170e+002
  2.6417e+002
  1.3733e+002
  5.9319e+001
  1.2855e+002
  3.1442e+001
  9.6973e+001
  1.1666e+002
  1.0713e+002
  1.2365e+002
  1.3719e+002
  1.2145e+002
  6.0092e+001
  1.0640e+002
  1.2799e+002
  8.8081e+001
  1.5592e+002
  3.1303e+001
  1.7662e+002
  2.8831e+001
  8.6861e+001
  2.2474e+002
  1.4569e+002
  2.4879e+001
  1.1158e+002
  2.0590e+002
  9.7797e+001
  4.6195e+001
  5.5734e+001
  4.9404e+001
  7.6487e+001
  7.1454e+001
  6.5512e+001
  1.4567e+002
  1.5980e+002
  8.0899e+001
  7.4225e+001
  3.9996e+001
  2.1440e+001
  1.0308e+002
  7.4463e+001
  5.7546e+001
  2.9534e+001
  6.4322e+001
  6.3197e+001
  4.3267e+001
  9.0821e+001
  3.9577e+001
  1.0065e+002
  1.1851e+002
  1.4657e+002
  1.0512e+002
  7.2365e+001
  4.5820e+001
  1.4653e+002
  1.2340e+002
  1.4019e+002
  1.9709e+002
  1.5968e+002
  1.0988e+002
  1.1298e+002
  8.9281e+001
  1.1943e+002
  1.5171e+002
  7.1387e+001
  8.1259e+001
  8.7546e+001
  4.1243e+001
  7.7969e+001
  1.0417e+002
  1.2330e+002
  3.0905e+001
  1.4393e+002
  7.0059e+001
  1.4751e+002
  2.2208e+001
  1.7739e+002
  4.9246e+001
  6.2969e+001
  1.0879e+002
  6.1697e+001
  7.0619e+001
  9.7518e+001
  9.6942e+001
  1.6608e+002
  6.8350e+001
  1.3210e+002
  1.0276e+002
  2.1042e+001
  3.3238e+001
  4.4146e+001
  6.1151e+001
  5.3849e+001
  1.0852e+002
  7.6645e+001
  7.9253e+001
  9.3612e+001
  3.1242e+001
  1.8335e+002
  4.3183e+001
  1.9934e+001
  1.9844e+002
  6.0002e+001
  7.4053e+001
  1.4842e+002
  1.4997e+002
  7.8395e+001
  1.5188e+002
  9.5259e+001
  5.5520e+001
  5.9637e+001
  2.0812e+002
  2.5860e+001
  6.2966e+001
  8.5430e+001
  5.6098e+001
  5.8203e+001
  6.3294e+001
  7.0830e+001
  8.1290e+001
  7.4277e+001
  6.3380e+001
  1.4786e+002
  6.0072e+001
  1.5295e+002
  1.2304e+002
  1.1956e+002
  2.1144e+002
  1.3025e+002
  9.4195e+001
  2.1411e+002
  4.5396e+001
  1.6146e+002
  1.7797e+002
  1.1670e+002
  8.6600e+001
  3.8978e+001
  5.8526e+001
  3.2619e+001
  9.8937e+001
  1.9477e+002
  1.5232e+002
  1.3021e+002
  5.6182e+001
  6.7558e+001
  2.1168e+002
  1.7374e+002
  1.1112e+002
  1.2854e+002
  1.0490e+002
  5.5808e+001
  2.5342e+002
  4.6659e+001
  8.7681e+001
  6.7537e+001
  5.7764e+001
  4.8019e+001
  1.2267e+002
  5.4076e+001
  1.8852e+001
  3.6605e+001
  9.6558e+001
  4.2702e+001
  1.4170e+002
  1.3747e+002
  1.5664e+002
  1.1252e+002
  1.5278e+002
  2.3661e+002
  6.9066e+001
  1.4940e+002
  3.7202e+001
  7.4288e+001
  1.2114e+002
  1.4539e+002
  6.1917e+001
  1.5206e+002
  9.4248e+001
  6.1920e+001
  6.5591e+001
  6.7746e+001
  9.2591e+001
  8.8284e+001
  6.2961e+001
  8.4705e+001
  1.2864e+002
  2.8660e+001
  5.9495e+001
  7.7927e+001
  5.3265e+001
  1.1026e+002
  4.8728e+001
  1.0564e+002
  6.2730e+001
  1.6060e+002
  9.0330e+001
  9.5773e+001
  1.0767e+002
  8.7129e+001
  6.3405e+001
  9.0752e+001
  9.4451e+001
  3.6452e+001
  6.3199e+001
  6.6228e+001
  3.3023e+001
  9.1838e+001
  1.9387e+002
  9.3484e+001
  2.9269e+002
  1.0730e+002
  3.3966e+001
  8.2204e+001
  1.8568e+002
  1.7364e+002
  6.6428e+001
  5.9487e+001
  3.0489e+001
  2.4409e+002
  2.2456e+001
  1.2000e+002
  3.6338e+001
  1.4377e+002
  5.0045e+001
  1.5155e+002
  8.3263e+001
  1.1975e+002
  5.4419e+001
  5.1418e+001
  2.5719e+002
  1.1084e+002
  6.8104e+001
  1.3952e+002
  5.0390e+001
  8.2568e+001
  1.8190e+002
  9.2611e+001
  2.1277e+001
  6.0579e+001
  1.2390e+002
  1.6059e+002
  1.2765e+002
  1.0321e+002
  3.3968e+001
  1.0589e+002
  1.4402e+002
  1.1457e+002
  5.1172e+001
  8.4158e+001
  2.3558e+002
  1.7026e+002
  1.8361e+002
  1.3859e+002
  6.8996e+001
  1.3552e+002
  7.0030e+001
  1.0812e+002
  6.4971e+001
  1.1809e+002
  1.8890e+002
  1.1513e+002
  6.7462e+001
  1.0752e+002
  1.8420e+002
  8.9942e+001
  8.8129e+001
  3.6379e+001
  1.1841e+002
  6.9322e+001
  1.8197e+002
  1.2086e+002

