   0.6428
   1.0000
   1.0000
   0.0253
   0.0004
   1.0266
   1.2143
   1.7860
   0.1829
   0.8221
   1.0000
   0.4436
   0.4030
   1.2551
   0.0614
   1.0000
   0.9042
   0.8500
   0.1267
   0.2238
   0.8146
   0.8645
   0.7066
   0.4142
   1.3695
   0.2908
   1.5269
   0.8046
   0.2089
   2.6803
   0.4980
   1.0212
   1.3376
   2.1412
   1.0526
   2.5249
   2.1733
   1.4915
   1.3050
   1.0000
   0.3375
   1.9984
   1.6914
   0.0533
   1.0000
   0.7094
   1.0000
   0.3965
   0.0458
   1.0000
   2.0033
   1.5872
   0.2829
   0.0561
   1.0000
   0.0515
   1.0000
   1.0000
   1.0000
   1.8245
   2.1103
   1.2555
   2.0198
   2.4219
   1.0000
   0.6268
   1.0000
   2.5946
   0.9136
   1.0000
   1.8933
   0.1734
   0.5502
   0.0702
   1.1181
   0.0734
   0.9722
   0.7771
   1.1277
   0.3327
   0.4309
   0.0184
   0.0677
   1.7733
   1.0000
   2.5412
   1.2506
   1.6493
   1.1067
   0.7758
   0.9680
   0.8558
   1.2287
   1.0627
   1.0000
   1.8945
   2.6760
   4.1266
   2.0279
   0.6178
   1.3576
   1.2865
   0.4810
   0.7199
   0.4894
   0.5789
   2.2945
   0.2725
   0.7827
   0.8257
   1.4588
   0.1457
   1.5940
   0.5108
   0.5240
   2.6500
   0.5968
   1.9711
   1.2182
   1.4334
   0.5109
   0.5316
   1.6747
   4.2545
   0.0866
   1.2657
   0.9492
   1.1335
   0.5036
   1.2910
   2.0240
   0.6525
   1.0000
   1.0000
   0.8775
   0.6097
   2.2124
   0.4754
   2.6389
   0.9767
   0.2279
   0.3531
   0.1312
   1.0965
   0.3175
   0.1552
   2.7775
   0.8412
   1.0081
   0.5727
   0.1099
   0.6303
   0.1459
   0.6548
   1.6588
   0.0406
   1.9973
   0.2669
   0.8585
   1.0000
   0.1653
   0.1050
   1.0000
   0.0895
   1.0273
   0.0250
   1.0055
   0.7587
   1.8780
   0.6776
   1.5647
   0.5937
   0.8850
   0.7253
   1.1864
   2.4904
   0.2450
   1.0000
   0.9997
   0.5702
   0.1055
   0.7587
   2.0439
   0.0212
   1.7163
   0.4485
   0.3105
   1.3556
   2.7118
   1.0491
   1.6616
   0.3079
   0.1565
   2.3505
   0.1220
   1.0000
   1.2017
   0.4254
   0.1265
   1.5870
   0.4142
   1.5496
   0.0770
   0.1576
   0.5936
   2.3700
   1.0000
   0.3456
   0.1726
   0.7507
   1.7717
   0.8311
   0.2715
   0.8919
   0.1779
   2.6695
   1.1427
   1.4529
   0.9927
   2.4122
   0.3489
   0.2008
   1.6856
   2.6803
   3.0971
   1.0250
   1.5042
   1.7759
   0.0216
   2.6745
   2.6360
   0.8295
   1.1519
   1.0000
   2.7473
   0.8756
   1.3074
   0.4384
   1.0000
   1.0952
   2.8063
   0.5590
   1.1527
   1.5736
   1.0000
   0.8553
   0.8228
   0.9545
   0.6404
   0.7772
   2.5806
   0.3810
   1.1187
   2.4817
   1.9688
   0.2740
   0.4735
   0.2291
   0.1519
   0.7597
   1.0414
   0.0982
   0.1144
   1.1640
   1.0000
   0.3335
   0.7607
   0.1005
   0.1461
   0.1590
   1.0000
   2.5805
   0.4216
   0.2246
   1.3736
   1.3029
   1.4488
   0.3853
   0.3561
   1.0816
   1.0791
   0.2686
   1.9997
   2.2641
   1.7025
   1.3530
   1.0000
   0.2721
   0.4622
   0.7539
   0.9286
   0.4139
   0.7034
   0.0088
   1.1479
   1.8692
   0.7322
   1.0000
   0.5181
   0.9118
   1.4393
   0.3938
   1.0000
   0.3899
   0.0375
   0.9018
   0.1337
   0.1544
   0.4278
   0.6332
   0.5805
   1.1343
   1.0000
   1.6234
   0.0875
   1.1117
   1.9329
   0.1000
   0.9072
   1.0580
   0.3011
   1.0012
   0.5390
   0.3706
   1.0231
   1.0960
   0.6842
   0.0946
   1.8509
   0.4682
   1.9444
   1.7728
   0.0961
   2.1809
   0.0754
   3.1250
   1.5437
   0.2993
   1.5449
   0.4137
   2.5400
   1.4181
   1.0000
   1.0000
   1.4279
   0.3128
   1.3244
   1.2205
   0.3106
   1.7077
   1.0000
   0.9383
   1.7581
   0.2172
   0.2470
   1.1005
   1.4591
   1.3426
   0.1396
   0.9665
   1.0012
   1.6274
   2.8670
   0.5289
   1.7872
   1.0000
   0.5859
   1.2183
   1.7904
   0.3667
   0.1079
   0.4115
   1.0679
   1.0000
   1.0393
   0.6899
   0.3279
   1.4756
   2.3355
   0.9489
   0.0155
   1.0000
   1.5177
   0.7394
   0.8184
   0.0375
   1.6207
   1.2815
   0.3884
   0.4325
   2.8148
   1.2048
   1.2485
   0.8764
   1.1183
   0.1346
   0.4520
   1.8995
   0.3253
   0.7022
   1.1498
   0.1032
   1.2348
   2.1523
   3.3037
   1.1268
   1.1646
   1.5727
   1.0000
   2.6368
   0.6226
   1.2273
   0.8418
   0.0988
   0.9159
   0.6757
   1.3258
   3.1242
   1.8739
   1.0000
   0.9571
   0.6696
   0.2750
   0.5954
   0.8644
   1.6459
   0.4073
   0.7952
   0.0992
   1.9765
   2.6569
   0.1390
   1.6563
   1.6673
   1.0648
   0.9180
   2.3334
   1.2628
   1.9702
   0.0331
   0.5181
   1.0000
   0.1301
   1.2358
   1.0235
   1.0000
   0.3200
   1.0000
   0.9053
   1.9614
   2.0085
   1.9190
   0.3698
   1.0000
   2.6995
   0.0144
   1.6779
   0.0230
   0.7978
   1.2218
   0.7535
   0.4998
   0.1490
   2.6540
   1.0000
   0.7954
   0.4304
   1.0609
   0.0490
   0.8551
   0.8434
   0.1834
   0.4062
   0.5056
   1.0000
   1.1966
   1.4607
   0.1965
   1.8594
   0.3237
   0.6815
   0.1165
   0.6481
   1.0195
   0.9576
   1.4524
   0.4119
   1.0000
   1.0604
   1.4488
   0.5190
   1.0308
   0.8801
   0.9408
   0.2324
   2.1393
   0.7368
   1.1949
   0.4848
   0.3047
   0.4637
   0.4299
   0.5141
   0.7839
   1.4182
   0.8904
   1.1144
   1.6073
   0.3986
   0.0056
   2.8548
   0.5010
   1.0401
   1.7368
   1.0000
   0.2827
   1.7993
   0.4695
   1.4270
   0.1971
   1.5714
   2.8488
   0.4640
   1.0000
   0.6658
   2.3819
   2.4088
   0.6948
   1.0000
   0.3550
   1.0000
   1.0000
   0.9184
   1.0000
   0.7437
   1.0000
   1.6795
   2.3371
   1.4834
   2.4752
   0.4114
   0.5843
   1.3588
   0.5681
   1.0000
   1.0000
   0.0355
   0.5600
   1.4874
   1.0000
   2.7710
   0.9864
   1.6647
   1.2282
   1.0000
   1.3919
   0.3191
   0.8397
   0.9352
   1.1725
   0.6427
   1.0849
   0.6408
   0.2027
   1.1672
   1.0000
   0.5969
   1.0758
   1.0000
   2.3972
   0.2056
   1.0000
   0.8454
   1.3180
   1.0000
   2.4579
   1.3419
   1.1203
   0.9246
   0.4341
   0.2863
   0.2622
   0.8671
   0.2458
   1.9276
   0.6669
   0.1900
   1.5504
   0.7529
   1.0000
   0.9400
   0.8444
   1.1932
   0.8749
   0.1440
   1.0783
   0.7638
   1.0000
   2.5547
   1.0000
   1.9778
   0.6529
   3.1956
   1.4298
   0.8462
   0.1214
   0.7727
   1.0960
   3.2763
   1.0000
   1.8452
   0.2723
   2.6575
   0.1818
   0.1232
   0.5123
   0.1939
   1.0000
   0.2045
   1.3535
   1.2953
   2.1450
   0.3024
   1.5739
   0.7218
   1.3195
   2.9029
   1.0000
   0.0625
   1.0000
   2.1017
   1.6695
   0.5259
   1.6178
   1.0369
   0.0467
   0.8273
   0.9759
   0.0256
   0.9755
   1.0000
   0.4923
   1.0000
   0.8142
   1.1970
   1.7572
   0.4723
   0.6268
   0.5109
   0.5058
   1.0000
   0.4353
   1.4021
   0.6121
   1.7172
   1.0000
   2.9944
   0.2743
   0.7770
   1.3138
   1.0000
   0.5991
   0.7006
   1.2212
   0.3779
   0.3185
   0.2540
   0.0900
   0.3844
   1.0493
   1.3806
   0.1230
   2.0108
   1.5516
   1.6057
   0.9618
   0.1730
   1.3482
   0.3337
   1.7458
   0.3339
   1.2514
   0.1876
   0.3063
   0.2099
   1.0000
   1.0000
   0.9929
   1.1169
   1.3670
   0.9459
   0.1813
   1.9254
   0.4682
   2.9738
   1.5136
   1.7661
   0.5528
   2.5232
   0.7982
   1.4929
   0.2231
   0.4860
   0.7963
   1.4745
   0.2129
   1.5568
   0.3306
   1.0919
   1.6081
   0.0873
   0.5435
   0.4451
   0.4040
   0.2582
   0.7696
   0.0939
   0.0705
   0.1764
   0.5838
   0.1050
   1.5351
   0.0146
   2.6100
   1.0000
   3.1178
   0.1171
   0.0984
   0.2739
   0.3523
   0.8780
   2.2598
   1.0000
   0.3217
   0.3262
   1.3067
   0.1240
   1.3303
   0.7077
   1.3475
   1.3742
   0.1713
   0.5548
   1.0000
   1.8843
   1.6032
   0.2990
   2.6892
   0.0552
   1.0000
   0.5780
   0.0772
   1.1477
   1.9720
   1.0172
   0.0862
   1.2736
   0.0919
   0.2297
   1.0000
   0.5865
   2.4107
   0.7335
   0.5930
   0.8830
   1.0236
   0.6492
   0.6570
   1.2715
   2.1441
   2.0255
   0.0962
   0.6222
   0.2122
   0.8327
   0.8805
   0.2726
   1.3387
   0.4101
   0.0386
   1.3416
   1.1751
   1.1804
   1.7688
   1.3797
   1.7749
   1.6763
   0.0506
   1.1289
   0.6084
   1.0000
   0.0187
   1.1600
   0.3752
   2.1115
   0.5351
   2.5913
   1.0000
   0.8639
   0.4794
   0.6316
   1.7878
   1.5338
   0.5259
   0.5551
   0.1512
   1.5490
   0.0990
   0.2663
   0.8165
   1.2815
   1.5485
   0.1909
   1.0000
   1.3710
   0.2086
   0.2766
   0.1190
   1.6694
   1.5126
   0.0211
   0.2380
   0.8507
   0.7205
   1.0633
   0.8262
   0.6740
   0.0667
   1.0000
   2.7506
   1.3361
   0.8141
   0.4740
   0.7988
   1.0000
   0.2235
   0.9106
   0.0719
   0.1554
   1.9252
   1.6284
   3.0487
   2.8646
   0.1821
   0.4145
   0.3414
   0.8506
   0.0364
   2.1861
   2.1021
   2.1981
   0.1490
   1.2342
   1.3163
   0.0164
   1.9020
   2.0618
   1.0000
   1.8150
   1.0041
   1.5736
   0.9969
   1.0000
   0.5023
   0.0143
   0.9196
   0.1411
   0.9290
   1.5114
   0.1284
   1.0000
   0.5697
   0.2892
   0.7119
   2.9035
   1.6749
   1.4558
   1.9532
   1.7355
   1.0000
   0.0062
   0.9904
   0.9278
   1.5750
   0.0857
   1.0000
   1.0000
   0.0334
   1.2803
   2.0513
   0.6712
   1.0791
   0.0219
   0.0149
   1.3141
   0.3440
   1.0000
   0.1140
   1.3994
   2.6310
   1.9851
   1.3400
   1.0000
   1.0000
   0.9956
   0.4113
   0.0217
   1.0000
   1.0000
   1.1274
   3.3704
   2.7801
   0.1787
   0.1891
   2.4542
   1.0373
   2.5661
   0.0929
   1.0000
   0.8522
   0.7107
   1.3237
   1.2918
   0.8942
   0.7133
   0.9399
   0.0048
   1.7092
   2.7618
   0.3556
   0.7239
   1.6200
   1.0000
   0.1461
   1.0000
   1.0000
   0.0223
   0.8565
   1.0000
   0.3329
   1.3324
   1.5853
   0.1750
   0.0994
   2.7852
   0.5341
   0.0195
   0.1321
   0.1241
   1.3358
   1.0000
   0.2837
   0.4761
   0.1005
   0.2448
   0.8544
   0.0498
   1.0000
   1.9341
   0.6122
   0.7859
   1.0000
   3.6949
   1.0000
   1.0000
   1.3465
   1.7401
   0.9740
   1.0841
   1.2946
   1.0000
   0.9374
   0.2847
   1.4340
   0.1421
   0.7459
   1.0000
   1.3324
   1.6880
   1.0000
   0.5502
   0.3492
   0.2493
   0.8240
   0.7716
   0.9208
   1.1218
   0.4033
   0.8911
   0.8360
   2.1577
   0.4332
   1.9389
   0.7071
   0.1175
   1.0000
   0.1097
   1.0000
   0.1033
   1.0000

