    0.1242
    0.4055
    0.2922
    0.0139
    0.0013
    0.1055
    0.0281
    0.1167
    0.0640
    1.3912
    0.7404
    0.8928
    1.2089
    2.4890
    0.0554
    0.1049
    1.6859
    1.6517
    0.0835
    0.9917
    0.3622
    0.1479
    0.0199
    0.0373
    0.5424
    0.1181
    1.2706
    0.2411
    0.1409
    0.0090
    0.1176
    0.4440
    0.1092
    6.5303
    0.6896
    0.1755
    0.3514
    0.1236
    0.3694
    0.6114
    0.3134
    0.0466
    0.1062
    0.1796
    0.0966
    1.3936
    0.0927
    0.0761
    0.3606
    1.7371
    0.1679
    0.3530
    0.0430
    0.0370
    0.0617
    0.0398
    0.0211
    0.2854
    0.1282
    0.0664
    0.3353
   14.8967
    0.0508
    1.1116
    0.1246
    0.0228
    0.8253
    0.4678
    0.0953
    4.5269
    0.0165
    1.3577
    0.0864
    0.2348
    0.3168
    0.3775
    0.1517
    0.3545
    0.2504
    0.3183
    0.1576
    0.5021
    0.1010
    2.4006
    0.6880
    0.1293
    1.5972
    0.3674
    0.4891
    0.4834
    1.0452
    0.0228
    5.8307
    1.0583
    1.5255
    0.4209
    4.0564
    0.7012
    0.3682
    0.2518
    0.4113
    0.8318
    0.0227
    0.2412
    6.7849
    4.1506
    6.6836
    0.0700
    0.2624
    2.6914
    0.8734
    0.2641
    0.5068
    1.0786
    7.3726
    0.3039
    1.3104
    0.7999
    0.6018
    0.0295
    0.1265
    0.3037
    0.4811
    3.8095
    0.2635
    0.0015
    2.3702
    0.0060
    0.0025
    0.7431
    0.6780
    0.7036
    0.1058
    0.5535
    0.4791
    2.7498
    5.7474
    6.3999
    0.1027
    3.4251
    0.1513
    0.3405
    1.3179
    1.0835
    0.4537
    0.0074
    0.9903
    0.3346
    0.0338
    0.4328
    0.2765
    0.4741
    0.1143
    1.3064
    0.5398
    0.5537
    0.2601
    0.5762
    0.0378
    1.0415
    0.6607
    0.4477
    0.2360
    2.4424
    0.3678
    0.3092
    2.4140
    1.0276
    0.6206
    0.2293
    4.4155
    0.1618
    0.4238
    0.1023
    0.0399
    0.0445
    1.7776
    0.0927
    0.7701
    0.4899
    7.7033
    0.2954
   11.5279
    0.5560
    4.9461
    0.5159
    0.1319
    0.6915
    0.1673
    0.2024
    2.7609
    1.9958
    0.2187
    1.5473
    0.0293
    0.6676
    0.0069
    0.2434
    0.3600
    0.1772
    0.6918
    8.1833
    1.7167
    2.7954
    0.1137
    0.6850
    0.1724
    2.5339
    0.2218
    2.2309
    0.5115
    0.8140
    0.1578
    0.1816
    0.0414
    0.2422
    0.2765
    0.4614
    0.2096
    0.2854
    7.0698
    0.3115
    0.6157
    0.1240
    0.5964
    0.5222
    1.2430
    1.0756
    0.3470
    0.4848
    0.0447
    0.0234
    0.1665
    0.0671
    2.3552
    0.0361
    0.9290
    0.9026
    1.2684
    0.2598
    0.2537
    0.0828
    0.1697
    0.9229
    0.3451
    0.9419
    0.9216
    0.0776
    0.0185
    0.0192
    1.1207
    0.0663
    0.3335
    0.1647
    0.4995
    0.2983
    0.0215
    0.0289
    0.3683
    0.1672
    0.0562
    0.6467
    0.0838
    0.2061
    0.0104
    0.6612
    5.6691
    0.6446
    0.2032
    0.3826
    0.0532
    0.0899
    2.9517
    0.0286
    0.5752
    0.0453
    0.3683
    0.7347
    0.9390
    0.0989
    0.1913
    0.0964
    0.8146
    0.2808
    0.8106
    1.4558
    1.6359
    0.7970
    0.1450
    0.7119
    0.1358
    0.1537
    0.6743
    0.4827
    0.4672
    5.7309
    0.2546
    0.0874
    0.2333
    0.6282
    1.2136
    0.0634
    0.1805
    0.9435
    0.3438
    0.0890
    0.1769
    0.1677
    0.1363
    0.7810
    0.1121
    0.9527
    0.3469
    0.7238
    4.8922
    0.1421
    0.0938
    0.4247
    0.1543
    1.7420
    0.4315
    0.3741
    0.0666
    0.0729
    1.9937
    0.1701
    0.1029
    0.2566
    0.6154
    2.5559
    0.4171
    0.0389
    0.6339
   13.8285
    0.1179
    0.0247
    0.1856
    0.0005
    0.6336
    2.1846
    1.9273
    0.2582
    0.2180
    0.3566
    0.0634
    0.0138
    0.3783
    0.4959
    1.6855
    0.1874
    2.6273
    1.4498
    0.1316
    0.1032
    0.4329
    3.9428
    0.3828
    0.2624
    0.6414
    0.5201
    0.4694
    0.5098
    0.1328
    1.9005
    3.8023
    6.6415
    0.7054
    1.9453
    1.3894
    1.0988
    2.2918
    0.6076
    5.6168
    0.1987
    0.2876
    0.5851
    1.1690
    0.0255
    0.3373
    1.2824
    0.0661
    0.0719
    7.5122
    0.9109
    0.1049
    3.1990
    0.7917
    0.7594
    0.0954
    0.2821
    0.3819
    1.9718
    0.1104
    8.1374
    2.1660
    0.2939
    0.3378
    0.1834
    0.1050
    0.3989
    0.4831
    0.1892
    0.3328
    1.9395
    0.9867
    0.0265
    0.5892
    0.0503
    0.0186
    0.4937
    0.5109
    0.2996
    0.0596
    0.5073
    8.2861
    1.3310
    2.6535
    9.6221
    2.9878
    3.0650
    0.2017
    0.7472
    0.2940
    0.0082
    0.1455
    7.8082
    0.5197
    3.6279
    0.3622
    0.0271
    3.4834
    0.0077
    0.0051
    0.2576
    0.7742
    2.3946
    0.1544
    0.5759
    0.6781
    0.0599
    0.2065
    0.3032
    0.2912
    0.0957
    0.0167
    5.8188
    0.3157
    0.4531
    0.4613
    1.4920
    0.3570
    0.2278
    0.2310
    0.9950
    0.0763
    0.1602
    0.5226
    0.0120
    0.0186
    0.0838
    0.4364
    0.1050
    0.0968
    0.7480
    0.1272
    8.3214
    0.2462
    1.8369
    0.5657
    0.8545
    0.3125
    2.4984
    1.5767
    0.3040
    0.0853
    0.0051
    0.1509
    0.2413
    0.0796
    0.2174
    4.5113
    0.4921
    0.3899
    0.1762
    0.1009
    0.1117
    1.0022
    3.5595
    0.0413
    0.1847
    0.2651
    0.0076
    0.8941
    0.4805
    0.1419
    3.0284
    0.0918
    0.0142
    0.0395
    0.5158

