  1.3488e+002
  2.4611e+001
  9.7824e+001
  1.0243e+002
  1.2785e+002
  1.1744e+002
  6.9516e+001
  1.9246e+002
  1.4148e+001
  2.3430e+002
  1.2724e+002
  1.2732e+002
  1.6914e+001
  1.0755e+002
  9.3247e+000
  6.5435e+001
  1.0601e+001
  4.5115e+001
  1.0111e+002
  2.2463e+001
  3.2021e+002
  4.0378e+001
  8.7799e+001
  1.9656e+001
  1.1809e+002
  2.7829e+001
  1.7057e+002
  1.4816e+002
  3.5444e+002
  8.1218e+001
  3.6401e+001
  1.4828e+001
  1.5401e+002
  2.6993e+001
  1.7496e+002
  2.6724e+001
  1.4636e+001
  5.2679e+001
  5.2285e+000
  2.4188e+002
  3.6969e+001
  8.7014e+001
  2.3414e+001
  1.1540e+002
  8.4508e+001
  2.7438e+001
  3.6775e+002
  1.9276e+001
  3.4012e+001
  1.0640e+002
  6.8364e+001
  1.0930e+002
  1.9205e+002
  3.2841e+002
  3.7428e+001
  6.7332e+000
  3.4202e+002
  4.2981e+001
  1.7784e+001
  1.4455e+001
  7.1708e+001
  2.2568e+002
  5.4826e+001
  9.6923e+001
  7.3611e+001
  1.4588e+001
  1.7986e+001
  2.1679e+002
  2.3948e+001
  5.5833e+001
  4.2903e+001
  3.8730e+002
  6.7887e+001
  1.2103e+001
  4.3503e+001
  1.2609e+001
  3.1995e+001
  5.9715e+002
  1.6963e+001
  7.8811e+000
  3.5107e+002
  2.2467e+001
  7.7654e+001
  3.3328e+001
  4.9287e+001
  9.7253e+001
  4.1014e+002
  1.7868e+002
  1.0369e+002
  8.2903e+000
  1.9498e+001
  3.1467e+001
  5.8381e+001
  3.0432e+002
  1.4898e+001
  2.2502e+001
  2.7786e+002
  3.6843e+001
  1.3437e+002
  2.3253e+002
  1.9600e+001
  5.7483e+001
  1.7893e+001
  2.8939e+001
  1.1895e+002
  5.1326e+001
  2.0951e+002
  3.0498e+002
  9.5041e+000
  2.1471e+001
  4.1574e+002
  2.2944e+002
  1.3486e+001
  2.8430e+002
  1.8216e+001
  6.8757e+001
  1.2933e+001
  4.4488e+001
  1.5679e+001
  1.8285e+002
  5.5039e+001
  2.8129e+001
  1.9485e+001
  3.2713e+001
  1.7276e+001
  1.3358e+002
  1.1538e+002
  3.5635e+001
  1.4193e+002
  6.2089e+001
  1.2965e+001
  4.6935e+001
  1.0771e+002
  2.5205e+002
  1.3218e+001
  4.1668e+000
  1.1541e+002
  2.3853e+001
  1.7836e+001
  6.4256e+001
  1.0495e+001
  6.1604e+001
  8.4122e+000
  4.5755e+002
  6.1936e+001
  2.0049e+002
  3.4481e+001
  3.3679e+001
  1.1148e+002
  1.0049e+002
  3.7780e+002
  5.5189e+001
  1.1847e+001
  2.0882e+001
  7.7109e+001
  2.1742e+001
  7.4508e+001
  1.7373e+002
  1.1185e+002
  1.9892e+001
  1.1823e+002
  9.0701e+001
  3.9903e+001
  4.1427e+001
  5.9378e+001
  3.6114e+001
  6.1718e+000
  2.5385e+001
  2.4227e+001
  9.7029e+001
  4.6224e+001
  9.2062e+001
  3.7980e+001
  2.6510e+001
  2.2227e+000
  6.4014e+000
  1.5263e+001
  2.2262e+002
  1.5530e+001
  1.4347e+002
  6.3019e+000
  2.0624e+002
  3.7909e+002
  1.1326e+001
  1.5689e+002
  6.3445e+001
  4.2190e+000
  4.1617e+000
  1.1071e+002
  2.6841e+001
  2.1039e+001
  6.7937e+001
  4.7877e+001
  5.4711e+001
  7.7237e+001
  1.1225e+001
  2.3220e+001
  2.0742e+002
  5.1619e+001
  1.0301e+001
  2.9927e+002
  1.8377e+002
  6.3823e+001
  1.0365e+001
  1.4390e+002
  6.4851e+001
  3.1505e+002
  1.4387e+002
  7.2901e+000
  7.2466e+000
  2.6640e+002
  1.1469e+001
  2.0906e+002
  1.7603e+001
  5.2339e+001
  1.1488e+001
  5.6343e+000
  5.8813e+001
  2.7387e+002
  8.4765e+001
  6.5925e+001
  7.1785e+000
  5.1484e+001
  1.2270e+002
  1.0907e+001
  1.1030e+001
  1.9977e+002
  4.2883e+001
  6.1523e+000
  1.1626e+002
  1.0423e+001
  1.4769e+001
  6.4564e+001
  3.2348e+001
  2.9303e+001
  9.7705e+001
  1.8738e+001
  2.4245e+001
  9.7235e+001
  6.6601e+001
  1.2549e+002
  2.4180e+002
  5.8525e+001
  7.6532e+001
  1.1144e+002
  3.1588e+002
  1.3684e+002
  4.2796e+001
  6.2141e+001
  5.7970e+002
  1.7839e+001
  2.3314e+002
  2.0684e+002
  6.1799e+001
  1.5710e+002
  3.3785e+002
  6.5023e+001
  1.2516e+002
  2.6148e+002
  6.8320e+001
  6.2897e+001
  5.9737e+001
  2.5088e+001
  2.3588e+001
  6.6566e+000
  6.6299e+001
  1.3268e+002
  7.0280e+000
  2.1732e+001
  8.6019e+001
  1.5581e+001
  9.5953e+000
  1.5571e+002
  1.4861e+002
  2.7027e+001
  3.5683e+001
  9.1911e+000
  1.3166e+001
  1.8135e+001
  9.1732e+001
  3.7580e+001
  8.5265e+001
  9.0426e+001
  3.1292e+001
  2.1134e+002
  1.9446e+000
  6.9807e+001
  1.8453e+002
  1.3144e+001
  7.0511e+001
  1.2588e+001
  1.8982e+001
  8.8506e+001
  9.0042e+001
  2.3326e+002
  8.4516e+001
  1.0561e+002
  2.5639e+002
  2.2674e+002
  1.0255e+002
  7.7698e+001
  4.6313e+001
  3.4138e+002
  3.1724e+001
  2.8587e+001
  1.0892e+001
  1.8694e+002
  1.6411e+001
  3.5765e+001
  4.1812e+001
  1.8874e+002
  5.3464e+002
  2.2481e+001
  2.7438e+001
  4.0664e+002
  2.8510e+001
  8.2666e+000
  3.8144e+001
  5.5552e+001
  5.5626e+001
  1.5242e+002
  2.4497e+001
  6.5969e+001
  7.8213e+001
  1.2050e+001
  6.6176e+001
  4.2550e+002
  2.7744e+000
  2.4596e+002
  3.4035e+001
  6.0870e+001
  5.2249e+001
  2.9217e+002
  3.0044e+001
  7.9814e+001
  1.8584e+002
  2.4269e+001
  3.5424e+001
  3.3666e+001
  2.5218e+001
  9.1433e+000
  4.0155e+001
  8.3933e+001
  6.1740e+001
  1.2354e+002
  6.0071e+001
  7.2727e+001
  1.7203e+002
  1.4909e+001
  8.8947e+001
  2.5297e+001
  3.3413e+001
  8.4358e+001
  7.2805e+000
  6.4900e+001
  1.5211e+002
  7.5315e+001
  4.5809e+001
  1.7016e+002
  5.2638e+001
  7.9850e+001
  2.5388e+001
  1.7887e+002
  1.9194e+001
  9.5735e+001
  9.8704e+001
  1.2170e+002
  5.4408e+001
  9.3651e+001
  4.1191e+001
  1.9564e+001
  6.6075e+001
  6.7956e+000
  2.9397e+002
  8.4595e+001
  4.4397e+000
  1.7047e+002
  8.4698e+001
  3.7908e+000
  1.3216e+002
  2.1872e+001
  1.6516e+002
  3.6331e+000
  1.3898e+001
  3.0118e+002
  1.2727e+002
  4.0594e+001
  4.8574e+001
  9.6732e+001
  1.2098e+002
  5.6932e+001
  1.1335e+002
  7.1570e+001
  2.1970e+000
  6.8032e+001
  3.5450e+001
  3.2816e+001
  4.0873e+001
  9.6906e+001
  1.0865e+002
  7.0547e+001
  2.4489e+001
  3.7634e+002
  7.4176e+001
  7.7126e+001
  2.0256e+002
  4.2444e+001
  6.9424e+001
  1.1109e+001
  1.2279e+002
  4.6101e+001
  2.0697e+002
  8.1008e+001
  8.6737e+001
  3.4995e+002
  1.9414e+002
  3.6153e+001
  1.8379e+001
  1.1114e+001
  1.1446e+002
  3.7949e+002
  5.6575e+000
  1.6429e+002
  1.9517e+001
  2.2382e+002
  3.5055e+002
  1.3393e+002
  7.1812e+001
  1.0894e+002
  2.1118e+001
  4.8163e+001
  1.3429e+002
  5.2262e+002
  3.4429e+002
  6.6469e+000
  2.0920e+001
  7.4113e+001
  1.0745e+002
  1.0075e+002
  8.0075e+001
  1.3504e+001
  1.8681e+002
  1.7618e+001
  1.8585e+002
  2.6446e+002
  3.2595e+001
  1.4332e+002
  8.7570e+001
  5.4238e+002
  2.0968e+002
  2.9886e+002
  5.2590e+001
  4.4133e+001
  7.3725e+000
  2.4713e+001
  1.0590e+002
  6.1356e+001
  2.6685e+001
  1.3836e+001
  3.8451e+002
  2.6591e+001
  1.0158e+002
  7.3150e+001
  3.3525e+001
  3.2124e+002
  1.1862e+002
  3.5476e+001
  8.3922e+001
  5.5553e+001
  1.2093e+001
  5.4259e+002
  6.6983e+001
  6.3308e+002
  1.3858e+002
  2.2913e+002
  2.3074e+001
  1.6758e+001
  2.1500e+002
  4.9452e+002
  8.5497e+001
  9.7735e+001
  4.6259e+002
  3.1542e+002
  5.4320e+000
  1.0264e+002
  6.6382e+001
  4.4141e+001
  3.7830e+001
  5.3294e+001
  4.4337e+001
  1.8653e+002
  8.5671e+001
  3.7167e+001
  2.5411e+001
  2.7609e+002
  1.3216e+002
  2.6033e+002
  1.1350e+002
  7.9839e+001
  9.3693e+001
  6.6132e+001
  1.2268e+001
  3.4710e+001
  9.1304e+000
  2.9877e+001
  7.6942e+001
  3.1027e+002
  6.8694e+002
  2.9194e+002
  4.3737e+001
  5.4309e+001
  2.0716e+002
  7.3895e+001
  2.1384e+001
  5.4941e+001
  4.6233e+000
  6.2266e+001
  1.3579e+001
  2.9097e+001
  1.3620e+002
  2.5040e+001
  3.5239e+001
  7.9683e+001
  1.7511e+001
  1.8338e+001
  4.1621e+001
  1.3994e+002
  1.4121e+002
  1.2083e+002
  6.5886e+001
  1.9878e+002
  1.2633e+002
  1.8590e+002
  2.5488e+002
  1.0979e+002
  7.4678e+000
  2.1522e+001
  3.3365e+001
  3.5449e+002
  3.5015e+001
  1.0164e+002
  7.6409e+001
  3.8025e+001
  8.0875e+000
  4.5884e+001
  2.6643e+002
  1.2269e+001
  1.0114e+002
  3.3353e+001
  2.0079e+001
  1.8212e+002
  6.4445e+000
  9.7337e+001
  2.5219e+002
  5.4714e+000
  2.1362e+001
  7.9844e+001
  1.5103e+001
  4.6346e+001
  1.6167e+001
  2.0744e+002
  4.5410e+002
  5.0683e+000
  1.1170e+002
  1.9589e+002
  3.3115e+001
  1.3014e+002
  4.5147e+001
  4.5085e+001
  9.1799e+001
  7.9663e+001
  1.7054e+002
  8.2633e+000
  2.8977e+002
  4.3931e+002
  1.9274e+002
  2.2818e+002
  2.0361e+001
  5.0646e+000
  4.1471e+001
  1.1472e+001
  9.7160e+000
  3.4559e+001
  3.0972e+002
  5.4433e+001
  3.5590e+002
  1.7325e+001
  1.2699e+002
  1.8598e+002
  5.4298e+001
  7.1985e+000
  3.4850e+001
  1.2852e+002
  3.7556e+001
  2.4300e+001
  5.7024e+001
  1.6244e+002
  7.6873e+001
  4.2880e+002
  3.3796e+002
  2.6606e+001
  1.1002e+002
  3.5566e+001
  6.0843e+000
  1.2357e+002
  8.3977e+001
  1.0071e+002
  1.8178e+001
  1.2683e+002
  3.6081e+001
  6.1376e+001
  5.0921e+000
  2.2457e+001
  6.0156e+001
  2.4467e+001
  1.9479e+001
  7.5166e+001
  1.6144e+002
  4.1487e+001
  2.7477e+001
  4.5776e+001
  9.8628e+001
  6.7313e+001
  1.9731e+002
  2.7228e+001
  8.6401e+001
  3.0650e+001
  1.1390e+002
  2.8035e+001
  9.3959e+000
  1.6183e+001
  1.9881e+001
  2.5929e+001
  2.6859e+001
  4.2000e+001
  3.8566e+001
  5.9572e+001
  2.4409e+002
  2.3314e+002
  2.9606e+002
  5.2406e+001
  4.2801e+002
  5.5814e+002
  2.0767e+002
  1.5688e+002
  3.8473e+001
  1.8191e+001
  5.6615e+001
  3.9955e+001
  1.4795e+002
  4.6238e+001
  1.6266e+002
  1.1526e+002
  1.2464e+002
  5.9713e+001
  2.9077e+002
  3.2511e+001
  6.6253e+001
  3.9016e+000
  1.0454e+001
  2.3457e+001
  1.3414e+002
  1.2891e+002
  1.3747e+002
  8.1355e+001
  4.7350e+001
  5.0160e+001
  2.0958e+002
  2.0205e+002
  6.9417e+000
  2.6431e+001
  4.6750e+001
  5.6451e+001
  3.1797e+002
  3.1822e+001
  1.1738e+002
  8.0179e+001
  8.7573e+001
  1.1886e+001
  2.0364e+001
  3.7087e+000
  3.6764e+001
  1.7416e+002
  2.3804e+001
  5.7168e+002
  4.6615e+000
  3.2909e+001
  7.1153e+001
  1.0590e+002
  1.2696e+002
  5.7890e+001
  4.2254e+000
  1.6981e+001
  7.9866e+000
  3.8413e+001
  1.0105e+002
  2.7655e+001
  3.1004e+002
  5.3609e+000
  8.0886e+001
  4.4802e+001
  1.3381e+002
  1.0481e+001
  1.0503e+001
  7.0520e+001
  1.5194e+001
  3.9897e+002
  1.1142e+002
  1.8668e+001
  1.1840e+002
  2.7336e+002
  9.5939e+001
  3.2947e+002
  2.2095e+002
  2.8208e+001
  2.9975e+001
  9.1586e+000
  1.9308e+001
  7.6383e+001
  1.8558e+000
  4.1656e+001
  1.0886e+002
  6.6835e+001
  9.0499e+001
  3.0254e+001
  1.1704e+001
  1.0645e+002
  3.7028e+001
  3.3072e+001
  9.5537e+001
  1.6541e+002
  5.0815e+001
  2.1504e+002
  2.5397e+002
  6.9132e+000
  9.5719e+001
  4.7076e+001
  1.4837e+002
  1.7910e+001
  2.0204e+001
  2.4213e+001
  2.9519e+001
  8.9956e+001
  2.1013e+001
  6.7485e+001
  3.0685e+002
  3.2547e+002
  2.6635e+001
  1.7023e+001
  3.1217e+002
  1.2843e+001
  1.9199e+002
  1.1511e+002
  9.0924e+000
  1.0055e+001
  6.1319e+000
  1.4041e+002
  2.3498e+002
  2.1730e+002
  9.7849e+001
  4.3058e+001
  1.1143e+002
  2.8926e+002
  2.1167e+002
  3.5726e+001
  1.2843e+002
  1.4568e+002
  4.0971e+001
  3.8011e+001
  4.8637e+001
  2.7120e+001
  3.4986e+002
  3.6554e+001
  4.4590e+001
  6.3207e+000
  3.6728e+001
  1.1232e+002
  7.7392e+001
  3.1989e+001
  3.0657e+001
  1.8856e+001
  1.4529e+001
  4.5637e+001
  2.5181e+002
  4.7685e+001
  4.9738e+001
  5.6148e+001
  4.3302e+001
  8.9230e+001
  3.2222e+001
  1.5191e+001
  1.4192e+001
  1.1185e+001
  1.8558e+002
  6.2838e+001
  6.2640e+001
  3.7961e+002
  1.9828e+001
  2.6110e+002
  7.7493e+001
  4.5318e+001
  1.8020e+001
  9.8128e+001
  3.7931e+001
  4.8947e+001
  6.0709e+001
  2.1008e+001
  1.1930e+002
  1.4390e+001
  4.4107e+001
  8.0256e+001
  4.7519e+001
  7.0217e+000
  5.4601e+001
  1.8927e+002
  4.1326e+001
  3.5317e+002
  9.9680e+000
  4.8651e+001
  1.9885e+002
  1.3629e+002
  4.1968e+002
  6.7108e+001
  2.2388e+002
  1.5708e+002
  8.8533e+001
  2.0784e+002
  4.9572e+001
  4.2051e+001
  9.4725e+001
  6.6897e+001
  1.4423e+002
  4.4726e+001
  1.7483e+002
  4.2363e+001
  8.4724e+001
  2.7141e+001
  5.6465e+001
  3.8923e+001
  7.1062e+001
  3.3261e+002
  2.1882e+001
  4.0442e+001
  5.9121e+001
  6.0549e+001
  1.8625e+002
  3.2115e+001
  1.6394e+002
  1.3320e+001
  9.7147e+000
  1.1742e+002
  1.6093e+002
  3.1530e+001
  3.3040e+002
  8.5782e+001
  1.6761e+002
  2.5280e+001
  1.6791e+002
  2.3735e+002
  1.5648e+002
  2.8524e+001
  1.9632e+001
  1.3456e+001
  4.6006e+001
  6.7068e+000
  4.3865e+001
  9.3335e+001
  2.9741e+001
  2.8009e+001
  8.7972e+001
  2.7299e+002
  4.1446e+001
  5.0331e+002
  6.4787e+001
  2.1538e+002
  2.3434e+002
  9.7117e+001
  1.7231e+001
  9.7527e+001
  1.1981e+001
  3.5825e+001
  3.0586e+001
  2.4479e+002
  1.2835e+002
  6.0080e+001
  2.8414e+001
  1.0738e+001
  1.1105e+001
  1.8650e+002
  6.7195e+001
  2.5961e+001
  4.4410e+001
  5.5892e+001
  2.9532e+001
  2.9970e+001
  3.6585e+001
  1.4305e+002
  2.1048e+000
  9.6215e+001
  1.0958e+002
  5.3590e+001
  3.9833e+001
  1.0583e+001
  5.2298e+001
  3.3128e+001
  1.7027e+002
  1.1984e+002
  1.3616e+002
  1.1836e+002
  4.0294e+001
  7.4383e+001
  1.4134e+002
  1.5883e+002
  1.0261e+001
  3.4074e+001
  4.5797e+001
  4.6478e+002
  1.9302e+001
  3.2069e+001
  3.4364e+001
  6.5384e+000
  1.3678e+002
  6.9865e+001
  2.8634e+001
  1.3708e+001
  2.9368e+001
  8.5480e+001
  3.9772e+002
  3.0123e+001
  2.1952e+001
  4.3396e+001
  6.0011e+001
  6.0272e+001
  4.5652e+001
  1.5126e+001
  1.5943e+002
  1.1071e+001
  1.0391e+002
  5.9610e+001
  8.1897e+001
  1.2094e+002
  2.9923e+002
  8.4550e+001
  5.4858e+001
  6.9710e+000
  3.0613e+002
  1.3922e+002
  4.4618e+002
  5.7772e+001
  7.7017e+002
  7.0275e+001
  9.4130e+001
  6.0133e+001
  1.0002e+002
  7.6860e+001
  9.3657e+000
  1.6398e+002
  8.2423e+001
  3.4655e+002
  9.4225e+001
  6.0281e+001
  5.3069e+000
  9.1255e+000
  1.6893e+002
  6.5269e+001
  9.1612e+001
  3.6883e+001
  4.1101e+000
  3.6437e+001
  2.2487e+001
  3.2835e+002
  1.3031e+002
  2.1728e+002
  6.2705e+001
  2.3401e+001
  2.2985e+002
  1.4460e+002
  2.8312e+001
  8.8398e+001
  9.1824e+001
  3.3302e+001
  4.3351e+001
  3.0680e+001
  6.7770e+000
  2.8575e+001
  1.7078e+001
  3.1110e+001
  3.3277e+002
  2.8766e+001
  5.1319e+001
  3.4456e+002
  4.1384e+001
  5.0160e+001
  2.6952e+001
  1.6119e+002
  2.7610e+001
  1.6283e+002
  2.0111e+002
  1.5354e+002
  2.1772e+001

