  1.1084e+002
  1.1256e+002
  7.3485e+001
  9.1538e+001
  6.5869e+001
  9.0521e+001
  1.1092e+002
  9.8121e+001
  5.1434e+001
  1.2286e+002
  1.6450e+002
  6.1115e+001
  4.9236e+001
  9.9141e+001
  1.4497e+002
  1.2805e+002
  8.4239e+001
  1.4830e+002
  1.2606e+002
  1.1759e+002
  9.5105e+001
  8.5432e+001
  7.4323e+001
  5.5292e+001
  8.9345e+001
  1.3092e+002
  1.3967e+002
  4.1518e+001
  9.1007e+001
  1.1866e+002
  7.4239e+001
  1.1988e+002
  1.1014e+002
  2.7804e+002
  2.7642e+002
  1.2375e+002
  3.5385e+001
  7.1297e+001
  1.5810e+002
  7.9560e+001
  2.0503e+002
  1.5253e+002
  1.0034e+002
  6.6783e+001
  8.5817e+001
  1.3044e+002
  6.2883e+001
  9.5213e+001
  1.1193e+002
  7.0985e+001
  1.8337e+002
  1.0908e+002
  7.8759e+001
  9.2959e+001
  1.9757e+002
  3.0122e+002
  2.0388e+002
  4.9457e+001
  2.0419e+001
  1.6931e+002
  4.3360e+001
  7.5804e+001
  6.5709e+001
  1.3634e+002
  8.2420e+001
  1.9207e+002
  1.4867e+002
  6.7317e+001
  8.9272e+001
  1.3521e+002
  6.5535e+001
  1.3847e+002
  1.2654e+002
  4.4515e+001
  2.3822e+002
  1.5773e+002
  1.0664e+002
  3.7403e+001
  6.4364e+001
  2.1528e+001
  1.6904e+002
  5.4467e+001
  4.8367e+001
  6.4049e+001
  7.4638e+001
  8.4284e+001
  1.3655e+002
  9.4492e+001
  1.5378e+002
  8.6230e+001
  1.1802e+002
  1.5929e+002
  7.8499e+001
  5.7347e+001
  6.0250e+001
  2.6335e+002
  4.5971e+001
  4.0424e+001
  6.0149e+001
  8.0671e+001
  6.9349e+001
  1.9962e+002
  1.0517e+002
  5.6239e+001
  1.2866e+002
  8.2027e+001
  5.4838e+001
  2.6491e+002
  7.8343e+001
  1.1552e+002
  5.2947e+001
  5.6125e+001
  2.5431e+002
  1.0937e+002
  9.2656e+001
  1.6770e+002
  5.0245e+001
  2.7087e+002
  7.7874e+001
  1.6262e+002
  7.8897e+001
  9.3004e+001
  4.7046e+001
  1.2351e+002
  7.0939e+001
  9.5381e+001
  7.9779e+001
  1.5757e+001
  9.2448e+001
  7.4466e+001
  7.8563e+001
  1.0123e+002
  1.3519e+002
  6.2110e+001
  1.7833e+002
  1.8661e+002
  1.3426e+002
  3.9984e+001
  7.9377e+001
  1.4693e+002
  9.6878e+001
  3.9668e+001
  1.0881e+002
  1.4692e+002
  4.1804e+001
  6.1923e+001
  7.4516e+001
  7.5401e+001
  3.6996e+001
  6.1628e+001
  9.8777e+001
  5.3551e+001
  5.7439e+001
  1.2883e+002
  1.3019e+002
  2.1281e+002
  5.5208e+001
  2.0499e+002
  5.3939e+001
  1.3659e+002
  6.0593e+001
  7.7460e+001
  1.2585e+002
  5.0668e+001
  8.1343e+001
  6.8223e+001
  1.6241e+002
  1.3961e+002
  1.2952e+002
  7.2377e+001
  5.8854e+001
  4.8154e+001
  8.4445e+001
  1.2927e+002
  1.6092e+002
  1.1513e+002
  9.3693e+001
  3.5933e+001
  8.1424e+001
  8.1809e+001
  9.0854e+001
  2.9008e+001
  4.4506e+001
  8.6488e+001
  2.0396e+002
  2.6253e+001
  1.4463e+002
  7.9127e+001
  5.8892e+001
  3.9405e+001
  2.7687e+001
  8.2968e+001
  1.5100e+002
  2.6585e+001
  5.0792e+001
  1.9404e+002
  5.3592e+001
  1.3873e+002
  9.3935e+001
  1.5032e+002
  8.2380e+001
  4.3097e+001
  9.4673e+001
  9.1498e+001
  9.9817e+001
  2.0756e+002
  1.2900e+002
  2.1657e+002
  8.5195e+001
  3.8242e+001
  6.9246e+001
  8.0581e+001
  5.0427e+001
  7.8142e+001
  1.1430e+002
  1.5428e+002
  1.0833e+002
  2.5692e+002
  1.0612e+002
  8.9579e+001
  1.1648e+002
  1.4722e+002
  8.9620e+001
  1.0655e+002
  9.8435e+001
  1.1971e+002
  1.0896e+002
  1.0098e+002
  1.7494e+002
  3.4423e+001
  6.7645e+001
  1.2165e+002
  7.9499e+001
  5.2690e+001
  7.3287e+001
  5.4537e+001
  7.5143e+001
  1.2379e+002
  6.4279e+001
  2.1448e+001
  9.0819e+001
  1.8405e+002
  1.3150e+002
  7.1169e+001
  1.5765e+002
  7.2080e+001
  6.1912e+001
  8.6927e+001
  1.7350e+002
  7.7632e+001
  7.6101e+001
  1.8958e+002
  1.0886e+002
  1.9854e+002
  1.4095e+002
  5.4351e+001
  6.4663e+001
  6.6677e+001
  1.1356e+002
  8.0921e+001
  7.7016e+001
  1.3244e+002
  7.7677e+001
  7.2053e+001
  5.4724e+001
  5.9555e+001
  7.3471e+001
  5.1590e+001
  5.5145e+001
  1.0097e+002
  1.3231e+002
  1.4184e+002
  1.8539e+002
  4.7696e+001
  1.0852e+002
  1.3212e+002
  4.1513e+001
  1.0572e+002
  8.5567e+001
  9.1615e+001
  1.0081e+002
  3.9685e+001
  4.9666e+001
  2.0434e+002
  3.7741e+001
  5.7693e+001
  2.6877e+001
  3.8294e+001
  3.5169e+001
  1.1299e+002
  4.2179e+001
  9.3977e+001
  3.1794e+001
  1.5997e+002
  5.0249e+001
  2.7398e+002
  9.7322e+001
  1.0134e+002
  2.4804e+002
  8.2851e+001
  1.0247e+002
  8.6314e+001
  8.2923e+001
  1.2654e+002
  6.1298e+001
  9.3648e+001
  9.9419e+001
  7.5039e+001
  6.9941e+001
  1.0215e+002
  1.1852e+002
  6.5768e+001
  4.2102e+001
  5.0789e+001
  1.2131e+002
  2.0674e+002
  8.0410e+001
  1.1849e+002
  8.4188e+001
  6.8278e+001
  3.9784e+001
  1.0518e+002
  3.0267e+001
  1.4317e+001
  9.5866e+001
  7.8202e+001
  1.5785e+002
  5.0176e+001
  2.0525e+002
  5.8243e+001
  4.2486e+001
  4.2985e+001
  2.3119e+001
  8.9874e+001
  7.2253e+001
  1.7448e+002
  1.2137e+002
  1.1969e+002
  1.6086e+002
  5.2796e+001
  1.0314e+002
  1.6728e+002
  1.0044e+002
  6.6944e+001
  1.0732e+002
  8.9953e+001
  1.0592e+002
  1.1215e+002
  3.0414e+001
  6.3771e+001
  7.9885e+001
  1.3054e+002
  9.4136e+001
  1.3279e+002
  1.5583e+002
  1.5896e+002
  1.0766e+002
  1.5332e+002
  4.9148e+001
  8.0387e+001
  5.2264e+001
  3.8090e+001
  5.0457e+001
  5.9028e+001
  2.5101e+002
  5.6609e+001
  5.8897e+001
  8.4258e+001
  1.0355e+002
  8.4880e+001
  5.8288e+001
  2.8850e+002
  1.3218e+002
  6.9893e+001
  8.2958e+001
  9.0838e+001
  1.4740e+002
  8.9499e+001
  8.6296e+001
  1.3337e+002
  1.3048e+002
  1.8836e+002
  1.7499e+002
  2.9693e+001
  8.3711e+001
  4.3369e+001
  1.3452e+002
  1.1155e+002
  9.2167e+001
  1.1993e+002
  1.3746e+002
  1.0763e+002
  1.5245e+002
  1.2883e+002
  6.2820e+001
  1.0063e+002
  1.2934e+002
  4.3949e+001
  2.6006e+002
  3.3429e+001
  1.0331e+002
  8.6782e+001
  1.6865e+002
  5.6753e+001
  1.2605e+002
  7.4637e+001
  1.3370e+002
  1.1039e+002
  1.3959e+002
  2.8900e+001
  1.2050e+002
  5.9271e+001
  9.2272e+001
  7.2922e+001
  8.4090e+001
  9.1381e+001
  1.2847e+002
  8.1386e+001
  7.5388e+001
  2.4175e+001
  6.9500e+001
  1.2328e+002
  1.1520e+002
  7.0838e+001
  1.4317e+002
  3.9145e+001
  1.1154e+002
  1.1639e+002
  2.1317e+002
  5.1632e+001
  9.4095e+001
  1.3262e+002
  7.3539e+001
  6.9145e+001
  4.3162e+002
  1.5346e+002
  1.7035e+002
  8.9555e+001
  1.0815e+002
  4.7299e+001
  5.0001e+001
  1.4400e+002
  1.1627e+002
  7.5755e+001
  1.5311e+002
  5.4719e+001
  4.6301e+001
  7.4769e+001
  5.4799e+001
  8.3161e+001
  2.0204e+001
  2.0064e+002
  8.8970e+001
  1.6302e+002
  7.4022e+001
  4.5620e+001
  1.0949e+002
  8.5186e+001
  6.4107e+001
  4.7720e+001
  1.3145e+002
  5.7786e+001
  9.0827e+001
  8.6238e+001
  9.4283e+001
  4.5147e+001
  1.0357e+002
  1.0627e+002
  9.0638e+001
  6.7659e+001
  3.1599e+001
  5.9817e+001
  1.3756e+002
  9.6210e+001
  5.8471e+001
  4.7143e+001
  8.0931e+001
  5.1647e+001
  1.9743e+002
  1.5456e+002
  5.0043e+001
  3.9871e+001
  1.2822e+002
  1.1134e+002
  1.7019e+002
  7.5138e+001
  8.2712e+001
  6.7039e+001
  1.3645e+002
  7.1909e+001
  2.7592e+001
  1.3474e+002
  5.0950e+001
  1.9927e+002
  9.3677e+001
  1.2716e+002
  7.5684e+001
  3.8108e+001
  6.9443e+001
  1.4224e+002
  1.5797e+002
  3.3714e+001
  1.4932e+002
  4.0380e+001
  2.5693e+001
  1.2413e+002
  9.3009e+001
  1.2452e+002
  7.5556e+001
  4.8634e+001
  8.0316e+001
  1.1409e+002
  9.8781e+001
  6.7805e+001
  1.6080e+002
  9.1035e+001
  8.0302e+001
  9.3414e+001
  5.9496e+001
  5.4775e+001
  9.1410e+001
  7.6705e+001
  1.0823e+002
  9.7777e+001
  1.6885e+002
  8.9747e+001
  8.3262e+001
  1.1987e+002
  5.4920e+001
  4.0269e+001
  9.6013e+001
  3.6410e+001
  1.0502e+002
  1.2488e+002
  9.5724e+001
  1.9750e+001
  1.0523e+002
  9.8921e+001
  5.4398e+001
  3.7093e+001
  3.3770e+001
  7.3541e+001
  1.3152e+002
  1.1390e+002
  6.2576e+001
  1.5730e+002
  1.4246e+002
  1.1534e+002
  1.2557e+002
  8.1458e+001
  2.9597e+001
  4.6974e+001
  1.0586e+002
  7.8905e+001
  1.3770e+002
  2.1943e+002
  8.4238e+001
  2.5517e+002
  5.6628e+001
  5.8602e+001
  5.4834e+001
  1.3162e+002
  8.4803e+001
  4.3098e+001
  1.2861e+002
  1.5177e+002
  1.5352e+002
  2.0411e+002
  1.4403e+002
  3.9126e+001
  1.5349e+002
  7.8853e+001
  1.1272e+002
  8.8176e+001
  2.6774e+001
  1.1752e+002
  4.3268e+001
  1.3804e+002
  9.4595e+001
  4.0508e+001
  8.1056e+001
  4.0599e+001
  5.4943e+001
  1.2710e+002
  1.0580e+002
  1.8984e+002
  9.3601e+001
  1.2434e+002
  7.2738e+001
  2.2039e+002
  9.3189e+001
  1.2673e+002
  1.0969e+002
  2.5742e+002
  1.2118e+002
  3.6404e+001
  1.1273e+002
  9.1269e+001
  6.0720e+001
  1.2210e+002
  1.0189e+002
  1.9057e+001
  7.3471e+001
  1.0691e+002
  5.3593e+001
  1.1010e+002
  1.0265e+002
  4.6205e+001
  1.1224e+002
  1.3037e+002
  7.8582e+001
  5.7326e+001
  8.4660e+001
  5.3141e+001
  1.7292e+002
  1.4958e+002
  1.3053e+002
  1.6575e+002
  4.5682e+001
  5.9222e+001
  1.4888e+002
  9.3968e+001
  1.0305e+002
  5.4482e+001
  1.7221e+002
  4.3371e+001
  9.6458e+001
  1.0326e+002
  9.5901e+001
  1.8309e+002
  5.3900e+001
  1.2680e+002
  1.3625e+002
  1.0434e+002
  2.1224e+002
  2.0059e+002
  1.2784e+002
  1.1657e+002
  2.0384e+002
  8.7856e+001
  9.9120e+001
  1.8310e+002
  1.4013e+002
  1.1556e+002
  7.3308e+001
  8.8131e+001
  9.6186e+001
  2.3322e+001
  3.7001e+001
  8.5916e+001
  9.9607e+001
  1.9384e+001
  6.6542e+001
  8.3189e+001
  1.6085e+002
  3.3710e+001
  6.5114e+001
  2.2117e+002
  2.3253e+002
  1.3030e+002
  9.3641e+001
  1.1818e+002
  9.5299e+001
  9.4530e+001
  4.2348e+001
  8.3619e+001
  3.7966e+001
  6.4585e+001
  4.7424e+001
  6.8138e+001
  2.4238e+001
  1.7015e+002
  1.9753e+002
  1.0788e+002
  7.6426e+001
  1.2772e+002
  1.6176e+002
  1.1178e+002
  6.5307e+001
  5.7492e+001
  1.2537e+002
  6.0435e+001
  4.7177e+001
  1.3380e+002
  5.0163e+001
  1.4979e+002
  9.5244e+001
  2.1192e+002
  3.1536e+001
  1.0224e+002
  9.4669e+001
  2.1625e+002
  1.3886e+002
  1.9603e+002
  5.8472e+001
  4.7049e+001
  8.3649e+001
  7.1321e+001
  1.2329e+002
  1.4930e+002
  6.2072e+001
  8.6121e+001
  4.1506e+001
  1.3039e+002
  8.4601e+001
  4.4126e+001
  1.5232e+002
  3.3730e+001
  5.1646e+001
  4.3484e+001
  2.3496e+002
  2.0235e+002
  6.9922e+001
  4.1438e+001
  7.9591e+001
  6.0642e+001
  1.2542e+002
  1.4281e+002
  7.4783e+001
  1.4095e+002
  3.3717e+001
  6.5986e+001
  6.7369e+001
  1.4730e+002
  8.1164e+001
  8.8591e+001
  1.5628e+002
  1.8952e+002
  1.6916e+002
  7.3523e+001
  1.2085e+002
  1.6543e+002
  1.6301e+002
  3.2871e+001
  9.9343e+001
  2.3593e+001
  4.7198e+001
  9.3058e+001
  1.3200e+002
  1.1520e+002
  1.4303e+002
  2.6525e+001
  1.5431e+002
  9.7196e+001
  8.6437e+001
  4.0587e+001
  2.1294e+002
  2.3152e+002
  5.2620e+001
  4.6832e+001
  5.6341e+001
  6.4704e+001
  2.8661e+001
  2.2499e+002
  8.2818e+001
  1.1622e+002
  7.8066e+001
  6.5693e+001
  1.0433e+002
  4.8310e+001
  2.9450e+002
  2.9173e+001
  1.4013e+002
  1.7952e+002
  1.0301e+002
  2.3137e+002
  1.1348e+002
  1.5870e+002
  9.5471e+001
  1.0841e+002
  1.6554e+002
  1.2852e+002
  1.5953e+002
  5.3697e+001
  6.8151e+001
  5.9875e+001
  8.8569e+001
  1.3438e+002
  2.8567e+001
  7.3377e+001
  7.3228e+001
  6.6955e+001
  7.8949e+001
  2.1387e+001
  7.6666e+001
  1.0255e+002
  1.3926e+002
  1.2329e+002
  5.5604e+001
  1.6098e+002
  1.1532e+002
  3.5831e+001
  1.7344e+002
  7.9725e+001
  1.3794e+002
  1.5094e+002
  5.7839e+001
  5.5506e+001
  1.3257e+002
  7.1881e+001
  1.5861e+002
  8.3622e+001
  1.4717e+002
  4.5943e+001
  1.0278e+002
  1.5834e+002
  1.3020e+002
  1.6400e+002
  1.0587e+002
  1.5227e+002
  1.0341e+002
  7.7589e+001
  1.7923e+002
  7.1772e+001
  8.1669e+001
  1.7824e+002
  2.2102e+002
  1.4224e+002
  7.5155e+001
  1.0184e+002
  5.7463e+001
  8.0762e+001
  2.2142e+001
  1.4995e+001
  6.4188e+001
  7.0888e+001
  5.6072e+001
  2.9661e+002
  3.9168e+001
  1.3626e+002
  8.3442e+001
  1.1657e+002
  1.9758e+002
  9.1866e+001
  1.8451e+002
  9.1923e+001
  6.7288e+001
  1.0435e+002
  8.2791e+001
  5.3617e+001
  1.1380e+002
  8.6134e+001
  6.3964e+001
  2.8818e+002
  6.7088e+001
  4.8317e+001
  9.1449e+001
  1.6600e+002
  1.9635e+002
  9.9571e+001
  1.3364e+002
  4.9918e+001
  2.0182e+002
  1.3755e+002
  3.7964e+001
  8.2714e+001
  5.5006e+001
  1.5103e+002
  9.5469e+001
  3.6316e+001
  3.0281e+001
  9.9024e+001
  4.1633e+001
  5.5583e+001
  3.1252e+001
  4.7214e+001
  8.9827e+001
  1.3360e+002
  3.1394e+001
  5.8764e+001
  7.0154e+001
  1.2304e+002
  3.8568e+001
  7.9681e+001
  7.2857e+001
  5.4743e+001
  8.9371e+001
  5.6015e+001
  1.6324e+002
  1.1264e+002
  1.5304e+002
  1.2545e+002
  1.1752e+002
  1.4248e+002
  1.1883e+002
  6.9503e+001
  1.2161e+002
  1.5384e+002
  8.8896e+001
  6.5847e+001
  1.1538e+002
  1.4018e+002
  5.0727e+001
  8.8202e+001
  1.0453e+002
  9.7471e+001
  1.1122e+002
  9.0241e+001
  1.8651e+002
  1.5378e+002
  1.5001e+002
  8.5304e+001
  1.0029e+002
  1.0098e+002
  8.4394e+001
  8.1719e+001
  1.4238e+002
  8.5642e+001
  1.0680e+002
  9.3388e+001
  2.8967e+001
  1.3070e+002
  8.6735e+001
  8.1771e+001
  8.6435e+001
  9.3553e+001
  1.3057e+002
  7.4707e+001
  1.1078e+002
  1.0776e+002
  4.4517e+001
  9.3312e+001
  6.0326e+001
  7.4488e+001
  1.4625e+002
  1.5652e+002
  4.7954e+001
  4.4198e+001
  3.9385e+001
  6.1851e+001
  2.8927e+001
  1.1042e+002
  2.7509e+001
  4.8949e+001
  8.1368e+001
  1.0706e+002
  6.1088e+001
  5.5512e+001
  1.5483e+002
  1.2850e+002
  9.9861e+001
  1.9596e+002
  8.8291e+001
  5.4842e+001
  5.4980e+001
  8.5173e+001
  5.4809e+001
  4.2820e+001
  5.3133e+001
  1.0931e+002
  2.5892e+001
  1.4253e+002
  2.1096e+002
  4.5821e+001
  9.9899e+001
  8.1646e+001
  1.9999e+002
  7.5283e+001
  1.1938e+002
  1.7903e+002
  1.2778e+001
  1.0848e+002
  6.8281e+001
  1.3747e+002
  6.2459e+001
  1.0643e+002
  8.0897e+001
  5.9902e+001
  9.0491e+001
  1.4385e+002
  7.3327e+001
  9.3785e+001
  7.6577e+001
  1.0878e+002
  8.3387e+001
  1.2817e+002
  8.9098e+001
  5.3986e+001
  2.5195e+001
  4.0996e+001
  1.0064e+002
  2.1484e+002
  1.3487e+002
  4.5279e+001
  1.0065e+002
  7.1363e+001
  1.2277e+002
  5.6865e+001
  1.4314e+002
  9.7857e+001
  7.0837e+001
  5.8619e+001
  4.1722e+001
  3.9075e+001
  4.6735e+001
  8.9613e+001
  4.9747e+001
  9.2492e+001
  1.9419e+001
  6.8476e+001

