    1.9883
    0.3223
    0.2741
    1.0117
    3.7316
    0.7229
    0.2604
    2.5710
    2.7064
    1.4133
    0.0398
    0.0807
    0.4604
    2.4043
    0.3559
    0.8615
    2.3518
    0.7323
    1.0106
    0.5993
    0.6880
    0.9729
    0.9694
    0.3388
    1.0173
    1.0404
    0.7044
    1.0038
    0.7416
    2.7663
    1.1246
    4.7610
    0.6041
    3.3298
    0.2438
    0.4264
    3.5027
    0.9851
    1.7731
    0.5087
    0.8185
    0.3183
    4.2990
    0.4283
    0.1241
    0.0450
    1.5861
    0.1969
    2.2864
    0.0867
    0.5493
    0.3310
    0.0994
    0.5156
    0.5709
    0.3445
    0.8268
    1.4143
    0.0660
    0.1084
    3.0390
    3.3028
    0.7337
    4.5119
    0.1418
    1.2941
    0.0815
    1.2785
    0.5364
    8.3846
    0.6435
    0.1087
    1.9472
    0.0186
    0.3879
    0.8612
    0.1174
    0.2831
    1.8480
    0.8435
    1.3315
    0.2895
    1.5343
    1.5419
    0.6533
    0.0492
    0.3541
    2.6430
    0.3481
    1.2579
    0.2938
    0.6937
    0.1322
    0.0210
    0.1180
    0.1768
    2.0365
    1.6150
    0.0934
    0.4297
    1.0304
    0.5270
    1.0042
    3.1813
    0.5412
    0.1535
    0.0200
    0.9402
    1.8012
    0.1684
    0.3369
    1.0877
    2.2799
    0.1963
    2.4657
    0.8465
    0.0191
    0.2088
    2.0650
    0.7043
    6.1632
    3.4445
    0.6880
    0.2652
    0.2239
    0.4474
    0.2262
    3.3001
    0.1649
    0.5315
    0.8299
    3.8161
    4.2927
    0.0373
    0.3467
    3.3119
    0.8153
    0.8128
    0.3234
    0.6730
    0.7621
    2.3203
    0.4859
    1.4752
    5.4922
    0.4298
    0.5187
    0.0808
    0.6293
    0.0456
    0.7905
    1.1283
    0.2756
    0.6581
    0.6282
    1.4664
    0.2547
    0.3059
    0.0514
    0.4378
    1.0665
    0.4226
    1.3294
    0.2708
    0.0516
    0.2451
    1.3355
    1.0578
    3.9437
    4.7007
    0.0817
    0.6924
    0.1689
    1.3438
    0.3186
    0.0347
    1.0479
    0.6273
    0.3040
    0.4595
    0.5707
    0.0624
    0.0793
    1.8542
    0.2527
    0.4403
    0.2922
    0.1474
    4.7826
    0.9780
    3.4369
    0.6217
    0.0174
    0.9509
    0.8724
    0.1287
    0.1661
    1.0900
    0.1684
    2.3683
    0.0532
    0.1294
    0.3371
    4.8612
    0.6567
    2.2728
    0.0284
    0.2534
    3.4512
    0.1994
    0.0575
    1.2980
    3.8112
    1.2029
    0.0652
    0.4761
    0.1655
    0.0702
    1.0628
    0.4279
    0.5753
    0.0401
    0.3441
    0.9969
    0.3807
    0.0606
    0.0252
    0.6669
    0.1730
    1.2760
    0.4333
    0.1404
    0.8502
    0.4900
    0.2013
    0.2644
    0.0615
    0.3912
    0.5792
    1.7180
    0.3287
    2.3415
    0.1306
    2.7328
    1.5696
    0.1610
    0.2447
    2.0163
    0.2261
    0.5815
    0.0767
    0.5433
    0.0972
    0.5282
    0.0086
    0.2037
    0.1174
    2.5479
    0.5881
    1.6183
    0.6175
    1.8995
    0.1486
    0.2052
    0.4360
    0.0515
    0.6495
    0.0089
    0.3506
    0.9259
    0.2840
    0.4289
    0.1960
    0.0418
    0.2275
    0.5046
    0.2391
    1.1221
    0.2542
    1.5544
    1.4349
    0.6382
    0.6120
    0.2258
    0.5355
    0.8203
    3.7682
    0.7428
    1.2467
    0.6122
    0.2524
    0.1279
    1.0985
    0.0988
    0.2348
    3.1803
    0.3338
    1.5641
    0.2252
    1.9905
    0.4832
    0.1350
    1.8139
    0.5947
    0.7727
    0.2497
    0.4857
    1.9623
    1.0174
    0.3482
    2.5670
    0.9790
    1.1026
    1.4065
    2.6140
    1.0936
    0.9627
    1.3785
    0.4258
    0.4956
    0.6958
    2.7778
    0.0002
    0.0050
    0.8670
    0.0933
    1.5003
    1.0040
    0.6654
    1.7285
    0.0700
    2.1290
    0.4930
    0.5123
    0.1030
    0.8828
    2.2649
    0.5678
    2.3446
    1.2190
    1.2756
    1.6919
    0.1886
    0.0465
    0.3665
    1.1517
    0.6876
    2.1998
    0.0497
    0.0631
    0.0072
    0.0102
    2.9457
    0.4074
    0.9098
    2.1063
    1.9419
    0.2891
    0.2080
    0.3839
    1.3684
    1.5654
    0.2091
    0.0307
    0.0845
    0.0359
    0.6901
    0.9637
    0.2341
    0.9732
    0.5951
    0.2587
    0.1112
    3.8893
    1.2631
    1.8033
    0.2964
    1.5674
    1.5460
    0.6321
    0.4113
    0.0632
    0.3289
    0.7923
    0.4705
    0.0202
    0.9355
    1.9261
    0.2641
    2.0030
    0.3804
    1.3018
    0.9754
    1.2111
    2.6391
    2.0022
    0.7980
    0.3830
    5.2307
    0.2689
    0.5222
    0.1156
    0.1857
    2.7208
    0.6505
    1.5931
    0.3475
    0.2693
    0.0018
    0.5318
    0.2361
    0.1645
    0.1397
    0.5435
    0.1947
    4.3858
    0.1451
    4.2665
    1.1384
    3.7098
    2.6612
    0.3383
    0.4073
    0.5393
    1.2568
    0.5499
    1.0873
    0.3318
    0.0009
    0.1508
    0.0673
    0.1263
    0.6254
    3.1969
    0.0327
    0.7089
    0.2575
    2.3025
    0.0635
    0.3518
    1.7001
    0.5912
    0.1021
    4.7329
    0.1134
    0.7887
    0.6160
    0.5280
    1.0136
    0.1422
    2.9206
    0.1335
    2.0224
    0.5574
    4.2283
    0.5250
    1.9219
    0.1800
    0.8404
    1.2517
    1.0010
    0.3561
    0.5246
    0.2115
    0.2367
    0.5084
    0.8229
    0.0305
    0.1349
    0.5445
    0.3604
    0.2688
    0.9035
    1.2696
    0.1472
    0.7631
    0.1827
    1.0246
    1.1812
    1.4065
    0.7538
    0.2381
    0.3708
    1.8225
    0.3823
    1.1348
    1.1882
    0.7691
    0.6704
    0.4799
    0.1309
    1.2486
    1.2364
    0.4959
    0.8759
    5.6250
    0.9095
    0.1954
    1.5365
    1.2150
    2.5100
    0.8932
    0.1178
    0.0491
    0.0377
    0.5015
    0.3033
    2.2399
    0.5977
    1.1830
    2.1460
    0.9206
    0.8762
    0.0587
    0.0017
    1.0475
    0.5221
    1.6359
    0.7450
    0.0040
    0.8931
    3.6603
    0.0200
    0.1998
    0.1766
    1.1450
    0.2817
    2.7198
    0.5035
    0.0444
    0.8676
    0.3649
    3.5918
    0.0498
    1.6924
    0.2763
    2.1362
    0.7160
    0.3923
    3.4529
    0.5875
    2.3561
    0.5286
    0.5733
    1.5150
    0.8323
    0.7307
    0.0806
    0.6697
    0.0460
    0.2786
    0.3525
    2.6366
    1.3502
    0.1925
    0.1068
    1.8038
    1.2907
    1.9604
    1.7740
    3.1427
    0.9833
    0.4598
    3.3286
    0.2163
    0.6631
    0.7180
    0.0494
    0.7180
    0.2656
    0.7892
    0.1792
    2.4236
    1.7481
    0.2699
    0.4122
    0.6487
    0.4478
    0.0518
    1.9890
    0.1278
    0.1356
    0.3395
    0.2138
    0.6600
    0.3821
    0.0331
    0.9763
    1.2432
    0.0585
    1.2921
    0.5332
    0.5786
    0.0955
    0.3452
    0.4792
    0.6938
    0.0187
    2.1106
    0.6417
    0.1101
    1.0590
    0.4325
    0.7225
    1.3418
    0.3370
    3.1526
    1.7715
    1.1769
    0.4149
    0.5565
    0.1293
    1.7752
    1.1633
    0.3887
    0.8978
    1.3143
    1.1499
    2.5300
    0.2672
    0.4815
    0.0755
    1.6054
    0.3967
    0.2391
    0.1916
    0.2319
    0.6476
    0.1147
    1.7495
    0.0824
    2.8792
    1.2010
    1.4684
    0.5230
    0.1606
    1.2535
   10.6875
    2.8552
    1.5759
    0.0276
    3.3472
    0.8053
    0.3340
    2.1948
    3.8264
    0.6879
    0.0070
    3.4013
    0.3830
    0.0533
    0.7608
    0.9324
    0.2545
    0.2647
    0.8263
    0.6856
    1.5125
    0.0195
    1.3482
    0.4707
    2.9600
    2.5035
    0.6169
    0.3128
    0.0938
    3.8074
    1.2492
    0.3273
    0.7631
    2.0317
    0.5506
    0.3730
    0.1470
    0.5000
    0.0767
    0.3643
    0.1059
    0.7143
    2.3278
    1.1784
    0.9911
    0.3864
    2.4209
    3.7720
    0.6300
    0.6971
    2.4977
    0.4695
    2.3869
    0.1991
    3.5844
    2.7256
    0.1668
    0.4048
    1.3565
    0.4893
    0.0103
    2.2766
    0.4147
    0.7698
    0.3658
    0.2384
    0.4229
    6.2822
    0.3296
    0.4283
    0.2880
    1.2178
    3.1180
    0.4295
    0.2689
    0.0973
    0.5876
    0.6220
    1.1559
    0.4561
    0.6800
    0.1117
    0.1057
    1.3179
    0.8389
    0.0742
    1.4577
    1.3358
    1.3717
    0.8262
    0.2919
    0.6358
    0.4894
    1.6309
    0.5783
    0.2608
    0.3363
    0.3293
    0.4587
    0.3091
    1.0547
    0.1828
    0.5669
    1.7547
    1.5284
    1.2422
    0.3175
    0.3225
    1.3159
    0.5716
    0.8412
    0.2559
    0.6807
    0.1584
    0.0409
    0.1416
    0.4462
    0.3760
    0.7636
    1.0047
    0.5900
    0.8447
    0.1751
    2.8353
    0.0970
    1.2817
    1.7000
    0.2781
    0.1482
    0.2760
    3.4018
    0.2325
    0.1042
    0.5997
    1.7319
    0.2388
    0.6911
    0.1246
    0.8485
    4.8221
    0.3507
    2.8761
    0.4751
    4.3573
    0.1962
    0.7715
    0.5674
    1.2309
    0.3216
    0.0955
    0.5750
    0.0545
    1.2091
    0.5675
    0.8989
    0.2334
    0.4428
    0.3724
    1.0943
    0.0083
    0.7256
    0.6072
    0.3636
    0.0089
    1.3546
    1.1791
    0.0926
    1.2863
    0.0393
    0.3937
    1.2657
    0.2770
    1.8307
    0.3189
    1.2012
    1.4197
    0.1317
    1.9078
    0.0007
    0.2972
    0.2020
    0.0013
    0.2038
    0.3635
    1.1624
    0.0544
    0.2116
    0.2666
    4.1227
    0.4850
    2.6121
    2.7292
    0.2228
    1.0843
    1.0507
    3.0616
    2.1972
    0.3573
    0.0463
    1.1513
    0.5863
    0.3711
    0.2021
    5.3638
    0.5892
    0.3947
    3.1287
    1.1336
    0.0723
    1.7385
    1.3907
    3.0099
    2.3742
    3.9064
    0.6803
    0.8549
    0.4989
    0.0463
    0.5353
    0.6847
    0.6759
    0.1032
    0.4367
    1.0375
    0.1790
    0.5286
    0.6398
    0.7083
    1.6751
    1.6654
    3.3536
    0.5985
    0.4422
    0.1408
    2.1413
    0.1932
    0.3490
    1.0587
    1.0319
    2.1483
    0.9209
    0.0466
    0.0101
    3.2848
    0.4074
    0.2449
    1.0650
    0.8748
    0.1262
    0.2341
    2.6673
    0.1849
    2.5141
    1.1119
    0.2333
    3.1035
    4.4974
    0.5256
    1.1214
    0.2438
    3.1973
    0.8079
    0.5907
    1.1613
    2.5759
    0.6831
    1.2666
    0.0841
    1.6997
    1.1399
    0.0805
    0.0925
    0.9071
    2.6460
    2.7637
    0.0117
    2.1243
    0.7889
    1.9329
    0.1020
    0.0807
    0.8069
    0.3309
    0.0250
    0.7539
    2.2307
    0.8090
    0.0327
    1.0837
    0.8602
    1.1846
    1.5913
    1.4131
    5.9638
    0.7702
    0.0368
    0.0965
    0.9242
    1.1692
    1.6995
    0.3674
    0.0068
    0.8427
    0.4403
    0.6280
    0.4174
    0.0721
    0.8417
    1.3311
    0.5599
    0.1319
    3.7867
    0.0844
    0.1429
    0.0569
    0.4129
    0.9656
    1.5133
    0.6321
    5.5012
    0.0787
    0.0630
    1.0869
    0.0997
    0.1993
    0.5838
    4.5857
    2.8430
    2.7624
    0.9645
    0.1076
    0.3895
    1.4007
    0.3256
    3.3083
    1.0438
    0.2939
    0.4648
    0.4671
    0.4886
    0.1787
    1.7463
    0.0190
    1.1561
    2.9361
    1.3575
    0.8510
    0.7357
    0.1956
    0.6303
    3.2084
    0.3505
    0.6907
    1.0105
    2.8005
    2.4303
    0.0165
    1.7355
    0.2085
    1.2931
    1.7261
    1.7512
    0.0835

