   0.8169
   2.5919
   1.0000
   0.5907
   1.0593
   1.0000
   0.7879
   1.0288
   0.0853
   0.5973
   1.4069
   1.7511
   0.5848
   0.7759
   0.3253
   1.8949
   0.0751
   1.0000
   0.2711
   1.8543
   3.4387
   3.3339
   0.5603
   0.5179
   0.5081
   1.0000
   0.3299
   1.0373
   1.2213
   0.4198
   0.4578
   0.0532
   1.6053
   0.5442
   1.7587
   0.3443
   1.9246
   0.0765
   1.0000
   0.8846
   2.0563
   0.4610
   0.7431
   0.2013
   1.6846
   1.4933
   2.0591
   1.0000
   0.4137
   1.3879
   0.5157
   1.2212
   1.3747
   0.9580
   0.3377
   1.0921
   1.5288
   0.4793
   0.4739
   1.2874
   0.9589
   0.3043
   2.8966
   1.8313
   2.9084
   0.6132
   1.0000
   0.3636
   0.6242
   0.3412
   0.6202
   0.0592
   0.0359
   0.3782
   0.6433
   0.1917
   2.2031
   1.2743
   0.7766
   2.2770
   1.9776
   0.7316
   0.2817
   1.0000
   2.0222
   1.0000
   1.7864
   1.1224
   0.9521
   1.6907
   1.5309
   0.7044
   0.7758
   0.8788
   1.2693
   1.0000
   1.7042
   1.0000
   0.4195
   0.2791
   1.3067
   0.8518
   0.2417
   0.7875
   0.9887
   1.7535
   1.2050
   0.4374
   0.8963
   1.8116
   1.1702
   1.2224
   1.0000
   1.0000
   1.3160
   2.1068
   1.0000
   1.6480
   0.0085
   0.8249
   0.2182
   0.8826
   1.0000
   0.4113
   1.2832
   0.8654
   1.0000
   0.5603
   0.8999
   0.0224
   0.1228
   1.8537
   1.0000
   0.0390
   1.0000
   1.0000
   1.2391
   1.0000
   1.0000
   1.7900
   2.6287
   1.3216
   1.0000
   0.2855
   1.3353
   1.0000
   1.0000
   0.1120
   0.4548
   1.9082
   1.0000
   0.6966
   1.1523
   0.8646
   1.7678
   0.1533
   0.5096
   1.6421
   1.0000
   1.0371
   2.4122
   0.2724
   0.9586
   1.3668
   1.0102
   0.0107
   1.6178
   1.0043
   0.1539
   1.8427
   1.7936
   0.9911
   0.9221
   0.8981
   0.4496
   1.4281
   2.7818
   0.6329
   1.9850
   1.4476
   1.7620
   0.1234
   0.5466
   0.1281
   1.0216
   1.2582
   0.6794
   0.8659
   2.0567
   0.3905
   1.0000
   1.7810
   1.7451
   0.6499
   1.7279
   1.3408
   0.3147
   1.7303
   0.5523
   0.1904
   2.2429
   1.0000
   0.1979
   0.0549
   1.9625
   1.5516
   1.1125
   0.2053
   1.0000
   0.1340
   0.3930
   0.8010
   1.7212
   1.9259
   0.4813
   1.0000
   1.0257
   0.6931
   0.7161
   0.5050
   2.4722
   0.5608
   1.5011
   1.9379
   0.3893
   0.5895
   0.6600
   2.5431
   2.9010
   2.7385
   0.2900
   0.1619
   1.4740
   0.3579
   1.9505
   1.0000
   0.1117
   2.6302
   1.2941
   0.0462
   1.4408
   1.1368
   0.8142
   0.0439
   0.3525
   0.0844
   0.0602
   1.0000
   2.5440
   1.0000
   1.0000
   1.0000
   0.5623
   2.2073
   2.4169
   0.6834
   1.8966
   2.2983
   1.7374
   0.5544
   0.4745
   0.1331
   1.1105
   0.1259
   0.1408
   0.7270
   0.7293
   1.4477
   0.7860
   0.9410
   0.4715
   1.0000
   1.6434
   0.7027
   0.1601
   0.6395
   1.5704
   0.4882
   2.5848
   0.0079
   0.9118
   0.9604
   0.2786
   0.2691
   0.7553
   0.9611
   2.0335
   0.3245
   1.8230
   0.2545
   0.7746
   0.9255
   1.6747
   0.3070
   0.8108
   1.7706
   1.4298
   0.3904
   1.9833
   0.5593
   0.8444
   1.9824
   0.6529
   0.4054
   1.4803
   0.3984
   0.0146
   1.7405
   2.2776
   2.3757
   2.3968
   1.6405
   1.0000
   1.2043
   0.5281
   1.2320
   1.3699
   1.0000
   0.4657
   1.3707
   1.0661
   0.0953
   0.5511
   0.1101
   0.5466
   0.9135
   0.2542
   1.0000
   0.7750
   1.0000
   1.4300
   0.3195
   1.0000
   0.5253
   0.0992
   0.1949
   0.7589
   2.9876
   0.9882
   0.5062
   0.0837
   0.5493
   0.8521
   1.7951
   1.3709
   0.3062
   0.2355
   2.1749
   1.0000
   1.4406
   0.5600
   0.2816
   0.7366
   0.8687
   0.2490
   1.0000
   1.7210
   0.8097
   0.9851
   0.0740
   0.1839
   1.0000
   0.1699
   2.5941
   0.1051
   0.1048
   2.9455
   0.5260
   1.3562
   0.6430
   0.0823
   0.8547
   0.3103
   1.1440
   0.5716
   0.3273
   0.8915
   0.7364
   0.9723
   0.2668
   1.1858
   0.1937
   0.4855
   1.2727
   1.0000
   0.9827
   1.0000
   1.0012
   1.0000
   1.1090
   0.8306
   0.6756
   0.0378
   1.6122
   0.5750
   0.1371
   0.2134
   1.2024
   1.7360
   0.3246
   1.0000
   0.0479
   1.9365
   1.0000
   2.4399
   0.2760
   0.1852
   0.6612
   1.0000
   1.4590
   1.0133
   1.0528
   0.0048
   1.8761
   0.5883
   2.1955
   1.6632
   0.4594
   0.4407
   0.1627
   0.8697
   1.3229
   1.0000
   1.3671
   0.6265
   1.6023
   0.7810
   1.8799
   1.1217
   1.2582
   1.6507
   1.8649
   0.9869
   0.4585
   0.4815
   3.1602
   1.5158
   1.6148
   2.1945
   0.2366
   0.1541
   1.0665
   0.4135
   0.1138
   1.1094
   1.6734
   0.4828
   1.0000
   1.0000
   1.0000
   1.0000
   0.3464
   0.8086
   1.4021
   0.5325
   0.8600
   1.1337
   0.0817
   0.0393
   0.1459
   1.0000
   2.6638
   0.3887
   0.2219
   0.6123
   0.8852
   0.7629
   0.1242
   0.5063
   2.6179
   0.8642
   1.2241
   0.8179
   0.1165
   1.8342
   1.1356
   0.6059
   1.3830
   1.4073
   3.3498
   0.5195
   1.7320
   0.7413
   0.5815
   0.9684
   0.1635
   0.9000
   2.0797
   2.2859
   1.0000
   1.0000
   0.4441
   0.2175
   1.0236
   1.0000
   1.3654
   1.2233
   1.0000
   0.3762
   0.0965
   2.5619
   1.2013
   0.4752
   0.5437
   0.4233
   0.6324
   1.0000
   1.4378
   0.1614
   1.3174
   0.6864
   0.9832
   0.7433
   1.2274
   3.1583
   1.3486
   1.0000
   0.2100
   1.0000
   0.0618
   0.8632
   0.7195
   1.0000
   0.0901
   0.1450
   0.6698
   0.1735
   1.4733
   0.9468
   0.2764
   0.6904
   0.1878
   1.0239
   0.2930
   1.0000
   0.8326
   2.1300
   0.4844
   0.3916
   1.5571
   0.2467
   1.9382
   0.7897
   1.7134
   1.3931
   1.0000
   1.9358
   1.0255
   1.0000
   1.6950
   2.0863
   1.1215
   0.7630
   0.9471
   0.3703
   1.2893
   1.0040
   1.0469
   2.3210
   0.4770
   0.7361
   0.2946
   0.8663
   1.1901
   1.7004
   2.5573
   1.0000
   0.8265
   1.9739
   0.3162
   0.5282
   0.2842
   1.3775
   0.2295
   1.1379
   0.3747
   1.0000
   0.4850
   1.0000
   0.4119
   1.5648
   0.0035
   0.2495
   1.6755
   0.7125
   0.4171
   2.2446
   0.1935
   0.3172
   1.6092
   0.9734
   0.2953
   1.1606
   2.1346
   2.0681
   1.0000
   0.8741
   0.7163
   0.2729
   0.1536
   0.7458
   1.9056
   1.0322
   0.6036
   0.8836
   1.0000
   0.4965
   2.5776
   1.0000
   1.0000
   1.3661
   0.7737
   1.1915
   0.6760
   0.0780
   1.0000
   1.7291
   2.2978
   0.3486
   0.6314
   0.9627
   0.4548
   0.7059
   1.4655
   1.0000
   0.8564
   0.7660
   1.3168
   1.0000
   0.6142
   1.0000
   2.4644
   0.2327
   1.8450
   0.0372
   0.6613
   1.3313
   1.9536
   0.0612
   1.5457
   0.5218
   0.6527
   2.2245
   0.6321
   1.5623
   0.9913
   0.8644
   0.7723
   2.1418
   0.0802
   1.2094
   0.3492
   1.9660
   0.1525
   2.4857
   0.6977
   1.0000
   0.9458
   0.5799
   0.9622
   2.1365
   1.1628
   1.9097
   2.3443
   0.1024
   2.4733
   0.1988
   1.3889
   0.0727
   2.1339
   0.6147
   0.8965
   1.8582
   0.7589
   1.2177
   0.8902
   1.4152
   0.1791
   1.0000
   0.4738
   1.0000
   1.9719
   1.2408
   0.1990
   1.2680
   1.8525
   0.2797
   1.0000
   1.0000
   2.2511
   0.4434
   1.0000
   1.0000
   0.9985
   1.6774
   2.7373
   1.0000
   1.2911
   1.2730
   1.9331
   0.0457
   0.0314
   1.5386
   1.0000
   0.9773
   0.7190
   0.2936
   1.0000
   1.0000
   0.4481
   0.2960
   4.4995
   0.0729
   1.0000
   0.6702
   0.6750
   1.3769
   1.5419
   0.1673
   1.9899
   1.8202
   1.0000
   0.6342
   1.0000
   0.0729
   1.5414
   0.3510
   0.6875
   1.0000
   1.0000
   0.3752
   1.3988
   0.8099
   1.0000
   1.7170
   0.6580
   1.0000
   0.4216
   0.4095
   1.0000
   1.6655
   0.9834
   0.6394
   1.3489
   1.2349
   1.0000
   1.2838
   0.0621
   0.2476
   1.4259
   0.0635
   0.6486
   0.2100
   0.6530
   0.0209
   1.3537
   0.0655
   1.2442
   0.9602
   0.3139
   0.8631
   1.6449
   0.6950
   1.8412
   0.1208
   0.7321
   0.1778
   2.3251
   0.3633
   1.5978
   0.4077
   1.9776
   0.9238
   0.4643
   0.0696
   0.1074
   0.0242
   2.4240
   0.9824
   1.0000
   1.6369
   0.2798
   1.5095
   1.3700
   0.5875
   0.4697
   1.4642
   0.0227
   0.9137
   1.1093
   1.4443
   1.0000
   1.0000
   0.3000
   0.5781
   0.2872
   1.0000
   0.5842
   0.9502
   0.5722
   0.2502
   1.3446
   4.5238
   0.4407
   0.7077
   0.3980
   1.0000
   0.0685
   1.0000
   2.9452
   1.2228
   1.0000
   1.1379
   2.9490
   0.0946
   0.6771
   1.0000
   1.0532
   0.9586
   1.1388
   1.3370
   2.0848
   1.1652
   0.1972
   1.9607
   0.5401
   2.3298
   0.3075
   1.0000
   0.5110
   0.2966
   1.3134
   1.0000
   1.0000
   1.8172
   0.8219
   0.9507
   0.4905
   0.5603
   0.5185
   0.3953
   0.3127
   0.6821
   0.3248
   1.0000
   0.2883
   0.3942
   1.0000
   1.4857
   0.7353
   1.3719
   1.0000
   0.1574
   0.6983
   2.1365
   1.9536
   0.7059
   0.3502
   1.0000
   0.0471
   0.4494
   0.0390
   1.0762
   3.4110
   0.1808
   1.6982
   1.1213
   0.7938
   0.0403
   1.0000
   1.0000
   0.2353
   1.0838
   0.5065
   1.9241
   1.4392
   1.0043
   0.2340
   0.3196
   0.1168
   2.6047
   0.0361
   2.9553
   0.8471
   1.1712
   2.7096
   1.0141
   1.8645
   0.3505
   1.7260
   1.9260
   1.0850
   1.0000
   1.9969
   1.6020
   3.1712
   0.1954
   0.1603
   1.0058
   1.9901
   1.7602
   0.5485
   1.6138
   0.2060
   1.4801
   0.6753
   2.7671
   0.1327
   0.3881
   1.0000
   0.1524
   0.2738
   1.0836
   0.3160
   0.9930
   0.7959
   0.3790
   1.0000
   0.1740
   0.1266
   1.4744
   1.0000
   0.8490
   0.6519
   0.7756
   1.0000
   1.0000
   1.9617
   0.9460
   1.6869
   0.4861
   0.7185
   1.7933
   1.9314
   0.2174
   1.0000
   2.1430
   1.0000
   0.9471
   0.6921
   1.5287
   1.6727
   2.0736
   2.9823
   1.5795
   1.2106
   0.5443
   0.7258
   0.8551
   0.6942
   0.7786
   1.2604
   1.3941
   1.0000
   2.1825
   0.9595
   1.4677
   1.7923
   0.2434
   1.2246
   0.7531
   0.2562
   0.7257
   1.5473
   0.1104
   0.0394
   0.6435
   0.4378
   1.0612
   0.4088
   0.4918
   3.4496
   0.7772
   0.0852
   1.1223
   0.3825
   1.4621
   0.1484
   0.7507
   2.0143
   1.7198
   0.3973
   0.1679
   0.9276
   0.0979
   0.6016
   1.0000
   0.5713
   0.3422
   2.2527
   1.0000
   1.0000
   0.8950
   0.4298
   0.4567
   0.8853
   0.9877
   0.8494
   1.0000
   1.0000

