   0.0566
   0.9089
   0.4656
   1.5857
   0.1244
   0.4432
   1.6025
   1.0000
   1.3074
   0.2251
   0.8969
   1.8267
   1.4613
   0.8523
   0.3920
   1.0000
   1.0000
   1.0000
   0.6654
   4.1676
   1.0000
   1.0000
   1.2058
   0.5668
   1.0067
   0.8028
   0.0149
   0.4386
   0.1571
   0.4964
   1.3721
   0.6443
   0.2445
   0.3993
   1.5217
   0.9405
   0.1676
   1.0000
   1.0000
   0.5093
   1.0000
   1.1161
   1.5107
   1.5479
   0.5719
   1.5450
   0.8742
   0.3454
   0.0638
   1.6092
   0.3616
   0.4774
   0.8466
   1.8751
   0.4982
   0.2362
   0.9718
   1.0000
   1.0000
   1.8303
   1.2907
   0.3374
   0.1845
   0.0652
   1.6506
   1.2849
   0.3416
   1.0000
   0.2554
   0.2399
   2.7253
   1.8739
   0.0067
   1.2636
   0.1656
   1.3337
   1.2942
   1.6096
   0.5531
   0.2606
   1.3952
   0.3147
   0.0035
   1.5922
   1.0000
   1.1347
   0.4212
   0.3120
   0.4491
   0.0175
   1.7223
   2.4958
   1.5619
   1.8353
   2.5459
   0.8407
   0.5453
   1.0000
   0.7431
   0.0355
   0.6119
   1.1712
   0.0692
   0.1391
   1.5695
   0.1829
   1.4661
   0.6761
   0.0299
   0.3176
   0.7382
   1.3068
   1.7832
   0.9463
   0.5568
   1.0267
   1.4469
   1.0000
   0.9872
   0.5464
   2.0591
   0.6964
   1.1540
   1.1242
   0.0105
   1.0000
   0.8142
   0.6035
   1.0000
   0.0676
   2.0305
   2.1515
   1.1449
   0.0041
   0.1570
   3.1898
   0.2434
   1.6841
   0.6502
   2.9225
   1.0000
   1.4817
   1.7250
   1.0000
   1.2188
   0.7073
   1.9359
   2.1708
   1.3610
   0.5171
   0.8029
   0.7470
   1.2342
   1.0000
   0.3592
   1.2565
   1.0526
   1.9068
   1.0000
   0.9992
   0.8315
   2.8182
   0.1780
   0.9963
   0.9182
   1.0160
   1.2172
   0.1426
   1.7826
   0.6838
   0.3117
   0.1468
   1.4912
   1.7186
   1.3357
   0.5497
   0.8957
   0.4945
   0.2512
   2.0025
   1.0000
   1.1228
   0.3699
   0.6112
   1.0174
   1.0000
   1.2002
   1.8058
   1.5934
   0.1122
   1.4124
   2.1758
   0.3762
   0.8304
   2.3912
   1.0000
   0.1312
   0.3664
   0.2826
   1.0000
   1.5847
   0.8872
   0.4550
   0.0478
   0.1152
   2.8582
   0.8554
   1.4361
   0.6281
   0.4333
   0.7198
   2.7066
   0.7563
   1.0000
   0.3759
   0.5730
   0.8997
   2.2289
   1.7979
   0.1539
   1.3994
   1.6792
   0.0170
   1.0000
   1.4896
   0.9098
   0.8660
   2.4141
   0.4168
   0.3584
   1.0000
   0.0916
   1.4429
   0.4408
   1.0000
   0.1700
   1.1925
   0.3527
   1.6646
   0.7427
   0.5242
   1.2905
   1.0000
   0.9873
   0.7566
   1.0000
   0.1327
   1.6543
   0.3225
   0.9316
   1.0000
   1.8174
   2.0662
   0.0791
   2.9711
   1.2977
   0.3966
   0.1066
   0.3302
   0.1530
   0.2204
   0.8205
   0.9823
   0.0885
   1.2682
   0.5861
   1.1683
   0.8050
   1.0000
   1.0000
   1.3615
   0.7272
   1.3728
   0.1625
   0.3645
   1.4742
   1.0000
   0.9096
   0.4963
   0.6769
   0.7568
   0.4958
   0.6065
   0.4652
   0.0649
   0.5086
   0.6336
   0.4558
   0.5897
   0.2750
   2.3021
   1.0000
   0.2490
   1.1356
   1.5421
   1.4802
   2.8349
   1.7497
   1.6179
   0.1884
   0.3398
   0.9474
   0.4071
   0.6007
   1.0609
   1.0654
   0.1254
   0.3559
   0.5457
   2.9136
   0.7083
   1.0456
   2.6682
   1.0000
   0.7073
   1.5633
   0.7799
   3.4203
   0.6918
   1.0000
   0.0498
   0.2435
   1.4447
   0.1650
   0.6697
   0.2830
   0.5494
   1.0000
   0.4884
   1.0000
   1.3977
   0.1987
   1.2679
   1.0000
   0.4461
   0.9735
   1.0000
   0.6540
   0.0193
   2.1380
   1.2543
   0.4465
   0.2574
   1.0000
   0.8382
   0.4941
   0.1375
   1.0785
   0.8327
   0.0932
   0.9278
   0.7236
   1.5088
   1.6015
   2.1006
   1.2666
   0.4053
   0.3449
   1.0000
   1.7471
   0.5670
   0.5158
   0.9328
   2.5099
   2.1206
   0.5335
   1.0259
   3.4796
   1.0000
   1.0545
   0.0711
   1.0000
   0.3976
   0.2136
   0.1960
   2.7787
   0.8976
   1.5991
   0.7224
   1.1011
   1.0000
   1.6059
   1.0000
   0.5266
   0.9172
   0.4119
   2.2556
   1.0000
   1.0000
   1.6650
   0.6922
   0.0659
   0.2453
   0.9039
   0.2746
   0.3687
   2.7063
   1.0000
   0.2722
   1.0000
   0.9527
   2.7292
   0.2282
   1.5544
   0.4258
   0.7666
   0.0863
   1.0000
   1.0064
   0.5535
   1.3329
   1.0000
   0.9387
   1.9102
   0.3207
   0.6130
   0.6940
   2.1896
   1.0405
   0.3826
   1.0000
   0.1776
   1.0000
   0.2030
   2.0259
   0.2690
   0.8510
   0.2550
   1.6902
   2.3173
   0.9712
   0.1597
   0.8266
   0.7966
   1.2096
   0.2177
   2.4032
   0.3895
   1.0000
   0.8765
   0.8113
   0.6271
   1.1393
   0.2293
   0.0331
   0.5047
   0.1835
   1.4434
   0.1505
   0.0462
   2.1538
   1.6361
   0.5215
   0.1113
   1.0124
   1.7431
   0.5121
   0.8139
   0.9885
   0.5892
   1.4410
   2.5546
   1.6972
   1.0000
   0.6774
   1.2587
   1.0000
   0.0640
   0.8270
   1.2914
   0.9957
   0.7105
   0.3753
   1.0000
   1.1056
   0.2619
   0.1235
   0.3087
   1.6209
   0.5136
   0.2664
   1.0198
   1.2020
   1.9006
   0.0003
   1.0000
   1.2916
   1.9823
   1.6319
   1.1004
   0.1536
   1.4689
   1.6353
   1.0000
   1.0000
   0.0894
   2.0258
   0.7059
   0.4582
   1.0358
   0.7018
   1.4941
   0.7979
   0.5436
   0.0159
   0.5123
   0.2108
   1.0000
   1.5145
   0.2710
   0.0620
   0.1707
   1.9324
   1.0000
   1.1344
   2.2285
   1.0000
   1.0950
   0.1544
   0.1001
   1.3578
   1.7251
   0.8079
   0.9215
   0.2282
   2.0589
   0.5888
   1.4901
   0.2419
   1.5805
   0.6181
   0.0553
   0.1665
   0.6665
   1.0000
   0.1750
   0.5058
   1.7553
   0.9146
   0.3659
   1.3090
   0.0146
   1.5580
   0.0852
   1.4045
   1.9725
   1.8049
   4.5841
   1.1048
   0.6750
   2.1358
   1.5471
   0.2935
   1.4385
   0.0096
   0.8650
   0.3275
   1.0000
   1.4501
   2.1827
   1.0000
   0.4964
   0.9702
   0.1807
   0.0847
   0.5453
   0.8902
   1.8134
   1.1337
   0.7755
   2.1098
   1.4389
   0.0989
   3.3373
   0.7228
   0.2648
   1.4554
   0.0880
   0.6968
   0.0708
   0.9448
   0.6017
   1.0000
   0.0731
   0.1735
   2.9394
   0.2543
   1.5750
   0.4048
   0.0311
   1.1024
   0.0034
   1.5083
   0.3783
   1.9021
   1.4368
   0.3659
   0.9752
   0.3267
   1.0638
   1.3283
   2.1890
   1.2551
   1.2490
   0.4314
   0.1096
   1.8701
   0.4342
   1.8614
   1.2360
   0.8320
   1.3575
   2.9033
   0.0168
   1.3093
   1.5951
   2.7491
   1.0000
   0.2757
   0.0540
   1.0800
   0.9394
   0.1536
   1.1272
   2.2591
   0.3518
   2.1630
   2.4015
   0.9201
   1.5184
   1.0000
   1.0236
   0.1163
   1.0000
   0.1075
   0.7805
   3.7256
   0.9529
   0.9543
   0.0328
   1.4068
   1.4641
   1.6569
   0.3052
   2.8147
   1.0000
   0.2701
   0.2047
   1.1114
   2.0686
   0.6783
   0.1658
   2.9615
   2.4666
   1.1688
   1.0754
   1.6162
   0.0065
   3.2270
   0.9867
   1.7742
   1.0000
   0.9314
   0.8111
   0.4303
   2.3305
   1.2239
   1.6041
   1.1364
   1.0000
   1.0526
   0.1721
   2.0344
   2.4847
   1.0047
   2.7953
   0.1613
   2.4543
   0.0337
   2.5915
   1.3905
   0.4354
   0.0884
   0.4941
   0.4388
   1.0000
   1.6522
   0.0067
   1.0000
   0.3825
   1.7631
   0.8393
   0.4905
   0.3811
   0.4726
   1.6194
   0.8403
   1.4489
   1.0000
   0.6888
   1.0000
   0.6105
   0.5690
   0.4381
   1.0965
   1.8305
   1.0000
   1.9188
   1.2424
   0.8738
   0.9023
   2.2599
   0.3115
   0.0822
   1.0000
   1.0000
   0.9213
   0.1496
   1.1693
   0.0584
   1.0000
   1.6183
   1.0000
   0.7673
   0.7224
   1.9886
   1.1188
   1.9351
   1.1498
   1.7832
   2.2096
   0.1337
   1.4820
   0.1269
   0.0629
   0.7475
   2.5153
   0.3459
   0.5827
   0.0329
   1.7157
   2.5958
   0.1130
   1.0471
   1.0000
   1.7760
   1.4046
   1.0000
   1.0000
   1.0052
   1.1779
   1.6890
   0.3474
   0.4218
   2.3128
   2.0474
   1.0000
   0.5910
   2.0943
   0.3212
   0.5942
   0.7453
   0.0577
   2.5478
   0.5870
   1.0000
   1.4704
   1.8349
   0.4086
   1.1465
   0.2014
   0.1308
   1.0000
   0.4029
   1.1287
   1.2397
   0.2120
   0.3025
   1.8194
   0.2640
   2.2357
   1.7944
   2.8628
   0.4219
   1.3138
   0.7842
   1.0000
   0.9058
   0.7540
   1.0928
   0.3068
   0.7488
   2.1122
   1.3258
   0.8653
   0.3463
   0.4085
   1.6330
   0.1751
   1.6486
   1.3221
   0.0760
   0.5265
   1.8344
   0.7770
   1.5670
   1.0000
   1.7057
   2.2041
   0.9445
   0.0618
   0.3846
   0.6340
   1.0461
   0.2359
   0.4932
   0.1544
   1.9076
   0.1696
   0.0522
   2.1803
   1.2937
   0.8866
   2.8634
   0.9874
   0.9412
   1.2581
   0.4143
   0.0570
   0.3761
   0.9559
   0.2384
   0.8625
   0.5552
   1.5315
   0.8416
   1.0000
   1.0000
   0.8240
   1.0000
   1.0000
   2.1447
   0.3580
   1.1861
   2.1548
   1.0000
   0.7616
   1.1341
   1.1172
   2.6400
   0.4218
   2.1662
   0.1141
   1.4546
   1.3919
   1.5599
   1.1954
   1.0000
   0.5910
   1.0772
   0.9099
   4.5331
   1.8177
   0.7731
   2.5733
   1.8925
   0.5006
   1.8000
   0.8413
   0.5372
   2.0667
   1.7664
   3.7496
   0.9650
   1.6007
   0.1961
   0.0449
   1.9740
   0.6694
   0.0241
   0.7682
   0.8020
   0.3752
   1.7309
   0.3922
   0.0891
   2.1139
   1.7243
   1.8616
   0.7113
   1.2030
   1.0000
   1.0214
   1.0000
   0.7999
   1.3936
   0.6696
   2.5439
   1.6853
   1.0000
   0.9564
   1.9932
   1.0000
   0.0211
   0.2973
   1.0000
   0.6846
   1.9130
   0.5965
   0.5344
   1.0000
   1.0000
   1.8116
   2.0624
   0.2562
   1.5982
   0.0101
   0.1238
   1.0000
   2.6277
   1.0000
   0.1399
   0.4464
   0.2471
   0.1330
   0.2724
   1.9658
   1.9320
   0.1579
   1.4628
   0.3771
   0.4450
   0.5972
   1.0386
   0.3642
   0.0637
   0.8641
   0.6837
   1.0000
   0.1456
   0.1534
   1.0315
   1.2036
   0.4436
   0.6383
   0.0788
   1.0000
   0.2906
   0.0726
   0.0760
   0.6443
   0.2375
   1.4971
   0.4057
   1.2417
   0.9053
   1.2384
   0.9835
   1.9178
   0.8155
   0.8829
   2.8316
   0.2410
   0.5649
   2.2872
   0.2669
   1.7077
   0.1283
   1.4293
   0.7237
   1.0000
   1.9109
   0.5635
   3.0589
   1.7020
   0.6149
   1.3850
   0.1608
   1.1889
   0.2852
   1.0000
   0.2979
   1.4104
   1.1308
   0.0168
   0.6871
   1.9370
   0.9496
   1.0000
   1.6811
   0.4938
   0.1741
   2.4577
   0.3438
   2.2313
   1.5512
   0.0823
   1.0056
   1.2285
   1.5125

