   0.1716
   0.7364
   1.2297
   1.4229
   0.3313
   1.9067
   1.3565
   0.9333
   1.9531
   1.5627
   2.1121
   0.3823
   0.1909
   0.9468
   0.6431
   0.6795
   0.6429
   0.7520
   0.3959
   0.6387
   2.1177
   0.9069
   0.7527
   0.7052
   0.5564
   0.7948
   0.5593
   1.1767
   0.3397
   0.3631
   1.0520
   2.1126
   0.2037
   1.4358
   1.1247
   0.7410
   0.5934
   0.8811
   1.1921
   0.5152
   0.6276
   1.2019
   0.8397
   0.8531
   3.3956
   0.7955
   0.8962
   0.9637
   1.1101
   0.7584
   0.7537
   0.6441
   0.6677
   0.1902
   0.7473
   0.4718
   2.0862
   2.2122
   0.2874
   0.2567
   2.9749
   0.8184
   0.8695
   0.6098
   0.7343
   1.2119
   0.4729
   0.5631
   1.4160
   1.9163
   0.3917
   0.5295
   1.7627
   0.4361
   0.7318
   0.1867
   0.8650
   0.7519
   0.6755
   0.3061
   1.1454
   0.6553
   1.3117
   0.8752
   0.4811
   0.6909
   1.0001
   1.3555
   2.8110
   1.9678
   1.3907
   1.0185
   0.8511
   1.7893
   0.8519
   0.9993
   0.7403
   1.1312
   0.8114
   1.6121
   1.1935
   0.7131
   0.8517
   0.9658
   0.5195
   0.4124
   1.0649
   1.2624
   0.5680
   0.8296
   0.7232
   1.2322
   1.5472
   0.6031
   0.3778
   0.5348
   0.8512
   1.9384
   1.2948
   1.6172
   2.3985
   1.3600
   1.8837
   1.0940
   1.4382
   1.4248
   0.9297
   0.9413
   0.3161
   0.4357
   0.8056
   0.9870
   1.0298
   0.6588
   0.3442
   0.8652
   0.6974
   1.2932
   0.3331
   0.5428
   0.5919
   0.4183
   0.8187
   1.4268
   0.9583
   2.5215
   1.0884
   1.8205
   1.0762
   0.9259
   0.5497
   1.4634
   1.4015
   1.2702
   1.3017
   0.5447
   1.7142
   0.4320
   0.2255
   0.5778
   0.6647
   1.9974
   0.8919
   1.5605
   1.2966
   1.4226
   0.5889
   1.1897
   0.7674
   0.9744
   0.3906
   1.0135
   0.2106
   1.2632
   0.9186
   0.6508
   0.5350
   0.3765
   1.0142
   0.9033
   0.4084
   1.0102
   0.2195
   0.2715
   0.9333
   1.4447
   1.0546
   0.8831
   0.8684
   1.1232
   1.3265
   0.8296
   0.4385
   0.5668
   1.6016
   0.6239
   1.0069
   0.9224
   1.0268
   0.4708
   0.5517
   1.0968
   0.3676
   0.8460
   3.9866
   0.6188
   0.9134
   0.3986
   0.6345
   1.8249
   1.3634
   1.0688
   1.0324
   0.4029
   0.9613
   0.6832
   0.6313
   0.3198
   0.2311
   0.3753
   0.4947
   0.7497
   1.5131
   0.6599
   1.0171
   1.5952
   2.6438
   0.2044
   0.4798
   0.2869
   1.2382
   0.8724
   0.4646
   1.4240
   1.3419
   0.8479
   0.7732
   1.8494
   0.4303
   2.4176
   4.4724
   1.6910
   0.7895
   0.7879
   1.1797
   2.1624
   0.9794
   0.4202
   2.0128
   1.8875
   0.2485
   0.8458
   0.2849
   1.1473
   0.6699
   1.0086
   0.7243
   1.5955
   1.1621
   0.7755
   0.4994
   0.5698
   0.7589
   1.1239
   0.7501
   1.1270
   0.9454
   1.0373
   0.9448
   1.1016
   0.8075
   0.5591
   1.3557
   0.4394
   0.8224
   0.3586
   0.8662
   0.8202
   0.7428
   0.9857
   1.2027
   0.3312
   1.3966
   1.9628
   0.7438
   0.8112
   0.5284
   1.6724
   0.1896
   0.9930
   0.8741
   0.9240
   0.6063
   1.5667
   0.4488
   0.8147
   2.7444
   1.0457
   1.2520
   0.6644
   0.5723
   1.3168
   1.1169
   0.3939
   0.6655
   1.2159
   0.4490
   3.5155
   0.7379
   0.3426
   0.7893
   1.0183
   0.8514
   0.1603
   0.6663
   1.4543
   0.8839
   0.7522
   0.1200
   0.9066
   1.2253
   1.2610
   1.5732
   1.0599
   1.7270
   0.5947
   0.9875
   1.7536
   1.1600
   0.5057
   0.4987
   1.4415
   0.6184
   2.7129
   0.3584
   1.1355
   0.4236
   0.3889
   1.0404
   1.0894
   1.1734
   1.7232
   1.2842
   0.9255
   1.8548
   0.5743
   1.6124
   0.6118
   1.8533
   0.1368
   3.1287
   0.5672
   0.3829
   1.1326
   1.6438
   0.8636
   1.1757
   2.1151
   1.3572
   0.2897
   0.6456
   0.5116
   1.4428
   0.9831
   0.3624
   0.2867
   1.2226
   0.7964
   1.4206
   0.5182
   0.4235
   0.5486
   0.7053
   1.0474
   0.3569
   1.0293
   0.2521
   0.4539
   0.9094
   1.2260
   1.1706
   0.8221
   1.2788
   1.2296
   0.6212
   0.8149
   0.7782
   1.0101
   0.4866
   0.4354
   0.2563
   0.6402
   1.6697
   0.7538
   1.3200
   1.7440
   1.3821
   0.7059
   0.4700
   0.8544
   1.0069
   0.4576
   0.6912
   0.1751
   1.3978
   0.5130
   0.8884
   0.4199
   0.2963
   1.0782
   0.5086
   0.5562
   0.6646
   3.3694
   0.6484
   0.8566
   2.7246
   0.4551
   0.5129
   2.1385
   0.5232
   0.6360
   0.8566
   1.0125
   1.0910
   0.6180
   1.0565
   0.6288
   0.7199
   0.7780
   0.8341
   1.1360
   0.5127
   0.7870
   1.5542
   0.9290
   1.0891
   1.1306
   0.6049
   0.5029
   1.1212
   0.5948
   1.0951
   0.8372
   0.3858
   0.3282
   0.5574
   0.6390
   0.4191
   0.9582
   0.8596
   2.4943
   1.1357
   1.8208
   0.3017
   1.6004
   0.9648
   0.5069
   0.4815
   0.3785
   1.6249
   0.5623
   0.9535
   0.5485
   0.9558
   0.8703
   0.2584
   0.4022
   1.5366
   1.2344
   1.1793
   0.7326
   1.4718
   2.1623
   1.2047
   1.0560
   1.9940
   0.4905
   0.4324
   0.7266
   1.4974
   0.9305
   0.4365
   0.5149
   0.6620
   2.7318
   0.7938
   0.8095
   0.5409
   1.5237
   1.0400
   0.8448
   1.5275
   1.7715
   0.9158
   0.6740
   0.4332
   1.9109
   0.8711
   0.3252
   1.5226
   1.5845
   0.5587
   0.9672
   0.9276
   0.5722
   0.7802
   0.5781
   0.7636
   0.9651
   0.2376
   2.2813
   0.4256
   0.7419
   1.5095
   1.1184
   0.5947
   0.3852
   0.8572
   0.2027
   1.3368
   0.9197
   0.6600
   0.6818
   0.4552
   1.1959
   1.3415
   0.9456
   1.4689
   0.4493
   0.4655
   0.7847
   2.4148
   2.5376
   1.5717
   0.8004
   1.0425
   2.2655
   0.7123
   1.9318
   1.7040
   1.2482
   1.0089
   0.8040
   0.3001
   0.9722
   0.6731
   0.5107
   0.8544
   1.9122
   1.2476
   2.1127
   1.1191
   1.6030
   1.7495
   0.4621
   0.2133
   0.7321
   0.4605
   1.4313
   0.5158
   2.3849
   0.6741
   2.3080
   0.8462
   0.9835
   0.3647
   1.5944
   0.4748
   0.8455
   0.1443
   0.6624
   0.5995
   1.2300
   1.3726
   0.5339
   1.7081
   0.2944
   1.4069
   2.0396
   1.0540
   1.1272
   1.5945
   0.9956
   0.4920
   0.8947
   1.5414
   1.2385
   0.6065
   0.8626
   0.4501
   1.3504
   0.8751
   1.0474
   1.9802
   0.9845
   0.1107
   2.9986
   0.9781
   0.8490
   0.7334
   1.2482
   0.3387
   1.0931
   1.0047
   0.9175
   1.3135
   0.7197
   1.2555
   0.4009
   0.6626
   0.7519
   1.2032
   0.9275
   1.3237
   1.5298
   1.2276
   1.6545
   1.2115
   2.3547
   1.1871
   0.5625
   0.8495
   0.9230
   1.4059
   0.9712
   0.4492
   0.4663
   1.0235
   0.6903
   1.7155
   0.6248
   0.7708
   0.9950
   0.9037
   1.5023
   1.4386
   0.8064
   0.8176
   0.9410
   0.4613
   2.0873
   1.4098
   0.9307
   0.5660
   1.2054
   0.4426
   1.6480
   0.7235
   0.3971
   1.0845
   1.2177
   1.0536
   1.1853
   0.7914
   2.0136
   0.4326
   1.5227
   1.5693
   1.3596
   0.9785
   0.5912
   0.8960
   1.2369
   0.8704
   0.6270
   0.6353
   1.3684
   2.0063
   0.7074
   0.6895
   0.8442
   1.8813
   0.6057
   1.9268
   1.4140
   1.5028
   0.7500
   0.6691
   0.9199
   0.6462
   0.8482
   1.9708
   0.5949
   0.6753
   0.4508
   1.0685
   0.8174
   0.4911
   0.9234
   0.9718
   1.2004
   0.5861
   0.9422
   0.5211
   0.9012
   1.6830
   0.6102
   1.2876
   1.4419
   0.5349
   1.3286
   0.6214
   1.1753
   0.8208
   0.3497
   0.7260
   1.2260
   0.5771
   1.6986
   3.9873
   0.6659
   0.9159
   0.5351
   0.4465
   0.6564
   0.9894
   0.8831
   0.3315
   0.6779
   0.9085
   1.6872
   2.7209
   2.2798
   0.3378
   1.3183
   0.5329
   0.2849
   1.6545
   1.1553
   1.8217
   0.9122
   0.6667
   0.3114
   0.8172
   0.5630
   0.7407
   1.3447
   0.4966
   1.4732
   1.9698
   0.7583
   1.0730
   0.6195
   0.6181
   1.4353
   2.0453
   0.7974
   2.1155
   0.6962
   1.5102
   0.4639
   0.5968
   0.3045
   1.7239
   0.9984
   0.4269
   1.4538
   0.8503
   1.9311
   1.4874
   0.8250
   0.4240
   1.1783
   1.0127
   0.6093
   0.7674
   2.0797
   0.6794
   1.2018
   1.3130
   0.2007
   0.8793
   0.9238
   1.3233
   1.2587
   0.7068
   0.7661
   0.6634
   1.2737
   1.8005
   1.6538
   0.5984
   0.2879
   1.3682
   0.2831
   0.6407
   0.9793
   1.1261
   1.0845
   1.3252
   0.9148
   0.9247
   0.6713
   1.0908
   1.6607
   0.7940
   1.8279
   0.9732
   2.1607
   0.8646
   0.6777
   0.8804
   0.7736
   0.7854
   0.8452
   1.6280
   0.6089
   0.4306
   0.9227
   1.0150
   0.7926
   0.1666
   0.3114
   0.6715
   0.8820
   1.1922
   0.7793
   0.3717
   1.1861
   0.5883
   1.3302
   1.4964
   0.2584
   0.6341
   0.8112
   1.0213
   0.5974
   1.6791
   1.7115
   0.5010
   1.1615
   0.7020
   1.0338
   0.9799
   0.9500
   1.1211
   0.4002
   2.2166
   0.4470
   0.2439
   0.6841
   0.9969
   1.0295
   0.2276
   0.9156
   2.8342
   1.2975
   0.6468
   1.1184
   1.5968
   0.5595
   1.4032
   1.4644
   1.4003
   0.5669
   1.3928
   0.7379
   0.4850
   0.7556
   1.2718
   1.3705
   0.5773
   0.3892
   0.8699
   1.8896
   0.6054
   5.3771
   1.1914
   1.1674
   0.6755
   0.6290
   0.7227
   0.3854
   0.2768
   0.4550
   1.3843
   0.6141
   0.7571
   0.6387
   1.2161
   1.3508
   0.7384
   0.7209
   1.3971
   1.4895
   0.3077
   1.5885
   1.3695
   0.9438
   1.2209
   0.8847
   0.6461
   1.0179
   1.0481
   0.8619
   3.0081
   1.5687
   0.9698
   0.1080
   0.4636
   0.9070
   1.0262
   1.1807
   0.4155
   0.8632
   0.2702
   1.1333
   1.0283
   1.7310
   0.5465
   1.4467
   1.4764
   1.0880
   0.3522
   1.6029
   1.1254
   1.1296
   1.6799
   0.7846
   1.4911
   1.1411
   1.1787
   0.5005
   0.6984
   0.9122
   0.3934
   1.0963
   0.4159
   1.7259
   0.8928
   0.3101
   0.5107
   1.0008
   1.7307
   1.0456
   0.3590
   0.7534
   1.9083
   1.1616
   0.5790
   0.6187
   2.4457
   1.0867
   0.7733
   0.9094
   1.2843
   0.8953
   0.4060
   0.2463
   1.7104
   0.7627
   1.2536
   0.8370
   0.6201
   1.1015
   0.3729
   0.4766
   1.6140
   1.7992
   0.5521
   1.1915
   0.5551
   1.5191
   0.4834
   0.6810
   0.7786
   0.7665
   0.7948
   0.4610
   1.1736
   1.1117
   1.0317
   1.0105
   0.5357
   0.8407
   0.5978
   1.2827
   2.2683
   1.3649
   0.8791
   0.2547
   0.8276
   0.9623
   1.3030
   1.2990
   1.2619
   0.3219
   0.6359
   0.4774
   1.9255
   0.4613
   1.1017
   1.4528
   0.5774
   1.1603
   0.7270
   2.6724
   1.1555
   0.4509

