   0.9231
   0.3613
   1.1243
   1.7788
   0.8225
   0.6124
   0.9842
   0.6820
   0.3154
   0.9540
   1.5197
   1.4157
   1.4389
   0.6650
   1.7788
   1.8495
   0.7309
   1.1228
   0.4812
   0.4794
   0.6574
   1.1321
   0.4186
   1.2550
   0.8258
   0.7439
   1.0243
   0.7996
   2.7343
   0.9540
   0.7722
   0.8752
   1.2226
   0.4509
   1.2245
   0.5197
   0.8159
   0.5905
   1.4237
   1.6062
   1.3483
   0.4901
   0.6998
   0.5997
   0.8712
   1.4118
   1.0912
   3.3896
   0.6687
   0.5230
   0.9034
   0.6599
   0.2703
   0.6083
   0.6595
   1.3598
   1.4534
   0.4278
   0.9996
   0.3876
   0.9670
   1.6248
   0.7055
   1.2902
   1.4485
   1.5327
   2.0127
   0.5412
   0.3300
   0.6641
   1.4534
   0.9896
   0.5641
   1.5005
   0.5693
   0.3401
   0.3380
   1.2527
   1.5807
   1.6466
   0.7073
   0.3575
   0.7978
   1.0756
   0.6197
   0.6479
   0.9749
   0.2762
   1.5359
   0.8786
   1.7775
   3.4432
   0.8405
   0.9824
   1.7357
   1.1440
   0.7332
   1.5063
   0.9328
   1.1604
   0.7021
   1.1041
   0.6609
   1.0685
   1.1726
   1.0692
   0.9962
   0.3462
   0.7671
   1.5936
   1.9613
   1.2441
   1.2712
   1.4567
   0.5053
   0.7062
   0.8402
   0.5434
   1.6509
   1.4109
   0.9025
   1.1509
   0.9134
   0.4776
   1.5776
   2.8128
   0.2621
   0.5983
   0.6251
   1.8950
   1.3719
   3.4572
   0.9713
   0.9988
   0.6150
   0.4880
   0.5048
   1.0706
   2.8530
   0.5745
   0.8889
   0.9282
   0.7752
   0.5569
   0.6751
   0.2394
   0.4107
   1.8215
   0.6775
   0.5865
   1.5529
   0.5788
   1.0595
   1.5506
   2.3629
   1.0980
   1.1115
   1.2742
   0.5886
   1.3691
   0.7640
   1.0289
   0.9306
   0.9280
   1.2153
   1.3294
   0.7983
   2.3128
   0.4786
   0.9356
   0.6223
   0.8029
   0.7842
   2.0844
   0.9838
   0.7082
   1.1365
   1.7426
   0.3455
   0.4405
   1.4580
   0.7399
   1.1338
   0.3851
   0.9212
   0.9281
   0.9899
   1.8621
   0.8376
   1.2458
   2.1716
   0.7459
   1.4347
   1.3412
   1.0981
   0.2815
   1.2410
   1.0446
   1.1157
   0.7024
   0.5123
   0.6511
   0.9467
   0.3811
   0.2917
   0.8014
   1.9873
   0.2675
   1.5538
   1.0063
   0.9549
   1.3000
   0.6963
   1.8346
   0.6065
   1.0488
   0.7658
   0.9598
   0.9229
   0.6342
   0.5728
   1.3223
   0.7403
   1.0807
   1.3868
   2.0416
   0.6969
   0.8585
   1.8447
   1.2891
   0.3912
   0.9093
   0.7446
   0.2702
   0.5149
   1.0185
   0.4179
   0.8278
   0.6506
   1.8449
   0.9761
   0.2905
   1.0454
   0.3125
   0.4595
   0.7612
   2.0679
   0.6572
   1.0647
   1.4267
   0.9224
   0.4389
   0.6419
   0.4646
   0.9486
   1.4489
   1.4982
   1.5425
   2.6042
   0.6794
   0.2108
   1.0249
   0.5763
   0.8250
   1.4969
   0.9638
   0.7597
   1.3439
   1.6812
   1.0330
   0.9733
   0.7974
   0.9080
   0.8246
   0.8821
   0.6229
   0.2567
   0.5618
   1.6275
   0.6861
   0.6076
   0.6093
   0.1507
   0.8132
   0.5491
   1.0176
   1.0796
   0.6410
   0.6061
   1.5814
   0.7941
   0.9925
   0.3582
   0.8245
   0.7508
   1.5466
   0.4847
   1.0686
   0.7717
   0.5352
   0.7147
   0.8506
   1.2970
   2.4374
   0.7105
   1.8350
   1.0082
   0.4491
   0.8186
   0.7561
   0.7840
   1.0202
   0.5303
   0.2915
   0.9201
   1.1117
   0.7205
   2.2623
   1.0150
   0.9725
   0.8794
   1.8023
   0.2223
   1.3513
   0.7760
   1.4975
   1.6253
   0.3985
   1.7261
   0.9780
   0.9270
   0.5943
   1.0623
   1.1427
   0.5193
   0.3192
   0.6662
   1.1419
   0.4922
   0.5741
   1.0093
   1.1237
   1.1952
   1.3848
   1.8666
   0.9262
   0.9150
   0.4753
   0.9722
   2.6155
   0.5086
   1.3029
   1.0208
   1.1680
   0.7077
   1.4195
   1.2764
   0.7950
   0.4217
   0.3337
   0.8026
   0.7799
   0.5452
   0.9237
   0.9168
   1.2317
   1.0855
   1.0005
   0.8483
   0.5331
   1.3726
   0.8862
   1.0166
   0.6880
   0.9715
   1.1106
   2.1085
   0.4087
   1.8561
   0.2161
   1.6587
   0.6552
   1.7222
   0.6918
   0.2704
   0.4189
   0.9078
   1.7915
   0.6327
   0.3834
   0.9009
   2.4379
   0.8047
   0.8697
   0.3941
   0.3833
   0.8634
   1.5309
   0.9117
   1.7256
   0.8451
   0.6247
   1.3965
   0.8015
   0.2483
   1.4842
   1.2009
   1.1631
   1.3986
   0.9211
   0.9300
   2.2647
   0.8748
   0.8174
   0.4800
   1.6775
   0.4809
   1.0638
   1.1738
   0.6817
   0.9555
   1.5094
   1.3152
   0.7431
   0.6981
   0.8378
   0.8248
   1.0233
   0.8661
   1.5942
   0.4761
   0.9907
   1.4682
   2.9557
   0.5781
   0.4453
   1.3177
   0.5102
   0.4573
   0.9642
   0.8369
   0.8883
   0.7111
   0.4173
   0.4281
   0.3416
   1.4429
   1.5014
   1.5924
   0.9697
   0.3110
   1.2880
   0.5639
   1.4617
   0.5122
   2.4772
   1.0567
   0.5239
   1.2140
   0.8704
   1.1689
   1.5344
   0.7489
   0.3351
   0.4194
   1.0834
   0.6324
   0.9952
   0.8811
   0.7384
   0.4201
   0.3939
   0.9884
   0.4879
   1.8072
   2.5240
   1.0320
   0.8532
   1.8949
   2.4522
   0.4663
   0.8186
   1.1417
   0.6012
   1.8746
   0.9906
   0.5873
   1.2858
   1.5010
   1.2631
   0.7614
   1.0529
   0.4254
   1.6934
   1.2905
   0.1964
   1.5340
   1.6199
   2.4581
   0.9571
   0.2595
   1.5432
   1.7318
   0.7651
   0.5890
   1.3931
   1.0602
   0.9161
   1.0600
   1.6954
   0.9857
   1.6242
   0.6960
   0.8658
   1.3373
   0.1663
   0.1995
   0.2937
   0.5790
   1.0665
   1.9892
   1.0020
   0.5167
   0.6492
   1.5554
   0.8883
   0.3978
   1.0702
   0.9233
   1.3473
   3.2800
   0.3236
   2.4814
   0.5458
   0.2718
   1.8771
   2.2230
   1.1215
   1.0798
   1.5797
   0.9418
   0.7566
   1.2877
   0.5132
   1.6616
   2.1019
   0.4700
   1.8936
   3.3610
   1.2288
   1.0310
   1.3566
   0.5509
   0.7469
   0.5676
   0.4540
   1.1711
   0.7004
   0.6269
   0.4681
   1.5296
   0.9882
   1.4714
   1.6145
   0.9589
   0.3453
   0.5589
   0.3511
   0.6802
   0.4848
   0.2679
   1.9179
   1.4906
   0.4235
   0.7638
   0.5999
   0.7698
   0.2601
   1.0139
   0.7231
   0.8545
   1.7188
   0.5459
   2.7709
   0.4320
   0.2345
   0.9422
   0.3933
   1.4121
   0.6267
   0.2818
   0.3208
   0.6960
   0.8845
   1.4111
   0.5127
   0.4588
   1.5918
   0.8284
   0.8606
   1.8280
   1.3465
   1.0564
   0.5645
   1.3699
   0.6647
   1.0755
   0.8104
   0.6666
   0.3927
   0.4347
   0.3554
   0.7624
   1.4154
   1.0198
   1.2144
   0.4689
   0.7641
   0.2942
   0.7489
   1.1948
   0.5042
   0.5015
   0.5783
   0.7926
   0.4275
   0.4225
   0.2843
   0.7103
   1.3265
   1.0427
   1.2991
   1.0073
   1.5656
   0.2673
   1.1829
   0.5259
   0.8446
   1.3311
   0.9828
   0.3809
   0.6886
   1.0180
   1.1943
   0.6457
   0.5210
   0.8663
   1.0292
   2.1760
   1.1623
   1.6907
   0.6994
   0.8698
   0.6578
   0.4608
   0.6382
   0.4441
   0.6602
   1.5842
   0.6107
   1.4448
   1.1227
   0.6001
   0.5385
   0.8573
   1.3460
   1.5768
   0.9430
   0.2930
   2.5275
   0.9069
   2.4994
   0.5085
   0.2958
   1.0842
   1.5577
   1.0732
   0.9814
   0.9100
   0.5390
   0.6615
   0.7332
   1.4708
   0.7513
   0.7696
   0.7036
   1.0272
   1.4288
   0.9351
   1.5619
   0.7051
   0.4090
   0.2808
   1.9080
   1.2042
   1.2071
   0.3913
   0.5784
   0.7922
   0.7511
   0.9724
   1.8135
   0.8692
   0.5643
   2.2677
   0.9430
   0.8053
   0.7541
   0.8130
   0.4238
   0.4751
   1.0997
   1.3148
   0.3451
   0.4920
   2.5906
   0.6052
   0.6741
   1.5035
   0.9482
   2.5690
   1.1909
   0.5041
   0.6103
   0.6770
   0.2095
   0.6415
   0.4431
   0.5133
   0.3517
   0.8577
   2.6124
   0.8365
   0.9653
   0.9659
   0.7247
   0.6366
   0.6537
   0.6726
   0.2731
   0.9365
   0.8639
   0.7588
   1.3267
   1.1145
   1.4507
   0.6105
   0.6777
   1.6535
   1.2906
   0.5004
   0.4012
   0.9862
   1.4232
   0.7355
   1.0988
   0.5928
   0.5861
   1.3698
   0.3414
   0.7908
   1.2021
   0.2996
   0.3686
   0.8239
   2.7823
   0.5191
   0.4724
   0.8430
   1.1322
   1.1552
   0.4603
   1.3144
   0.8297
   1.0607
   1.1959
   0.9872
   2.0990
   1.0211
   0.1874
   0.7632
   1.0146
   1.0426
   1.6866
   0.5253
   0.4255
   0.5687
   0.3445
   0.4538
   1.6561
   2.2833
   1.3133
   0.6680
   0.4196
   0.9898
   0.8886
   0.4777
   0.7528
   0.6217
   0.8885
   1.0738
   1.8611
   0.8515
   1.2752
   1.5936
   0.9773
   0.3178
   0.3194
   0.4663
   0.8151
   1.0201
   1.7306
   0.5075
   0.5657
   0.4993
   2.0760
   0.2575
   0.6084
   1.0006
   0.8892
   0.5820
   1.3481
   1.4438
   1.5564
   2.7565
   1.5011
   1.2817
   0.8486
   0.8105
   1.6071
   1.3806
   1.4220
   1.0978
   0.6967
   1.0423
   1.3752
   0.6818
   2.2425
   0.6737
   1.3764
   1.1978
   1.3492
   1.5304
   1.0089
   0.3324
   1.1364
   0.7521
   0.7978
   0.4781
   1.0432
   0.5884
   0.8831
   1.7506
   1.7538
   1.9119
   2.6727
   1.2318
   1.2833
   0.7124
   0.8366
   1.4565
   0.7406
   0.9592
   0.3091
   0.4279
   1.1228
   0.7720
   0.7331
   0.4482
   1.1683
   0.9665
   2.2321
   0.8173
   0.4601
   0.5094
   0.9626
   0.9370
   0.6078
   1.1238
   1.4424
   0.4569
   0.5988
   0.9389
   0.7548
   1.1178
   1.4364
   1.9296
   0.6931
   1.7408
   2.1064
   0.5730
   0.7265
   0.1622
   0.8641
   0.5404
   1.7289
   1.1134
   0.4146
   0.7796
   1.9863
   0.6293
   0.6021
   1.9584
   0.7682
   2.0053
   1.5888
   1.0182
   0.3895
   0.7302
   0.9555
   2.1268
   1.9603
   0.4066
   2.4971
   0.3298
   0.5701
   1.2283
   1.3202
   1.0195
   0.5103
   0.9115
   0.5353
   1.4015
   0.5710
   1.2684
   0.3649
   0.9028
   0.2446
   0.5083
   2.6165
   0.8521
   1.7058
   1.1020
   0.9099
   0.4336
   0.2377
   0.8145
   0.5450
   0.7553
   1.2354
   0.5769
   1.3101
   1.4063
   2.2537
   1.3185
   0.1997
   1.1590
   1.3975
   1.4372
   1.0495
   0.7987
   0.7606
   0.9399
   1.0160
   3.7182
   0.5246
   2.2335
   0.8056
   0.6878
   0.4500
   0.3455
   0.5079
   1.3271
   0.5476
   0.9880
   1.0616
   0.6307
   0.7137
   0.5490
   1.5410
   1.2446
   1.2555
   1.2607
   0.5276
   0.6615
   0.2963
   0.9014
   0.4406
   1.1252
   0.8051
   0.6979
   0.8761
   2.0626
   1.5691
   0.5161
   1.6625
   1.5381
   0.6373
   1.2280
   0.7948
   0.9713
   2.1634
   0.8830
   0.5688
   1.3123
   0.3432
   0.3020
   0.7533
   0.9000
   0.7442

