   0.6974
   1.0000
   0.5676
   0.5820
   1.4262
   2.0449
   0.7361
   1.4044
   0.5140
   1.0000
   1.0000
   0.9300
   1.3894
   0.3286
   0.4857
   1.0437
   1.3360
   0.7329
   0.6770
   0.7361
   1.6042
   0.9132
   1.0000
   1.5321
   1.0000
   1.5875
   0.5876
   0.6606
   1.0000
   1.0724
   1.4849
   0.5750
   0.5515
   0.3213
   1.0458
   0.9434
   1.1748
   0.9894
   0.9361
   1.2162
   0.5653
   0.6976
   0.5295
   0.7907
   0.1472
   1.1561
   1.3964
   0.7077
   0.7680
   0.8979
   0.4668
   1.0000
   1.0000
   1.0000
   1.3558
   0.7003
   0.6640
   0.5600
   1.0059
   1.3494
   1.4949
   0.8758
   0.9588
   0.5959
   1.5504
   1.6681
   0.5997
   1.9531
   0.9412
   1.0326
   1.4799
   0.8941
   1.3505
   1.0000
   1.1625
   1.0673
   0.5807
   0.7880
   0.3970
   1.0799
   0.6225
   1.0000
   0.7490
   1.1584
   1.6822
   0.6521
   1.3026
   0.8798
   1.1716
   0.9230
   0.7540
   1.0552
   1.2897
   0.9625
   0.3257
   1.0387
   1.0000
   0.7990
   1.7057
   0.5597
   0.6848
   1.2873
   0.9672
   0.5041
   1.0329
   1.1345
   0.7890
   1.0622
   1.0588
   1.0982
   1.1397
   1.2977
   1.0548
   1.0000
   1.0000
   0.8830
   0.7490
   0.9378
   1.2998
   0.4495
   0.6644
   1.1189
   0.9978
   0.6082
   0.8105
   1.3303
   0.6750
   1.0000
   0.8794
   0.8283
   1.0000
   1.2899
   1.0000
   0.6935
   1.0000
   0.6067
   1.0985
   0.8500
   1.7916
   1.2016
   1.3049
   0.7406
   1.0000
   0.9261
   1.3813
   0.5755
   1.0000
   0.2680
   1.0000
   1.0032
   0.5680
   1.2222
   0.7068
   0.9380
   1.2499
   0.9230
   1.0000
   0.9058
   0.7006
   1.3251
   1.2517
   1.3986
   0.7742
   0.4076
   1.1662
   0.5978
   1.4218
   1.1197
   1.0000
   0.4639
   0.6897
   1.3771
   0.9401
   1.7907
   1.3429
   0.6451
   1.0000
   1.0993
   0.6187
   1.1417
   0.9747
   1.4864
   0.4915
   1.0289
   1.0000
   1.2792
   1.1199
   0.9806
   0.5148
   1.0000
   1.5602
   1.0000
   0.8311
   1.1861
   0.6145
   0.4145
   1.0000
   1.0000
   1.6341
   1.1279
   1.0742
   1.3719
   0.8543
   1.7872
   0.7678
   1.0098
   0.5540
   1.6798
   1.0948
   1.5457
   1.1808
   1.1269
   0.5268
   1.2191
   1.0000
   1.0000
   0.7501
   1.4916
   0.6706
   1.2446
   0.5143
   1.0231
   1.1481
   1.0000
   1.3434
   0.6456
   0.7180
   0.9134
   0.1991
   0.3128
   0.9928
   1.1340
   0.8972
   1.0000
   1.0860
   0.6760
   0.8008
   1.6133
   0.5894
   0.9114
   1.0000
   0.5402
   1.7687
   1.0906
   0.5541
   1.0000
   1.3293
   0.4626
   0.6729
   1.4457
   1.4635
   0.9711
   0.4400
   1.4250
   0.7295
   1.8262
   1.0693
   1.0000
   1.0000
   1.5642
   1.1146
   0.7351
   1.6416
   1.2833
   0.6359
   0.7338
   1.0000
   1.3953
   0.9107
   0.9528
   1.0000
   0.8582
   1.0000
   1.0000
   0.7609
   1.0000
   1.3302
   1.5841
   1.1512
   0.6643
   0.9451
   0.6205
   0.5565
   0.6187
   1.0000
   1.0000
   1.5535
   0.6333
   0.3257
   1.6360
   1.0438
   1.0687
   0.6968
   1.3406
   1.0000
   0.9266
   0.9866
   0.5337
   0.7805
   0.9295
   1.0001
   0.7178
   1.0000
   0.8823
   0.9929
   0.4385
   1.1512
   0.9210
   0.4917
   1.0000
   0.7547
   0.7777
   1.9950
   0.6160
   1.0000
   0.8480
   1.3433
   0.4847
   1.0000
   1.6716
   0.6025
   1.0000
   2.0253
   1.3324
   0.7676
   1.4498
   0.5456
   1.5446
   1.3258
   0.7757
   1.0752
   1.2526
   1.0000
   0.9120
   1.5954
   1.1917
   1.4559
   1.7569
   1.0000
   0.6279
   0.9487
   1.3558
   0.4478
   1.0000
   1.0494
   0.3856
   1.0437
   0.5502
   1.0000
   0.8798
   1.0000
   1.0111
   1.4464
   1.0000
   0.9610
   0.9020
   1.0000
   0.8073
   0.9188
   1.1666
   1.3752
   0.5845
   1.0817
   0.8519
   1.6934
   1.0000
   1.0000
   1.3217
   0.6326
   0.6893
   1.5832
   1.2047
   0.4437
   0.5976
   0.4999
   1.4102
   1.2926
   1.0000
   0.9452
   0.5118
   1.0071
   1.2682
   0.8480
   1.0000
   0.5466
   0.8229
   0.6330
   1.0000
   0.5624
   0.7078
   0.3828
   0.8955
   1.2475
   1.2279
   1.3330
   2.1186
   1.4912
   1.1586
   0.6315
   1.4086
   0.7593
   1.0000
   0.7877
   0.6757
   0.8502
   0.7751
   1.0000
   1.0536
   1.0000
   1.2873
   0.8832
   1.5063
   1.9992
   1.0538
   0.7287
   2.4988
   1.1500
   0.5419
   0.8172
   1.0029
   1.5987
   0.7377
   1.0000
   1.0713
   1.2632
   1.3722
   0.8184
   0.9916
   1.0000
   1.1032
   0.6487
   0.9938
   0.7468
   1.1735
   1.1891
   0.7436
   1.0998
   0.8271
   1.0883
   0.9578
   0.6194
   1.8440
   1.1308
   1.1596
   1.1190
   1.0000
   1.6039
   1.0000
   1.0000
   0.9736
   1.2378
   0.9685
   1.0210
   0.5359
   1.2460
   1.3479
   1.4929
   1.4149
   0.6183
   1.7127
   0.4644
   1.4896
   0.9412
   1.0511
   0.9916
   0.7565
   1.0000
   1.0000
   0.5043
   1.2568
   2.1856
   1.0000
   1.2182
   1.0000
   1.0000
   1.0659
   1.0539
   1.0000
   1.0000
   0.9762
   0.5304
   1.7025
   1.0000
   1.5150
   1.2431
   1.0000
   1.0136
   0.9982
   1.3414
   0.7803
   0.6454
   1.1426
   0.3760
   0.5392
   1.0000
   1.7086
   1.0000
   1.1689
   0.6155
   1.4226
   0.4618
   1.0000
   0.8472
   0.8515
   1.4555
   1.2392
   1.2288
   0.5229
   0.8996
   1.0947
   1.1705
   1.2955
   1.5664
   1.7152
   1.1230
   1.6143
   0.6174
   0.6000
   1.0000
   1.0000
   0.6245
   0.7894
   0.7701
   0.5931
   0.9982
   0.6469
   1.1029
   0.8293
   1.0557
   0.9838
   0.8078
   0.6561
   0.7123
   1.0000
   1.0000
   1.0000
   1.0971
   1.0000
   1.0000
   0.4628
   0.8677
   1.0000
   1.1779
   1.4579
   1.0040
   0.3225
   1.0278
   0.9181
   0.8971
   0.4664
   1.0000
   1.0000
   0.3281
   0.5477
   1.6307
   1.0000
   0.8314
   0.9852
   0.9718
   0.7942
   1.0000
   0.7164
   0.4154
   1.5933
   1.3113
   1.7437
   0.7116
   0.8205
   0.7137
   0.9004
   0.7874
   1.0931
   1.1126
   1.0295
   0.8331
   1.3260
   1.0000
   1.4450
   1.0000
   1.1054
   0.5852
   1.4852
   0.7733
   1.0000
   0.8833
   0.8243
   0.5812
   1.5245
   1.3826
   0.8916
   0.6029
   0.6443
   0.8301
   0.6539
   0.7335
   1.3536
   1.7386
   0.7191
   0.3934
   1.4475
   1.3214
   0.7662
   0.6632
   0.6935
   2.1358
   0.6496
   1.0323
   1.0000
   0.8735
   0.6516
   0.8016
   1.2473
   1.0504
   0.6955
   1.1984
   1.4362
   1.1995
   0.5669
   1.4953
   1.2998
   1.0000
   0.6772
   1.4956
   1.3278
   1.0000
   1.3125
   0.6032
   0.8120
   1.0000
   0.5880
   0.9350
   1.8251
   1.0000
   0.9379
   1.3800
   0.8229
   0.8976
   0.7412
   1.0828
   1.0000
   0.5559
   0.9416
   1.0973
   0.5879
   0.8337
   0.6722
   1.9826
   1.2498
   0.8933
   0.8664
   0.9121
   0.8616
   1.2363
   0.6585
   1.2599
   0.1825
   0.4093
   1.2333
   0.6064
   1.5885
   1.4090
   1.7803
   0.9148
   1.0000
   1.0000
   0.3732
   1.1998
   1.4789
   1.1414
   0.8109
   1.0237
   1.1593
   1.1213
   1.2550
   0.8889
   1.1556
   0.8788
   0.3948
   1.4303
   0.6124
   1.0000
   1.0000
   0.8351
   1.5387
   2.1505
   1.5189
   0.7655
   1.1675
   0.6403
   0.3690
   0.8296
   0.5246
   0.6432
   1.0263
   0.7196
   1.3806
   0.5223
   1.0642
   1.0000
   1.1191
   1.1865
   1.1929
   0.8663
   1.0000
   0.5786
   1.0000
   0.7475
   1.0050
   1.4542
   1.3737
   1.1863
   1.6981
   0.5253
   1.2495
   1.0524
   0.9074
   1.4739
   0.7682
   0.5690
   0.8706
   1.0000
   0.7885
   0.5034
   0.9055
   0.8815
   0.8419
   1.0000
   0.8581
   0.6683
   1.0000
   0.5638
   1.2602
   1.2154
   1.0000
   1.4452
   1.0185
   0.9962
   0.8945
   0.6644
   1.0999
   1.0000
   1.0109
   0.7311
   1.5899
   0.6499
   1.3535
   1.0000
   1.4761
   0.5855
   0.8085
   0.9726
   2.2801
   1.1887
   1.5575
   0.8265
   0.7787
   1.0000
   1.3105
   0.7108
   1.0302
   0.8108
   0.9902
   0.9467
   1.0000
   1.2089
   1.5609
   0.8336
   1.0000
   0.8885
   1.1073
   0.7792
   1.3146
   0.4991
   0.9035
   0.6049
   0.8768
   0.9801
   0.7735
   1.0000
   1.0000
   1.0837
   0.8385
   1.7861
   0.7682
   1.0000
   0.9563
   0.3924
   1.0398
   1.4852
   0.8836
   0.8114
   0.3332
   1.4897
   0.7195
   1.2745
   1.0000
   0.3502
   0.4919
   1.5408
   0.7051
   1.0000
   0.9646
   1.4345
   1.8898
   0.2931
   0.7768
   1.0000
   1.0140
   1.2793
   0.6273
   1.2317
   1.2179
   0.9327
   0.8443
   1.7149
   1.0863
   1.5498
   1.5236
   1.0581
   0.4909
   1.3772
   0.5152
   0.8111
   1.0298
   0.6594
   1.2372
   1.2744
   0.3782
   0.9422
   1.0000
   0.5228
   1.5204
   1.2477
   0.8120
   0.8975
   0.8218
   1.5864
   0.8109
   1.1921
   1.5220
   1.0057
   1.3971
   1.2102
   1.0000
   1.1097
   1.3880
   0.6167
   1.0000
   0.6169
   0.5911
   0.8063
   0.5317
   0.8165
   1.0766
   0.8933
   1.0877
   1.1898
   0.4366
   1.0000
   1.2245
   1.4051
   1.0000
   0.9737
   0.8678
   1.1031
   0.9855
   1.0112
   0.7904
   1.9007
   1.8764
   0.9017
   1.4531
   1.2789
   0.6967
   1.1097
   1.4002
   0.9576
   0.8691
   1.2008
   1.0829
   0.8803
   1.0000
   0.9416
   1.4532
   0.9986
   0.7583
   0.6942
   0.9022
   0.4412
   1.0000
   1.8085
   0.9901
   0.8290
   0.5871
   1.0094
   1.4193
   1.0498
   0.6393
   0.8335
   1.0000
   1.1188
   1.3423
   1.0000
   0.7181
   0.3578
   0.5295
   0.7648
   0.5850
   1.4114
   0.5798
   1.5683
   1.2793
   0.9386
   0.9529
   0.7857
   0.9204
   1.2749
   1.3057
   1.0544
   1.2599
   1.4675
   1.0000
   0.4961
   0.2768
   0.9085
   0.7145
   0.6880
   1.5725
   0.9612
   0.6665
   0.9158
   0.4770
   0.6317
   1.1812
   1.0230
   1.0000
   0.9703
   1.0000
   1.0000
   0.6559
   0.8739
   1.0000
   0.7679
   1.0000
   0.8514
   1.0510
   1.0000
   0.6855
   1.1560
   1.3593
   1.1357
   1.0261
   1.2769
   0.8096
   0.6821
   0.4641
   1.0000
   1.0000
   0.9725
   1.0000
   1.1067
   1.2801
   1.0000
   1.8341
   0.9960
   1.2481
   1.0983
   0.4002
   0.6516
   1.0187
   1.1404
   1.0000
   0.8956
   0.5318
   1.0763
   1.0000
   1.4666
   1.5641
   0.8234
   1.0000
   1.4359
   1.3087
   1.6801
   1.0000
   0.7929
   0.8311
   1.1795
   0.6885
   1.3806
   0.5623
   1.2712
   0.7602
   1.7642
   0.3892
   1.3487
   1.0000
   0.9448
   0.8776
   0.6735
   0.7572

