   1.2739
   0.6771
   0.5316
   0.9525
   1.4373
   0.8849
   0.6839
   0.7609
   0.3336
   0.6864
   0.4150
   1.3121
   0.6444
   0.3964
   0.7047
   1.0662
   1.1703
   0.4365
   1.7382
   1.0523
   0.6724
   0.4818
   1.0514
   1.2228
   0.8400
   1.6281
   1.0684
   1.2145
   0.6706
   0.5962
   1.0828
   0.5581
   1.3921
   1.2312
   0.5893
   0.7169
   0.5723
   0.4969
   0.7056
   1.2811
   0.8036
   0.9053
   0.8762
   0.7421
   0.5858
   1.3219
   0.3995
   0.6303
   1.1794
   1.0124
   0.9877
   1.5292
   0.4741
   0.9047
   1.0424
   0.6673
   0.7111
   1.0521
   0.4764
   0.8967
   0.6489
   1.2458
   0.5285
   0.6066
   1.2217
   0.5541
   0.7226
   0.2438
   2.1093
   1.1668
   1.4744
   0.9640
   1.1737
   1.7527
   1.3837
   0.9378
   0.5303
   1.1317
   2.0260
   0.5404
   0.8801
   0.6715
   0.8642
   0.8493
   0.4571
   0.8087
   1.5370
   0.5580
   1.3469
   1.0893
   0.5478
   0.9098
   0.8952
   0.2870
   1.1754
   0.9787
   0.8837
   0.3124
   0.5800
   0.7984
   0.6214
   0.6102
   2.3748
   1.5778
   0.4125
   0.6270
   1.3043
   0.4947
   1.8668
   0.6670
   0.4520
   1.1651
   0.6058
   0.9857
   0.8451
   1.2189
   0.3376
   1.4983
   1.1137
   0.6674
   0.5202
   0.8913
   0.6343
   0.5861
   1.2264
   1.4136
   0.9450
   0.4903
   1.3898
   2.0753
   0.7366
   1.1085
   2.6708
   0.3971
   0.5022
   1.1184
   1.2873
   0.9793
   0.6575
   0.6766
   1.1591
   0.5116
   1.8508
   1.5980
   0.4196
   1.2734
   0.3207
   1.4421
   0.3364
   0.9534
   1.7581
   0.6247
   0.9735
   0.5323
   0.6543
   0.8474
   1.0131
   1.6133
   0.9100
   0.9396
   1.5727
   0.3923
   1.4098
   0.5980
   0.2986
   0.8316
   0.5021
   0.7846
   2.7273
   2.3643
   0.5341
   1.0873
   1.9340
   0.7684
   1.4178
   0.4514
   1.8769
   1.1778
   1.3697
   1.3376
   1.0931
   1.2869
   0.9571
   2.6423
   0.8188
   0.6128
   0.6728
   0.6770
   0.4164
   0.3280
   1.8172
   1.2280
   1.8509
   1.5065
   1.6593
   1.0239
   0.7436
   0.2667
   0.7786
   1.6353
   1.3425
   1.5741
   0.3267
   1.3795
   2.0474
   0.5455
   0.6287
   1.6968
   0.8289
   1.2720
   1.4388
   0.7323
   0.8149
   1.2571
   0.2303
   0.5603
   2.9748
   1.2041
   1.2992
   0.8265
   0.9616
   1.7622
   1.0057
   0.8329
   1.8643
   0.6142
   0.4445
   1.4653
   0.4131
   1.3869
   2.1866
   0.4616
   1.1075
   2.6221
   0.6814
   0.8075
   0.8958
   0.9473
   1.7089
   0.9265
   0.7940
   0.4289
   0.3987
   2.1718
   0.2346
   1.4759
   1.0484
   0.9392
   0.6344
   0.6877
   0.7309
   0.6024
   0.7866
   1.0085
   0.9343
   1.2169
   0.5031
   0.8243
   1.1423
   0.4119
   0.6474
   0.4087
   0.7603
   0.8565
   1.0851
   1.5506
   1.7951
   0.3578
   0.7923
   0.2837
   1.4636
   0.9122
   0.7610
   1.3379
   1.3452
   0.4704
   0.4775
   0.3250
   0.6093
   0.9411
   1.0333
   0.5195
   1.1614
   0.5214
   1.0704
   1.0392
   0.9458
   0.7442
   0.5365
   0.9967
   0.8720
   1.4733
   1.8503
   0.5570
   1.0659
   0.4367
   1.5166
   0.7256
   0.5095
   0.9770
   0.6072
   1.0753
   1.5418
   0.7887
   1.1451
   1.0971
   0.4196
   0.9347
   0.7455
   0.5691
   0.5867
   0.8469
   0.8707
   0.8950
   0.8623
   0.3263
   0.8177
   0.5383
   0.8327
   1.4734
   0.6410
   0.9640
   1.0469
   2.8690
   1.0953
   0.5238
   0.8080
   2.3026
   0.5081
   1.2240
   2.2858
   1.0082
   1.6316
   1.5848
   0.3973
   1.7356
   0.6642
   0.5509
   0.4551
   0.3440
   0.8572
   2.8681
   1.4132
   1.5446
   0.7298
   1.1378
   0.5360
   1.4904
   0.8393
   0.8236
   0.9465
   1.8185
   1.0084
   0.9246
   2.0510
   1.6237
   0.8190
   0.6791
   0.8350
   0.7558
   0.6018
   2.5247
   1.0561
   0.6296
   1.4440
   0.6260
   0.6795
   0.2472
   0.3775
   0.5045
   0.8757
   1.8091
   0.7477
   0.4759
   0.4489
   1.1186
   0.7124
   1.1026
   1.0447
   1.1439
   0.9172
   1.2489
   0.8861
   0.8390
   2.3702
   1.1938
   1.1621
   2.6933
   0.4538
   1.0691
   0.9896
   1.5266
   0.5706
   1.1766
   1.1842
   1.4634
   0.7255
   0.9652
   1.1057
   0.5249
   1.7467
   0.6368
   1.8678
   0.8555
   1.5197
   0.8139
   0.5427
   1.6266
   0.7978
   0.7125
   0.4400
   0.9842
   0.8831
   0.9677
   1.8785
   0.4703
   0.6510
   2.0232
   2.9076
   1.7997
   0.8269
   0.3844
   0.8612
   1.0176
   0.6657
   0.5796
   1.8856
   0.4038
   1.2578
   0.8794
   0.7024
   1.5937
   0.8931
   0.7980
   0.5477
   1.2821
   1.0906
   1.1947
   0.8216
   1.0340
   1.1413
   1.1597
   0.7801
   1.7743
   0.5032
   1.0836
   0.5770
   1.2795
   1.1001
   1.2001
   0.7447
   0.5501
   1.4328
   0.5799
   0.8325
   0.4105
   0.7921
   1.7409
   1.3966
   1.0185
   0.6341
   1.1981
   1.4875
   0.4923
   0.4431
   0.8750
   1.5466
   1.0755
   2.1646
   0.6060
   0.6369
   0.8284
   0.7345
   0.5061
   0.8679
   0.6983
   0.2495
   1.6255
   1.0422
   0.4804
   1.1189
   0.9493
   1.3043
   0.8823
   2.8073
   1.4234
   0.2402
   1.0106
   2.6192
   0.2521
   0.7657
   0.9857
   0.4704
   0.9050
   2.4169
   1.1572
   1.0314
   0.6005
   0.1952
   1.3636
   3.4269
   1.2278
   1.1477
   0.8499
   0.9816
   0.4961
   1.3316
   0.3219
   1.6794
   0.4906
   0.4840
   0.9361
   1.2838
   2.1630
   1.2515
   0.5964
   0.5100
   0.5703
   0.4753
   0.6978
   1.3913
   2.9953
   1.0388
   1.1013
   0.7154
   0.2029
   0.1678
   1.0112
   0.2828
   2.0230
   1.1333
   0.9528
   0.7919
   4.3178
   1.7769
   0.4235
   1.9329
   0.8139
   2.3631
   0.5035
   1.5602
   0.3129
   1.7561
   0.6390
   0.6579
   0.6422
   2.0908
   0.4592
   0.2922
   1.7347
   0.2274
   0.2999
   2.1812
   0.5324
   1.0684
   0.7311
   1.0892
   0.8917
   1.7005
   0.4929
   1.5383
   0.6559
   0.8891
   1.8218
   1.5614
   1.7868
   0.9293
   0.3419
   1.2001
   1.7680
   1.0284
   1.2797
   1.0428
   0.5188
   0.6645
   0.6145
   1.4318
   0.4051
   1.3113
   0.3959
   0.3122
   0.3467
   1.2255
   0.2181
   0.6859
   0.6619
   0.4053
   1.6832
   0.7648
   0.7690
   0.8673
   1.1283
   1.4046
   0.6462
   0.9164
   1.5286
   1.0211
   1.1885
   1.4820
   0.8974
   0.5992
   0.6302
   1.7265
   0.8852
   0.5783
   1.8064
   0.6626
   0.6586
   2.5372
   1.0049
   1.5836
   0.8059
   1.8737
   0.3517
   1.1951
   1.1987
   1.6813
   0.5500
   0.5374
   1.8057
   1.0178
   0.8513
   0.5410
   0.9888
   0.7546
   0.8991
   0.4211
   1.7921
   0.6229
   1.6846
   0.9131
   1.3913
   0.6139
   0.5323
   2.4677
   1.3696
   1.3512
   0.7078
   0.7606
   0.5923
   0.5046
   0.4259
   0.4508
   0.6313
   0.5459
   0.9852
   0.2568
   0.3862
   0.3765
   0.5066
   0.3993
   1.9764
   0.7699
   1.0095
   1.5514
   1.7099
   1.1611
   0.6889
   0.3092
   0.5467
   0.8835
   0.7621
   1.2963
   1.1931
   0.6477
   0.9314
   0.4953
   1.0469
   1.0827
   0.6729
   0.9278
   0.8199
   0.6518
   1.0562
   1.1286
   0.6188
   0.6047
   0.7615
   0.7448
   0.7401
   0.5844
   2.2507
   1.2499
   0.4346
   2.0526
   1.3577
   0.9115
   0.4457
   0.4144
   0.5853
   1.7744
   0.2611
   0.5016
   3.1987
   0.4373
   0.7604
   1.5868
   1.3849
   1.0021
   0.6233
   1.1726
   1.2304
   1.6497
   0.3993
   1.0082
   1.1108
   1.0036
   0.7194
   1.4487
   0.2900
   1.1078
   0.4674
   0.6447
   1.2471
   0.7564
   0.4443
   1.8040
   0.3828
   0.5222
   0.8638
   0.3198
   0.3490
   2.0938
   1.2118
   2.6409
   1.2632
   0.2621
   0.6366
   0.5843
   1.0039
   1.4037
   0.7280
   0.4658
   0.9424
   0.1578
   1.8147
   0.5018
   0.4611
   1.9588
   0.8933
   0.4288
   0.3911
   0.9217
   0.9584
   0.6500
   0.8656
   0.2572
   0.5874
   1.1578
   1.4836
   0.8961
   1.0100
   0.8567
   0.5447
   1.1625
   1.9240
   0.8130
   0.6587
   0.7840
   1.9455
   0.3307
   0.6574
   1.5955
   0.4424
   0.4878
   1.5683
   1.5258
   0.3079
   0.6302
   0.6117
   0.4231
   0.9877
   0.6678
   0.3927
   1.0814
   0.6845
   0.8564
   0.8500
   1.0491
   2.0391
   1.3108
   0.8759
   1.5462
   1.9145
   1.2928
   0.4879
   1.9678
   0.5386
   1.9555
   0.6187
   1.4379
   0.6583
   0.8820
   1.0033
   1.4939
   0.5141
   1.2790
   0.9014
   0.9082
   1.5279
   1.9420
   2.1187
   1.1859
   0.7742
   0.8132
   0.8705
   1.3766
   1.6946
   0.9905
   0.6803
   0.1803
   0.8190
   0.9713
   0.8828
   2.1435
   1.5222
   0.8794
   0.8936
   1.1193
   1.3367
   1.7411
   1.0190
   1.1525
   0.7142
   0.3038
   1.0913
   0.8210
   3.2497
   1.0653
   0.7327
   1.4833
   1.5620
   1.9737
   0.4997
   1.1361
   0.6224
   1.1663
   1.4514
   0.2713
   0.6674
   0.2502
   2.4521
   0.6963
   0.4790
   0.7451
   1.6353
   0.3259
   0.9773
   0.4153
   0.9395
   1.7241
   0.4342
   1.6960
   1.1601
   0.5195
   1.2595
   0.2251
   1.8008
   0.4676
   1.3156
   1.0149
   0.2922
   0.7195
   0.2796
   0.8664
   1.9495
   0.8948
   1.0814
   0.6595
   0.8504
   0.3758
   2.2735
   0.9433
   1.0676
   0.2868
   0.6814
   1.0304
   0.6503
   1.9028
   1.2356
   0.5864
   0.6897
   0.9352
   0.5010
   1.8544
   0.5727
   0.5814
   0.8304
   2.0413
   1.0767
   1.5025
   1.0233
   0.8400
   1.3678
   0.4698
   0.2533
   0.7034
   0.6057
   0.5559
   0.5922
   0.6900
   0.5697
   0.6508
   1.0073
   1.2269
   1.0362
   1.2100
   0.7404
   0.7016
   0.3573
   2.2082
   1.8112
   1.0375
   0.7462
   0.8720
   0.4792
   0.8410
   0.5899
   1.7957
   0.3352
   2.1776
   0.6919
   0.4178
   0.5047
   0.9813
   0.8462
   0.4166
   0.9406
   1.3099
   0.7767
   1.1505
   1.3010
   0.7067
   0.6147
   0.9721
   1.5344
   0.9420
   1.3522
   0.3151
   0.6577
   1.0806
   0.8204
   0.8883
   0.9219
   0.7844
   0.8343
   1.6876
   1.1370
   1.0185
   1.5228
   0.6755
   0.4101
   0.2296
   0.2252
   1.4150
   0.4581
   0.4800
   0.5665
   0.0949
   1.6831
   0.7583
   1.0164
   1.3588
   0.6951
   0.4767
   1.1059
   0.6340
   0.9376
   1.2422
   0.9811
   0.9833
   2.2343
   1.5918
   0.9646
   1.0478
   1.2758
   0.9513
   1.0962
   0.8868
   3.1110
   1.0168
   0.4306
   1.6701
   1.4198
   0.4765
   1.6747
   1.0329
   0.8761
   0.2557
   1.2922
   0.3292
   1.1403
   0.6330
   0.6511
   1.1534
   0.5924
   1.9557
   1.3742
   0.4632
   0.8111

