   2.3275
   1.0189
   0.8340
   0.5162
   1.5659
   1.6877
   1.0725
   1.0928
   1.8379
   0.5863
   0.5569
   1.0394
   0.6674
   0.9907
   1.1737
   1.4205
   0.1620
   1.3293
   2.3631
   0.7769
   0.7156
   1.8632
   0.4641
   0.2928
   0.9456
   0.2540
   1.0068
   1.2664
   0.7666
   1.3949
   1.0878
   1.2516
   1.0378
   1.1531
   0.8605
   1.3981
   0.3921
   1.1249
   0.4117
   1.1875
   0.2747
   1.0626
   0.5946
   1.4646
   2.9447
   0.6249
   0.7276
   1.3691
   0.3981
   0.5556
   1.8690
   0.7966
   1.2834
   0.6603
   0.9350
   0.5818
   0.9440
   0.9708
   1.3283
   1.0628
   0.9323
   1.0570
   0.7064
   0.2821
   1.0460
   0.5910
   0.7511
   1.6155
   0.8119
   0.7332
   0.3751
   1.7755
   0.3122
   1.6900
   1.1680
   2.2137
   0.3070
   2.5648
   0.4932
   0.2376
   1.1923
   0.3578
   1.2800
   1.7285
   1.0154
   0.3289
   1.5879
   0.3800
   0.4721
   0.4813
   0.8237
   0.8941
   0.6582
   1.0481
   0.8637
   1.6882
   1.3638
   1.3265
   0.4841
   1.2275
   0.8215
   1.3751
   1.0462
   1.1000
   1.2050
   0.7273
   0.2702
   0.5974
   1.7169
   0.3728
   0.9474
   1.9997
   1.1578
   0.5619
   1.5083
   0.8500
   1.1852
   0.5439
   0.8763
   2.2059
   0.9935
   0.6005
   0.5420
   0.3645
   1.4469
   0.8247
   0.5295
   0.8576
   1.1039
   1.0875
   2.4287
   0.3784
   0.2983
   0.7078
   0.5940
   1.0418
   1.6154
   0.7735
   1.2312
   1.0667
   1.2620
   2.0944
   1.1691
   0.6661
   0.9769
   2.0827
   0.6680
   0.5768
   2.2947
   0.2532
   0.9053
   0.9566
   1.7798
   1.4305
   0.3739
   1.3360
   1.0610
   0.4900
   2.0613
   0.6925
   1.7853
   1.8645
   2.1391
   0.7578
   1.2855
   0.3148
   0.5529
   0.9698
   0.7752
   0.9404
   0.7025
   1.6062
   1.6505
   0.5442
   0.9289
   1.1910
   1.3606
   0.8404
   0.7828
   0.9996
   0.6326
   1.4365
   0.8452
   1.4986
   0.6370
   0.9838
   1.2674
   1.0101
   0.1828
   0.7012
   0.7736
   0.7057
   1.0971
   0.3494
   0.6286
   1.0839
   0.8556
   0.5489
   2.3021
   0.9103
   1.2702
   0.3362
   0.7409
   0.7821
   1.4809
   1.3464
   1.1768
   0.0932
   1.0296
   0.7803
   1.6424
   0.9774
   0.1799
   1.0152
   2.1725
   1.0885
   0.7950
   0.8634
   0.2248
   0.2743
   0.4333
   0.8358
   1.1125
   1.1117
   0.4603
   0.7879
   0.8699
   0.3222
   0.6508
   1.6406
   1.8531
   0.8786
   0.7387
   1.3158
   0.2893
   0.5236
   1.3666
   0.6995
   0.5397
   1.6174
   0.7066
   0.6234
   0.5337
   1.3121
   0.5256
   0.8763
   0.5012
   1.1937
   0.8364
   0.7428
   0.4468
   1.3470
   0.8949
   0.5719
   1.3775
   1.0828
   1.1747
   0.7914
   0.1914
   0.8248
   1.4960
   0.2625
   0.8170
   1.4222
   1.0251
   0.7717
   0.4921
   0.9511
   0.7578
   1.2575
   0.3042
   1.4907
   0.9642
   1.1540
   0.8269
   0.1639
   0.9285
   0.9359
   0.3542
   0.2257
   1.8537
   0.4556
   1.2484
   0.9328
   0.9545
   1.2538
   0.4622
   1.1167
   2.4042
   1.1284
   1.5398
   1.1691
   0.3804
   1.2559
   2.0715
   1.6549
   0.4765
   0.3825
   1.0791
   1.3302
   0.6358
   0.5994
   0.4876
   0.7869
   0.9382
   0.8019
   1.4503
   0.5260
   0.8413
   0.6154
   1.5348
   1.8187
   1.6134
   1.0997
   1.1913
   1.0656
   1.7566
   0.9444
   0.6911
   0.6609
   1.3596
   0.7103
   0.4123
   0.5873
   0.9859
   0.7505
   0.7615
   0.7916
   0.8076
   0.5385
   1.1993
   1.0847
   0.9759
   1.8597
   0.5036
   0.7931
   0.7116
   1.2289
   0.8872
   0.6730
   0.2261
   1.2572
   0.8328
   0.8754
   0.5873
   0.7696
   1.3549
   0.6050
   0.9425
   0.3575
   0.7867
   0.5249
   0.6733
   0.7344
   0.7691
   0.7517
   0.3213
   1.4313
   0.9723
   0.8010
   1.0819
   1.6328
   1.2296
   0.2503
   0.8223
   0.6609
   0.6684
   1.2928
   0.9480
   2.5962
   0.6888
   0.6613
   1.5357
   0.5325
   0.2534
   0.5735
   2.0799
   0.9868
   1.1164
   1.7990
   2.0914
   0.8848
   0.9738
   0.7413
   1.0084
   0.5158
   0.7803
   0.8461
   0.6487
   1.2306
   1.0754
   2.7289
   1.1716
   0.6791
   0.8159
   2.0654
   0.7949
   0.7594
   0.3089
   2.0658
   0.5563
   1.2641
   1.0462
   1.3899
   1.2994
   1.1372
   0.3614
   1.9104
   0.2849
   0.8364
   1.7873
   1.4557
   0.7368
   0.4395
   3.1179
   0.6563
   0.6542
   1.4288
   1.3101
   1.3801
   2.0068
   0.6786
   1.3872
   0.2861
   0.9296
   1.4837
   0.4929
   1.1543
   0.8679
   0.7748
   0.5649
   1.5951
   0.7917
   1.0314
   1.4371
   1.8891
   1.6419
   1.1226
   1.0231
   1.2422
   0.7943
   1.5070
   1.8818
   1.8268
   0.4175
   0.9233
   0.5699
   0.4916
   0.6467
   0.6488
   0.5803
   0.9838
   0.5277
   1.3317
   1.1145
   1.1051
   0.4172
   0.9532
   1.1299
   1.5990
   1.2854
   0.4105
   0.4318
   1.5561
   2.0856
   1.5250
   1.5701
   0.8458
   0.9879
   0.7660
   0.5300
   0.4047
   0.6867
   1.7790
   0.6960
   0.3915
   0.9360
   0.7382
   1.8761
   0.6177
   0.6118
   0.3530
   0.7985
   0.2342
   0.9777
   0.8182
   1.5036
   0.6177
   1.2572
   1.5847
   1.0288
   1.1506
   0.5752
   1.7175
   1.6914
   0.3600
   2.1663
   1.2646
   0.5893
   0.6428
   0.8881
   0.9480
   0.8136
   0.7950
   0.7373
   1.5310
   0.8968
   1.1446
   1.6099
   1.3102
   0.4653
   1.0974
   0.3544
   0.5768
   0.2830
   1.0001
   1.7548
   0.7840
   0.9027
   0.9362
   0.9054
   0.6321
   1.5303
   1.1134
   0.3447
   0.7129
   0.5869
   0.3817
   1.4095
   1.0868
   0.9818
   0.6736
   0.8624
   0.8756
   0.9607
   1.7874
   1.4554
   1.9325
   0.5620
   1.2991
   0.6610
   0.5474
   0.3813
   0.2399
   0.4779
   2.1632
   2.1634
   0.5152
   0.6485
   0.8393
   0.5596
   0.7667
   0.7854
   1.4619
   1.2322
   0.8552
   1.6450
   0.8421
   1.3965
   0.9893
   1.3467
   1.6348
   0.4394
   1.2207
   0.7803
   1.0670
   2.4898
   0.6547
   1.9457
   1.4845
   0.7503
   1.4620
   0.3822
   2.0751
   0.6087
   0.6013
   1.0320
   0.8992
   0.9276
   0.9483
   0.7897
   1.2316
   0.5258
   0.8432
   0.7397
   1.4100
   1.3013
   1.3995
   0.5100
   0.9831
   1.0368
   2.2928
   0.9403
   1.4960
   2.9174
   3.0263
   0.5312
   1.1796
   0.7346
   0.7550
   0.5612
   1.5847
   1.7031
   0.3086
   1.0282
   0.8028
   1.0156
   0.6263
   1.0642
   1.1154
   0.5780
   1.5140
   0.9088
   0.7049
   1.2772
   0.4586
   0.6540
   0.3858
   0.5871
   1.4244
   0.8442
   1.6462
   0.9469
   1.9665
   1.6084
   0.6001
   0.4914
   0.5448
   1.0009
   0.8328
   0.7191
   0.2405
   0.6852
   1.7611
   0.4575
   1.4199
   0.3153
   1.1882
   1.6911
   1.2293
   0.5708
   1.3341
   1.2094
   0.4531
   1.7491
   0.7147
   0.9714
   1.0161
   0.9855
   0.8362
   2.3950
   0.4307
   1.1147
   0.9511
   0.8786
   1.1452
   0.7982
   0.3233
   0.8292
   2.6292
   0.6037
   1.5668
   1.2193
   1.2727
   0.8976
   1.5283
   1.3066
   0.5725
   0.3296
   1.8444
   0.6768
   1.1118
   1.0645
   0.6780
   0.7013
   0.7676
   1.3935
   1.7998
   0.3723
   1.0447
   1.2143
   2.9002
   1.1549
   1.0964
   0.8080
   0.6133
   0.9282
   0.6370
   2.1866
   0.5199
   0.6769
   0.4400
   1.8758
   0.3212
   1.0929
   2.2709
   1.3101
   0.9028
   1.6083
   0.8689
   1.2349
   1.3322
   0.5066
   0.9479
   1.1925
   0.8852
   0.4350
   1.0405
   0.7206
   0.6143
   1.2353
   0.8888
   0.1406
   1.9905
   0.7050
   1.1349
   1.0228
   0.4666
   0.8307
   0.9155
   0.6495
   0.5561
   0.4358
   0.2877
   0.6680
   0.4429
   0.1823
   1.2849
   0.5123
   1.0257
   1.4167
   0.7193
   0.7148
   0.6790
   0.2595
   0.2501
   2.2468
   1.1943
   1.0444
   0.5021
   0.9618
   0.5791
   1.8936
   1.4552
   0.6358
   1.0094
   1.9446
   1.8706
   0.4272
   1.5819
   0.4642
   0.6630
   0.7425
   0.6044
   0.8723
   0.7467
   1.1002
   1.5082
   0.9326
   0.5745
   2.6439
   1.0120
   1.3220
   0.6824
   2.1108
   0.6747
   0.7713
   0.7638
   0.9703
   1.8873
   0.8306
   0.9099
   0.8706
   0.6221
   1.3524
   0.6451
   0.6300
   1.3587
   0.5515
   1.0509
   0.7940
   0.7684
   0.5821
   0.5943
   0.5728
   1.1529
   0.2432
   0.7052
   0.3234
   2.1251
   0.6680
   1.0923
   0.5950
   2.7621
   0.9718
   0.5023
   0.5465
   0.8297
   0.9015
   0.4872
   1.0113
   0.4754
   0.3700
   0.7095
   0.7209
   0.9563
   0.6257
   1.0656
   0.8548
   2.1862
   2.0021
   1.7128
   0.6613
   0.6540
   1.0229
   1.2459
   0.5731
   0.3633
   0.6125
   0.4594
   1.1109
   1.2411
   0.9080
   1.6725
   0.6442
   1.8097
   0.8298
   0.6878
   0.9568
   0.5409
   0.6822
   0.3452
   0.4753
   1.3451
   0.6466
   0.4142
   0.5056
   1.7473
   1.4588
   0.3517
   0.6718
   0.8460
   1.0904
   1.5324
   0.6811
   0.7953
   1.4410
   0.7482
   2.4448
   1.4520
   0.7766
   0.2014
   0.5787
   0.4640
   1.3142
   0.9421
   1.0620
   0.4759
   0.7720
   0.3302
   1.6313
   0.8598
   0.3447
   0.8339
   0.7269
   0.2575
   0.4042
   1.8519
   1.7510
   0.3454
   1.5063
   0.7057
   0.5108
   1.7876
   1.1684
   0.7083
   2.6618
   0.5114
   0.3020
   1.5671
   0.7316
   1.0804
   0.8296
   0.9710
   0.7099
   0.5406
   1.8529
   1.0415
   1.0612
   0.8779
   1.3951
   0.7787
   1.4713
   0.4020
   1.5660
   1.0805
   1.6014
   1.0344
   1.3322
   0.7162
   1.2688
   0.8372
   1.6079
   0.7636
   0.5650
   1.3516
   0.8115
   1.5477
   0.7702
   0.2366
   1.4027
   0.8422
   0.6158
   1.0626
   2.1059
   0.8545
   0.8049
   1.1666
   1.3238
   0.7679
   0.2705
   0.6906
   1.1560
   1.7167
   0.7694
   1.8678
   0.6815
   1.3090
   0.8831
   1.3261
   1.7325
   0.9514
   0.7966
   0.6569
   0.8641
   1.3925
   0.5914
   0.9742
   1.0999
   0.6044
   0.4897
   1.6158
   0.8817
   0.8437
   0.8662
   0.4548
   0.9198
   1.2414
   1.4853
   1.1437
   1.1861
   0.8937
   0.3806
   0.8114
   1.1418
   1.0309
   0.9056
   1.8883
   1.4548
   0.6631
   0.5300
   1.6512
   0.4189
   0.8383
   1.3554
   1.1951
   1.0049
   1.2586
   0.4193
   1.3480
   1.4364
   1.2398
   0.9569
   0.5787
   1.2746
   0.3985
   1.1997
   0.7410
   1.0787
   0.9079
   1.2354
   0.9681
   0.5424
   0.9908
   0.4773
   1.0369
   1.7123
   0.8719
   1.2419
   0.5279
   1.3146
   1.6253
   1.2600
   0.7444
   1.6421
   0.9533
   0.8347
   1.5501
   0.5943
   0.8831

