  6.7624e-001
  1.8048e-001
  3.0195e-001
  3.0853e-001
  3.0286e-001
  3.0217e-001
  2.1077e-001
  3.1476e+000
  2.8757e-001
  5.4441e-002
  1.0561e+000
  4.8514e-003
  1.1172e+000
  1.1360e+000
  1.6631e-002
  5.1883e-001
  6.3268e-001
  1.1615e+000
  1.7223e+000
  8.1794e-002
  3.3453e-001
  1.1466e+000
  1.5167e+000
  6.4014e-002
  8.1299e-001
  3.5157e-001
  2.9449e-001
  2.0794e+000
  6.4347e+000
  7.2225e-001
  1.7513e-001
  5.3218e+000
  1.1488e-002
  2.7094e+000
  2.5569e-001
  1.6828e+000
  1.0735e+000
  1.9138e+000
  1.7792e+000
  3.9359e-001
  2.4028e-001
  3.3192e+000
  8.7617e-001
  1.8122e-001
  1.2913e-001
  6.0160e-001
  1.7943e+000
  2.6239e-001
  1.4722e-001
  2.6395e-001
  1.3893e+000
  1.6939e-001
  5.6085e-001
  2.2385e+000
  1.3111e-001
  7.2366e-001
  1.2207e-001
  1.2494e+000
  1.7848e+000
  3.2227e-001
  3.8670e-001
  5.4518e-002
  1.2324e-001
  8.6454e-001
  2.1704e-001
  4.6900e-001
  5.3508e-001
  3.2906e-001
  1.0092e+000
  1.5451e-001
  1.1104e+000
  3.1985e-001
  3.7663e-001
  4.2181e-001
  7.4661e-001
  8.3204e-001
  1.4413e+000
  9.8153e-001
  8.8796e-001
  1.3957e-001
  1.4500e-001
  3.4093e-001
  2.3977e+000
  3.4994e-001
  2.9548e+000
  2.2233e-001
  7.9019e-001
  2.2438e-001
  3.5849e-001
  1.7498e+000
  9.2997e-002
  2.1269e-001
  3.5738e+000
  7.6313e-001
  4.9501e-002
  5.1737e-002
  2.8627e+000
  4.2551e-001
  1.0922e-001
  1.2928e+000
  5.3984e-001
  2.0534e+000
  9.9794e-001
  2.6294e-001
  9.1145e-001
  1.6267e-001
  2.1446e-001
  3.6679e-001
  5.2864e-001
  4.4584e-001
  2.9497e-001
  1.3061e+000
  6.0534e-001
  5.3237e-001
  3.0297e-001
  8.3694e-001
  9.9498e-001
  5.8192e-001
  1.3092e+000
  6.8103e-001
  5.3428e-001
  5.0319e-001
  3.2955e-001
  8.4339e-001
  2.0197e+000
  4.9341e+000
  1.0365e-001
  5.0575e-002
  7.6051e-001
  2.0896e-001
  2.1925e+000
  4.8101e-002
  1.2062e-001
  1.2870e+000
  2.8547e-001
  4.6457e-001
  7.8033e-001
  2.0738e+000
  1.6704e-001
  8.4529e-001
  2.7054e+000
  1.9448e-001
  2.6678e-002
  4.3820e-001
  5.2899e-001
  8.4587e-002
  2.0637e-001
  2.1870e-002
  1.1676e-001
  4.8818e-001
  1.7567e-001
  1.4898e-001
  6.3557e-001
  5.9942e-001
  1.4821e+000
  1.8428e+000
  6.3175e+000
  5.2559e-001
  1.1451e+000
  1.7537e-001
  5.5081e+000
  9.2243e-001
  9.7376e-001
  1.9526e-001
  2.3520e-001
  2.0198e-001
  1.0444e-001
  7.9850e-002
  2.6044e-001
  2.9722e-002
  2.4381e-001
  3.6664e-002
  6.5900e-001
  4.6689e-001
  2.7812e+000
  2.3566e-001
  2.5313e-001
  1.2381e+000
  6.8436e-001
  2.4593e-001
  1.4897e-001
  6.7863e-001
  4.7825e-001
  3.5037e-001
  2.5587e+000
  6.0755e-001
  7.7807e-001
  1.8020e-001
  1.3197e-001
  2.5184e-001
  3.9652e-001
  2.7404e-001
  4.7666e-001
  2.0471e+000
  5.8853e-002
  9.4551e-003
  1.0824e-001
  1.1061e+001
  2.9381e+000
  1.8285e-001
  4.5385e-001
  1.0786e-001
  3.5627e-001
  3.3453e-001
  1.4390e+000
  3.9281e-001
  1.0336e-001
  3.5541e+000
  6.6791e+000
  4.4839e-001
  3.5502e-001
  5.6949e+000
  1.8154e+000
  9.8584e-001
  1.1146e+000
  2.5573e+000
  4.8917e-001
  7.6498e-001
  1.1108e-001
  2.0108e-001
  6.4748e-001
  1.0079e+000
  8.5698e-003
  1.0166e+000
  4.2698e-001
  3.8095e+000
  5.6730e-003
  1.5862e-001
  1.0156e-001
  9.6570e-001
  4.0360e-001
  7.2716e-001
  2.7536e-002
  3.7233e-002
  1.2939e+000
  3.3495e-001
  6.9831e-001
  6.0172e-001
  2.2192e-001
  7.5885e-001
  2.1864e+000
  2.1645e-001
  7.1437e-002
  3.1890e-001
  2.2801e-003
  2.8060e+000
  7.7518e-001
  4.0983e-001
  3.7513e-001
  4.2293e+000
  1.5649e-001
  4.1239e-001
  1.7405e+000
  1.0552e+000
  2.3379e+000
  3.4427e+000
  2.1000e+000
  2.7081e-001
  4.5942e-001
  4.2621e-001
  2.3614e-001
  1.0656e+000
  1.0141e-001
  5.7656e-001
  2.7937e-001
  1.3249e+000
  1.0528e+000
  2.3182e-001
  1.8050e+000
  2.3034e-001
  1.7636e+000
  2.2159e-001
  4.0151e-001
  9.6114e-001
  7.4214e-001
  3.8681e+000
  4.7179e+000
  9.9664e-001
  3.0453e-001
  2.5258e-001
  6.2935e-001
  6.4457e-001
  7.4179e-001
  3.2891e-001
  6.5842e-001
  5.9746e+000
  5.7772e-001
  1.1476e+000
  7.2083e+000
  8.6823e-002
  8.8300e-002
  2.6148e+000
  2.5228e-002
  1.7425e+000
  5.8647e-001
  4.3672e-002
  2.0585e-001
  1.1512e+000
  2.7119e+000
  1.0701e-001
  3.2370e-001
  4.0456e-001
  9.5443e-001
  2.4659e-001
  3.5682e-002
  6.9904e-001
  1.4702e+000
  2.8720e+000
  8.0128e-002
  1.8654e+000
  1.1902e-001
  5.8223e-002
  4.0008e+000
  1.0699e+000
  4.7930e-001
  5.0913e-001
  1.6930e-001
  2.4210e+000
  9.6418e-001
  1.8720e+000
  1.0447e-001
  1.7860e-001
  7.7856e-001
  5.8944e-001
  3.4568e-002
  6.2634e-002
  4.0916e-002
  2.1565e-001
  5.6074e-001
  1.5577e-001
  1.0553e+000
  4.8887e+000
  6.8813e+000
  5.7516e-001
  4.5230e-001
  1.7616e+000
  7.8569e-001
  7.3694e-001
  9.4605e-001
  6.5176e-001
  1.0902e-001
  9.0802e-001
  7.7658e-001
  3.7727e+000
  5.9410e-001
  1.2390e+000
  1.3870e+000
  3.0127e+000
  9.0183e-001
  5.1929e-001
  1.6005e+000
  5.0017e-002
  2.0643e+000
  2.9778e-001
  1.0274e+000
  3.2585e-001
  1.6820e-001
  1.1503e+000
  2.4106e-001
  1.1292e+000
  8.7880e-001
  3.9247e-001
  2.1585e-001
  8.5187e-001
  1.7319e-001
  1.1401e+000
  1.8091e-001
  2.0228e-001
  1.4361e+000
  5.9130e-001
  1.1303e-001
  4.5464e+000
  3.4849e-001
  1.0365e-001
  2.8909e+000
  8.1155e-001
  3.0695e-001
  5.4318e+000
  1.7302e-001
  3.1727e-001
  9.6875e-002
  5.1888e-001
  8.1169e-001
  7.2534e-001
  4.6034e-001
  2.3063e-001
  3.1022e+000
  2.4295e-002
  3.0537e+000
  2.6725e+000
  5.0640e-001
  4.6555e-001
  5.7744e-001
  1.0332e+000
  6.8975e-001
  8.0934e-001
  2.0652e-001
  1.1298e-001
  3.1109e-001
  6.5918e-001
  2.3584e+000
  4.5247e-002
  1.0587e+000
  3.0705e-001
  2.7428e-001
  5.3520e-001
  8.7327e-002
  7.4522e-001
  7.5220e-003
  2.1367e-002
  6.7786e-001
  2.7612e+000
  1.0288e+001
  5.9793e-002
  4.9381e-001
  3.5498e-001
  1.2678e-001
  1.9205e+000
  2.5569e-001
  2.1708e-001
  6.2056e-001
  3.4719e-001
  8.1537e-001
  1.0380e+000
  1.2280e+000
  3.1467e-001
  3.1281e-001
  7.1256e+000
  1.3264e+000
  3.4698e+000
  4.6891e-001
  9.9405e+000
  8.6817e-002
  1.1975e+000
  2.4728e-001
  8.4264e-001
  1.0129e+000
  1.1136e+000
  9.5624e-001
  4.4256e-001
  7.6047e-001
  3.0326e-001
  7.3489e-002
  1.7421e-001
  1.2186e-001
  1.2021e+000
  2.2430e+000
  1.0231e+000
  3.5792e-002
  9.2356e-001
  1.8632e+000
  4.9786e-001
  1.9023e-001
  1.8173e-001
  1.4328e+000
  9.7216e-002
  3.4281e-001
  5.2603e-001
  9.9078e-001
  7.4337e+000
  1.4798e+000
  1.5699e+000
  3.2995e+000
  4.2096e-001
  6.2347e-001
  1.3338e+000
  6.9597e-001
  8.0650e-001
  1.9293e+000
  7.7417e-002
  3.2134e-001
  5.2143e-001
  2.8634e-001
  1.8832e+000
  3.8486e-001
  7.9372e-001
  8.0734e-001
  3.3000e-001
  5.3611e+000
  2.5982e+000
  3.9307e-001
  5.8852e-001
  5.9334e-001
  2.4459e-001
  5.3154e-002
  1.1659e+000
  2.3001e-001
  1.3397e+000
  4.0661e-001
  2.4423e-001
  7.1324e-001
  1.0586e-001
  3.4467e-001
  1.0395e-001
  3.2526e-001
  7.9608e-001
  9.9863e-001
  2.1458e-001
  1.4654e-001
  9.7586e-002
  2.6155e+000
  8.3470e-001
  1.4843e+000
  2.0150e-001
  6.5597e-001
  2.1782e+000
  2.4052e-001
  1.4808e-001
  6.1715e-001
  3.7418e-001
  6.0647e-001
  8.0261e-001
  1.1752e+000
  4.6481e-001
  1.6340e-001
  1.1455e+000
  3.1630e-001
  2.5040e-001
  2.5202e-001
  6.2261e+000
  2.2541e+000
  1.2541e-001
  6.9250e-001
  1.0112e+000
  5.2481e-001
  4.0932e+000
  8.4289e-001
  1.7866e-001
  1.3655e+000
  8.5187e-002
  2.0345e-002
  2.4305e-001
  3.1809e-001
  1.9506e+000
  4.8996e-001
  9.6142e-001
  1.3349e-001
  6.3047e-001
  3.8824e-001
  1.5568e-001
  1.3948e-001
  8.7372e+000
  4.5891e+000
  1.4426e-001
  1.7140e-001
  1.0987e+000
  2.0357e+000
  1.0611e+000
  1.7017e+000
  6.5859e-001
  1.0250e+000
  1.0540e+000
  9.0066e-002
  2.1842e-001
  1.4238e+000
  6.1340e-001
  3.4731e-001
  4.0397e-001
  3.2116e-001
  3.9076e-001
  4.7417e-001
  1.7912e+000
  5.8786e-001
  5.1110e-001
  2.7205e-001
  5.1570e-001
  7.3151e-001
  2.5402e-001
  2.8659e-001
  3.0676e-001
  9.6843e-001
  5.5732e-001
  6.6341e-001
  5.7707e-001
  1.8761e+000
  1.5976e+000
  1.0568e+000
  5.4216e-002
  1.5341e+000
  3.5334e-001
  5.5213e-002
  8.0333e-001
  1.5505e+000
  3.4007e-001
  9.8357e-001
  7.5309e+000
  9.2815e-001
  6.1290e-002
  1.4674e-001
  2.0358e+000
  8.1549e-002
  2.4869e-001
  4.8050e-001
  3.2704e-001
  2.3280e+000
  4.9847e-001
  2.6340e-002
  5.9371e-001
  5.6895e-001
  2.6563e-001
  1.6874e+000
  1.1021e+000
  1.7747e+000
  7.8625e+000
  8.1369e-001
  1.8893e+000
  6.1259e-002
  5.5321e-001
  2.7096e-001
  7.8053e-001
  2.2590e-001
  2.6813e-001
  4.3900e-001
  2.2446e+000
  4.8270e-001
  4.2993e+000
  2.3774e+000
  2.6640e-001
  2.6932e-001
  3.4017e-001
  4.8051e+000
  1.5240e-001
  4.8251e-002
  9.4409e-001
  7.7838e-001
  6.4990e+000
  3.2378e-001
  1.0219e+000
  7.1492e-002
  7.6453e-001
  1.5221e-001
  5.0677e-001
  5.0004e-001
  6.1621e-002
  9.5541e-001
  1.7469e+000
  8.1755e-001
  1.4746e+000
  4.9263e-001
  1.5403e-001
  2.2873e-001
  6.0559e+000
  1.1724e+000
  9.7964e-002
  1.0066e-001
  4.4264e-001
  4.2104e-005
  4.7045e+000
  6.6106e-001
  7.0126e+000
  1.4389e+000
  7.4324e-002
  1.2859e+000
  6.3269e-002
  1.1741e+000
  2.4331e-001
  5.7820e+000
  1.3101e+000
  9.3485e-001
  4.2692e-001
  3.4744e+000
  1.6369e+000
  2.9697e-001
  2.5963e-001
  4.2099e-001
  3.2337e-001
  4.0443e-002
  2.6379e-001
  1.1189e-001
  1.2752e-001
  6.6488e-001
  1.3540e-004
  8.2943e-001
  3.8920e-001
  4.3815e+000
  1.2366e-001
  8.0296e-002
  9.5445e-001
  7.8672e-002
  6.6023e-001
  3.5961e-001
  2.1727e+000
  1.5052e+000
  1.2462e+000
  1.2243e-001
  1.3488e-001
  1.6782e+000
  5.2516e-001
  6.7547e-003
  6.5886e+000
  1.0566e-001
  8.8794e-001
  2.2310e+000
  3.5231e+000
  3.7209e-001
  1.6985e+000
  3.5443e+000
  7.1910e-001
  1.8526e-001
  3.9394e-003
  3.1124e+000
  3.7544e-002
  3.3026e-001
  1.8026e-001
  7.1831e-002
  3.5816e+000
  6.0347e-001
  3.4702e-001
  7.8639e-001
  4.7817e-002
  7.9414e-001
  3.8428e-001
  1.7476e+000
  1.6092e-002
  4.0306e-001
  3.4780e-001
  9.9348e-001
  3.2943e-001
  7.1267e-001
  5.1129e-001
  4.0518e-001
  3.3845e-002
  1.5260e+000
  3.7011e-001
  5.3841e-002
  3.7588e-001
  6.1030e-001
  9.3061e-001
  5.6585e-001
  2.7041e+000
  1.2169e+000
  5.1085e-001
  8.5351e-001
  1.8123e+000
  1.7220e-002
  6.9323e-001
  1.4031e+000
  8.1937e-001
  2.8740e+000
  7.7963e+000
  1.1159e+000
  2.3802e+000
  4.0355e+000
  4.3278e-001
  5.0799e-002
  1.5638e+000
  3.7471e+000
  3.7641e-002
  2.5135e-001
  8.3992e-001
  1.4271e+000
  2.2161e-001
  6.1329e-002
  1.8012e+000
  8.2508e-001
  2.3025e-001
  4.4671e+000
  6.5539e+000
  2.4380e+000
  1.7308e-005
  1.2311e+000
  4.8308e-001
  4.4775e-001
  4.5596e-002
  3.0363e-001
  5.0338e-001
  3.2901e-001
  3.5384e+000
  1.7291e+000
  3.3134e-001
  5.6994e-001
  2.7654e-001
  2.1347e-001
  3.9291e-001
  4.2819e-001
  1.8727e-001
  4.7231e-001
  9.9758e-001
  7.2567e-002
  9.0578e-002
  1.6364e+000
  2.0089e-002
  3.8022e-001
  1.8005e-001
  6.2895e-001
  9.2905e-001
  1.4876e-001
  2.8607e-001
  1.2246e+000
  8.5952e-001
  3.0061e+000
  4.0469e-001
  9.7716e-001
  4.5031e+000
  1.0557e-001
  5.8844e-001
  1.3988e-001
  1.4438e+000
  3.6085e-002
  5.0625e-001
  2.0586e+000
  2.9408e-001
  2.9109e+000
  4.3205e-001
  4.0584e-001
  8.8347e-001
  3.4841e-002
  8.6518e-001
  6.7452e-001
  2.2414e-001
  4.1371e-001
  1.2566e+000
  3.6476e-001
  2.2143e-001
  7.2422e-001
  2.1038e+000
  3.6269e-001
  2.9453e-001
  3.6628e+000
  1.8374e+000
  5.2243e-001
  7.2537e-001
  5.6681e-001
  4.4729e-001
  1.7524e-001
  1.0554e-001
  8.0848e-002
  4.0504e-002
  1.2026e-001
  3.3790e-001
  2.8136e-001
  6.4513e-002
  1.5801e+000
  2.4722e-001
  1.0863e-001
  1.7574e+000
  2.0628e+000
  1.8504e+000
  9.6876e-001
  4.7765e-001
  1.7493e+000
  7.5714e+000
  1.0496e-001
  1.7889e+000
  3.7435e+000
  7.3444e-002
  6.7928e-001
  1.6962e+000
  4.3905e-001
  1.1429e-001
  2.3325e-001
  1.8311e+000
  6.4302e-001
  3.5830e-001
  1.2069e+000
  1.5670e-001
  7.3288e-001
  7.3404e-001
  5.2370e-002
  3.4861e-001
  7.6131e-001
  1.3355e-001
  3.4913e-002
  8.8260e-003
  1.6245e-002
  5.8792e-001
  1.8085e-001
  4.0900e-001
  8.4173e-001
  7.9160e-001
  6.0340e-001
  1.1353e+000
  6.5345e-001
  1.3940e+000
  2.6743e-001
  1.6404e-002
  3.2160e-002
  2.7250e-001
  3.1841e+000
  3.8449e-002
  5.6654e-001
  6.5286e-001
  5.3162e-001
  3.7664e-001
  2.4243e-001
  3.5186e-001
  9.0313e-002
  2.4861e-001
  6.7334e-002
  5.9615e-001
  5.1201e-001
  6.6333e-001
  5.6098e-001
  1.6130e+000
  2.1460e+000
  2.6651e-001
  1.0354e-001
  8.1363e-001
  2.1079e-001
  9.0535e-001
  6.4150e-001
  3.2359e-001
  5.1052e-001
  1.5659e+000
  1.0177e-001
  1.3921e+000
  2.6620e-001
  2.3330e-001
  1.1682e-001
  1.2886e-001
  1.6130e+000
  1.1559e-002
  9.0164e-002
  2.5390e-001
  5.0528e+000
  1.5306e+000
  8.3154e-001
  7.7024e-001
  7.5669e-001
  1.8220e+000
  1.8018e+000
  1.0505e+000
  2.5275e+000
  6.6826e-002
  9.3365e-002
  2.6738e-001
  2.0159e-001
  4.7172e+000
  2.8213e-001
  9.3191e-003
  3.1950e-002
  4.6522e-001
  2.7248e-001
  1.8418e-001
  4.2673e-001
  1.7909e-001
  2.6889e-001
  9.0634e-001
  2.2844e-001
  9.7247e-001
  1.7175e-001
  3.0724e-001
  4.7211e-001
  6.0932e+000
  1.5631e+000
  7.7246e-002
  1.2969e+000
  2.0382e-001
  6.0271e-001
  2.1840e+000
  1.6481e+000
  3.1963e-001
  1.5248e-001
  1.3225e+000
  5.4060e-002
  1.0307e-001
  1.2759e-001
  1.4729e+000
  6.5389e-002
  8.9910e-001
  2.3283e-001
  9.5214e-001
  2.4418e+000
  2.7195e-001
  3.7703e-002
  1.0224e+000
  1.6012e-001
  3.3842e-001
  2.0548e-001
  1.9170e-001
  3.3026e-002
  4.8334e-001
  2.1895e-001
  1.7174e-001
  1.2047e-001
  2.1369e+000
  3.2157e-001
  2.4730e+000
  3.5960e-001
  3.8557e-001
  3.4329e-001
  2.1411e-001
  5.2751e-001
  6.4756e-001
  3.2407e+000
  5.1807e-001
  2.7041e-001
  5.2390e+000
  2.7978e+000
  1.6155e-001
  4.4464e-001
  5.4990e-001
  2.0379e-001
  4.0067e-001
  1.7820e-001
  8.4126e-002
  9.3643e-001
  4.8070e-001
  5.1228e-001
  5.3073e+000

