   0.4710
   0.0370
   0.3526
   1.0559
   0.6395
   1.6580
   1.1359
   1.1301
   3.9798
   0.5377
   0.9520
   3.0314
   1.4679
   1.7957
   0.4369
   0.0365
   2.6718
   0.9534
   2.4923
   0.0052
   0.6671
   0.2994
   1.2792
   0.0410
   1.4748
   1.1880
   0.4188
   1.5405
   1.4025
   0.3197
   0.4952
   0.6548
   0.1963
   0.0029
   0.8226
   0.0675
   0.0608
   0.1755
   0.4150
   0.4200
   0.0452
   0.2225
   0.2728
   0.2724
   0.1010
   0.0491
   0.1046
   0.8128
   0.8316
   0.6161
   0.6856
   0.4771
   0.0455
   0.1683
   3.3541
   2.2086
   0.7671
   2.7638
   1.5020
   1.5246
   1.1184
   0.0782
   1.2951
   0.5196
   0.6434
   2.3589
   3.6502
   1.8513
   0.7106
   0.1299
   1.6537
   0.5021
   2.7752
   0.0117
   0.9885
   2.6225
   1.2393
   1.0491
   1.3847
   2.4326
   1.3801
   0.7692
   0.4562
   0.2072
   0.7099
   2.7523
   0.4221
   0.2464
   2.7697
   1.8225
   0.0074
   0.3482
   0.2672
   0.2922
   0.3860
   1.4286
   1.2525
   1.3281
   0.5827
   0.8903
   0.0353
   1.7634
   4.3220
   0.0993
   0.5257
   0.1624
   0.4646
   1.1142
   0.4558
   1.0086
   0.3527
   1.3660
   0.2827
   0.5011
   0.8784
   0.0847
   0.1467
   0.4661
   0.4686
   0.1736
   2.1901
   0.5126
   0.8840
   0.6502
   0.2196
   1.3212
   0.7610
   0.9150
   0.6012
   1.7275
   0.6177
   2.0204
   1.9234
   3.2527
   0.1781
   0.9579
   0.4945
   1.6409
   3.2762
   0.1162
   0.3616
   2.0463
   0.0179
   0.5000
   3.0265
   0.0996
   0.1986
   0.6632
   0.0941
   0.3871
   2.1242
   0.1425
   1.6739
   0.7641
   0.4763
   2.3876
   0.1109
   0.1955
   0.0751
   0.0382
   0.1848
   0.3934
   0.6974
   0.4162
   1.0645
   1.5065
   0.6581
   0.6316
   2.4636
   1.6801
   0.1676
   0.2122
   2.1882
   2.0967
   0.4730
   0.0225
   0.0110
   0.4300
   1.4843
   0.0848
   3.3631
   1.8000
   1.6993
   1.3792
   0.1893
   0.2266
   1.1169
   2.3613
   1.8966
   0.0554
   0.1646
   1.2737
   0.5325
   1.6809
   0.8446
   1.4945
   0.5006
   1.9439
   1.0153
   4.1110
   0.5135
   0.4630
   3.2863
   2.0779
   0.1734
   0.4120
   0.5237
   0.2096
   0.0945
   3.1228
   0.0017
   0.6843
   0.0869
   0.6752
   0.3356
   1.6147
   0.6090
   0.5209
   0.4119
   0.1985
   0.6749
   0.3812
   1.3780
   0.2078
   0.1827
   0.7147
   0.1276
   0.8015
   3.7101
   0.7772
   0.5322
   0.6775
   1.7953
   0.1904
   0.3746
   0.1712
   1.2500
   0.1755
   0.1713
   0.5752
   0.2845
   0.1198
   0.4037
   0.7268
   0.0067
   1.4898
   1.6089
   1.1704
   0.8684
   1.0635
   0.6952
   1.7420
   0.5151
   1.3593
   1.9144
   0.5812
   0.3351
   1.4289
   0.2544
   1.7479
   3.9646
   0.7786
   0.2154
   4.0736
   0.3699
   0.6226
   1.1700
   0.1455
   0.1582
   1.1452
   0.7716
   0.8997
   0.8023
   0.0297
   2.4218
   0.6127
   2.2152
   1.2125
   0.0773
   0.8185
   1.4512
   5.6312
   0.4327
   0.2068
   0.7393
   0.1492
   0.1213
   2.5150
   0.0298
   1.4698
   1.8156
   0.4559
   2.9727
   0.3184
   0.5990
   3.0951
   2.2329
   1.2836
   0.6617
   0.1927
   1.0782
   0.0095
   2.2325
   0.1282
   1.2397
   0.8459
   0.3798
   0.1308
   1.3705
   0.5511
   0.9527
   0.1737
   0.4263
   0.6960
   1.8959
   2.8212
   0.0281
   3.5639
   0.6290
   1.5992
   0.6917
   0.1585
   1.2537
   0.7546
   3.2169
   1.6960
   0.5494
   0.9496
   0.1400
   1.2945
   0.8067
   0.1928
   1.3863
   0.4204
   0.5018
   0.0180
   1.8551
   1.4731
   0.2499
   2.3771
   3.4115
   0.2666
   0.5818
   0.6183
   0.0394
   1.4909
   0.8408
   2.3397
   0.1427
   0.1999
   1.9120
   0.4556
   0.0812
   5.0249
   0.3286
   0.7859
   0.4631
   0.6299
   0.1838
   0.6640
   0.5961
   1.6946
   0.8121
   0.4034
   2.7969
   0.2959
   0.4312
   1.1017
   1.5561
   1.1309
   1.4543
   0.1529
   4.9292
   0.3707
   0.9256
   0.9381
   0.1904
   2.9928
   0.3830
   0.0571
   1.6714
   1.1281
   0.7171
   0.3485
   1.2483
   0.8852
   0.9330
   0.5328
   1.1316
   1.2467
   2.7201
   0.2622
   3.2360
   1.3706
   0.5370
   0.7075
   1.2517
   1.1518
   0.8410
   0.7245
   0.3010
   4.7479
   2.0183
   1.7615
   1.6033
   0.5500
   0.0393
   0.1779
   0.3856
   0.4520
   2.3040
   0.6392
   1.1072
   0.9746
   1.0585
   0.1500
   2.5030
   1.7103
   0.0341
   1.1552
   0.5573
   1.0244
   0.5266
   3.9776
   0.8088
   0.0295
   0.0298
   1.6039
   0.2046
   0.2100
   5.8917
   0.1140
   0.9603
   0.5689
   2.9299
   4.1536
   0.3190
   3.0213
   0.5422
   1.1473
   1.0454
   0.2969
   0.3237
   2.4447
   2.5061
   0.2952
   0.0161
   2.9949
   0.4837
   1.0802
   0.1685
   0.2394
   0.4093
   0.3063
   1.3206
   1.5254
   3.0075
   1.3630
   1.6200
   1.5923
   0.4686
   0.5196
   1.4255
   0.0584
   1.2903
   2.7191
   0.1202
   0.0200
   4.3271
   0.7089
   2.0629
   0.0480
   2.1529
   0.0732
   1.1056
   0.1725
   0.7283
   0.6037
   0.3774
   1.0303
   2.2331
   0.5231
   0.6997
   0.2066
   0.4881
   3.2212
   2.7685
   0.2392
   0.7552
   1.0272
   0.1357
   0.0999
   0.6612
   0.0408
   1.9246
   0.0243
   2.5420
   0.4666
   1.8432
   0.0886
   1.4692
   1.3682
   0.5211
   0.5543
   0.2391
   0.6142
   1.7358
   0.2195
   0.5741
   0.3484
   1.0117
   0.6917
   1.5848
   1.5963
   1.5411
   0.6017
   0.0378
   2.4164
   0.3628
   1.3375
   0.8227
   1.3262
   0.5249
   0.0216
   0.0530
   1.7649
   1.4663
   0.0434
   2.9363
   1.8326
   0.1605
   0.6912
   0.3456
   2.3472
   1.1563
   0.6603
   0.3958
   0.8134
   0.0232
   0.8052
   1.6682
   0.7415
   0.8160
   1.2614
   0.1068
   0.3644
   0.1070
   0.1673
   1.2023
   0.3584
   1.2632
   4.3466
   0.4545
   1.0438
   1.0201
   2.4145
   0.6131
   1.3461
   1.7885
   0.4842
   1.7154
   0.0836
   0.4914
   0.2388
   2.2093
   0.3531
   0.0490
   2.2854
   2.3466
   1.1086
   0.3558
   0.2599
   0.5344
   2.6109
   0.4777
   0.5048
   1.1972
   0.7705
   0.2538
   0.6667
   0.6390
   0.1705
   0.0480
   0.7484
   0.1078
   0.8883
   1.7234
   0.7729
   0.3179
   3.3183
   0.5400
   0.2376
   0.0311
   0.2372
   0.0413
   1.4484
   0.3419
   0.0876
   1.5652
   0.1138
   0.5531
   0.9128
   1.3938
   0.2752
   0.8099
   1.2425
   0.5372
   1.2251
   0.2410
   0.0008
   1.9574
   2.9954
   2.3835
   0.1603
   0.0538
   0.1886
   0.0303
   0.2349
   0.8048
   1.7133
   0.3635
   0.0754
   0.4143
   1.0952
   3.8067
   2.6619
   2.3512
   0.6326
   0.4985
   0.6546
   1.5674
   0.1841
   1.3281
   0.1165
   0.8233
   0.0675
   6.3881
   0.9923
   0.1421
   0.9205
   0.7145
   0.6509
   3.0242
   0.1117
   5.5730
   1.3278
   0.0538
   0.4103
   1.8375
   0.1882
   1.0526
   0.8252
   1.1416
   0.5907
   0.3037
   2.5463
   2.4768
   0.0761
   0.0911
   0.1247
   0.2268
   1.5024
   1.5849
   0.5543
   1.2707
   0.0032
   2.0799
   0.2427
   0.3795
   0.1221
   4.5223
   0.1580
   2.9234
   0.0883
   1.1373
   2.6953
   0.5041
   0.9696
   0.0155
   1.5441
   0.6979
   0.4377
   0.6969
   0.3589
   1.0261
   0.7163
   0.5372
   2.9226
   0.4162
   1.2600
   1.4164
   0.2023
   0.6425
   0.1083
   0.4049
   2.2598
   0.9131
   2.6033
   0.3210
   0.6767
   0.2756
   0.8325
   0.2687
   0.2611
   1.6014
   0.1025
   1.0529
   0.1783
   1.6330
   3.1208
   5.3784
   0.0327
   0.6039
   0.9743
   0.4059
   0.3335
   0.9827
   1.8355
   1.4620
   0.2273
   0.0470
   0.2753
   1.0917
   0.0102
   0.7406
   3.0154
   1.5145
   0.6001
   1.8438
   0.4043
   0.0085
   1.5865
   0.2970
   1.4076
   1.8016
   1.6080
   2.7964
   2.1371
   0.0204
   0.8249
   1.2305
   0.1552
   0.4747
   0.0117
   0.1559
   1.5726
   2.1149
   0.4010
   0.2258
   0.0081
   0.0397
   0.6788
   1.2761
   0.2872
   0.6257
   0.1240
   0.7450
   0.0091
   0.3604
   0.1396
   1.2791
   0.6033
   0.8875
   1.7247
   0.4580
   2.8896
   0.0218
   0.7830
   0.3930
   1.6349
   0.5024
   1.1529
   1.0458
   0.3348
   0.4169
   0.8114
   0.0590
   0.5348
   0.1758
   1.7858
   2.2726
   2.6783
   0.0902
   1.5913
   1.3051
   0.6286
   0.3752
   2.4745
   0.2054
   0.1680
   0.5103
   0.0797
   1.9580
   1.0745
   0.2238
   0.8319
   0.5615
   0.6825
   0.3278
   0.9620
   2.3389
   0.6705
   3.4353
   0.7142
   0.3142
   0.2749
   1.3575
   4.7631
   1.5475
   1.2623
   1.9609
   0.1061
   0.2784
   0.0642
   0.6046
   1.8110
   0.0371
   0.1697
   0.1424
   0.4128
   1.8388
   1.0269
   1.1949
   2.1064
   0.0234
   1.4946
   0.4795
   0.3359
   1.5723
   0.4269
   0.6508
   0.0608
   0.6964
   0.6080
   0.0775
   1.9052
   0.2597
   0.8277
   0.2550
   3.7377
   0.2373
   0.3592
   0.4387
   0.0306
   1.1348
   0.2657
   3.5678
   2.4446
   0.4755
   1.0143
   1.8985
   1.6253
   0.8793
   1.3892
   0.6317
   0.0815
   1.3544
   0.2427
   1.9748
   1.3765
   0.2010
   0.9797
   0.0531
   1.6374
   0.4421
   1.3063
   0.6124
   0.2850
   0.0446
   0.1231
   0.0203
   0.1475
   0.4755
   1.5439
   0.4949
   1.0221
   0.8191
   0.2384
   0.3525
   0.0826
   0.1460
   4.1994
   0.0421
   0.4589
   4.3986
   0.5223
   0.2108
   0.0344
   2.8323
   0.1055
   0.2028
   0.1693
   0.3242
   0.0436
   0.4468
   0.9847
   0.0915
   0.4744
   0.0463
   0.7628
   1.4275
   0.1008
   1.5130
   0.0123
   0.8661
   1.4082
   0.2528
   3.4356
   0.3964
   1.1074
   0.0255
   1.5824
   1.7001
   1.8638
   2.2256
   0.1462
   0.7757
   0.8964
   0.4453
   0.3289
   2.3553
   0.0638
   0.3650
   0.2533
   0.2384
   0.0716
   2.4207
   0.4411
   0.6927
   0.1422
   0.5334
   0.6525
   0.5672
   2.9768
   1.1262
   0.1798
   0.0054
   1.1013
   0.4182
   5.2127
   0.2156
   0.2256
   0.7417
   0.6031
   0.3735
   0.1196
   0.6244
   1.6881
   1.3906
   1.4769
   0.3305
   0.0659
   2.2174
   1.9420
   0.0125
   0.8473
   0.3657
   0.4252
   0.2056
   0.6035
   3.3446
   0.0037
   1.3138
   0.4706
   0.3761
   0.4157
   0.3533
   0.8287
   0.3511
   3.4377
   0.2279
   1.2381
   1.8160
   6.2168
   0.4049
   1.9662
   0.1513
   1.6694
   2.7968
   0.1507
   1.9798
   0.2931
   0.0481
   0.2114
   0.8142
   1.4337
   2.8610
   2.0681
   2.5919
   0.4469
   4.0976
   0.0665
   0.0482
   0.6873
   0.6035
   0.1783
   1.4354
   0.0750
   0.4709
   0.1038

