   0.8677
   0.0360
   0.6773
   2.2002
   1.9510
   0.3461
   0.1569
   0.3651
   1.8875
   0.4959
   1.2245
   2.0020
   0.2293
   2.4379
   0.0612
   0.9337
   1.0493
   1.0000
   1.0000
   1.0000
   3.1198
   0.1222
   0.9555
   0.0307
   1.3774
   1.0000
   1.1787
   1.8885
   1.8978
   0.8369
   1.0000
   0.0617
   1.0000
   2.2967
   1.9189
   0.1696
   1.4675
   0.7337
   0.0854
   1.0000
   1.5768
   1.2186
   0.5439
   0.4793
   1.2485
   0.5601
   1.8313
   1.5223
   0.0413
   0.1679
   1.5268
   0.3132
   0.6018
   1.0288
   1.0000
   1.0000
   0.1402
   1.9478
   0.3969
   1.2234
   1.0547
   0.5977
   1.0000
   1.0000
   2.2295
   1.5001
   1.0000
   0.2689
   1.0000
   1.2791
   2.8984
   0.0507
   0.4830
   1.3464
   1.5260
   0.1003
   1.2376
   1.9221
   1.4285
   1.5198
   0.3041
   0.1307
   1.0000
   1.5114
   2.0161
   0.2187
   1.6657
   1.1217
   1.0000
   3.9695
   0.2380
   1.0000
   0.1699
   2.0962
   0.3920
   0.1213
   2.0249
   0.5070
   1.3470
   3.3525
   1.4737
   0.2404
   0.5352
   0.7598
   1.3357
   2.0138
   1.4758
   3.4097
   0.5736
   1.0315
   0.4329
   2.7681
   0.2643
   0.8845
   0.8930
   0.5738
   2.2844
   1.5062
   0.2918
   0.0724
   1.0410
   0.9097
   1.1133
   0.3008
   0.4675
   0.7924
   0.4448
   0.4918
   1.1592
   1.0000
   0.3443
   1.9876
   0.6836
   0.3802
   1.0000
   0.0431
   0.6837
   0.9379
   1.2328
   0.8829
   0.7849
   1.4667
   2.0307
   0.9298
   0.4235
   0.9065
   0.9238
   1.0000
   0.0182
   0.7713
   0.4397
   1.9379
   1.2550
   1.0000
   0.0669
   0.4513
   1.9921
   1.0397
   1.0000
   0.2653
   0.1048
   0.7049
   1.5365
   0.9398
   0.4635
   1.0000
   0.0818
   0.7847
   1.0000
   2.2739
   1.0618
   0.4280
   1.0984
   1.6934
   2.9095
   0.2356
   0.6695
   0.1218
   0.1493
   0.1919
   1.3540
   0.1863
   2.1330
   1.0987
   1.4365
   1.6930
   1.6122
   0.5649
   1.0349
   0.1464
   2.5837
   1.0000
   0.7516
   1.1104
   0.2570
   0.4246
   2.2419
   0.6538
   1.0000
   1.6540
   0.0786
   1.7901
   0.0575
   0.3818
   1.5448
   0.5618
   1.0000
   0.0969
   0.1690
   2.2274
   0.8772
   0.1851
   0.1299
   0.2474
   1.2936
   1.7035
   0.9107
   1.5693
   0.1294
   0.4275
   0.4548
   0.6960
   0.2968
   0.1151
   0.2840
   0.9628
   0.0635
   1.9771
   1.1803
   0.7962
   0.1408
   0.5847
   0.5054
   0.7616
   1.6031
   2.0650
   0.8305
   0.3539
   0.5996
   1.0000
   1.6501
   1.4340
   0.5498
   0.6737
   0.6033
   0.3724
   0.0410
   0.2984
   1.9837
   1.5815
   1.4971
   1.0314
   1.0000
   1.0000
   0.0810
   1.1285
   1.4646
   1.3897
   0.3224
   0.8691
   0.4092
   1.7617
   1.2767
   0.0096
   0.1484
   0.2282
   1.5787
   0.4270
   1.2055
   0.4194
   0.5639
   0.2716
   0.7389
   2.0919
   0.0514
   1.2379
   1.0000
   1.0297
   0.1466
   1.1766
   0.0117
   0.7010
   1.3251
   0.9006
   1.0232
   1.9728
   1.0861
   0.2028
   0.8170
   3.0335
   1.2090
   0.7661
   1.0000
   0.3466
   0.1907
   1.0000
   2.8719
   0.0578
   1.6769
   1.1966
   1.0000
   4.0983
   2.8191
   0.6349
   0.4335
   1.5646
   1.4697
   0.9733
   0.1543
   0.2311
   1.0000
   2.3702
   1.0000
   1.3456
   0.5409
   0.9483
   0.6380
   0.6317
   1.0000
   1.0717
   2.3662
   2.1714
   1.0494
   1.6529
   0.2299
   0.4150
   1.3787
   1.0000
   0.3678
   0.3650
   1.0566
   1.0000
   1.1366
   1.9745
   0.5641
   0.9810
   1.2544
   0.6691
   0.4301
   0.4422
   1.1347
   0.2694
   0.3399
   0.1320
   2.1854
   1.2723
   0.7869
   0.4156
   0.0788
   0.2424
   1.0640
   0.3023
   0.6101
   2.7016
   0.2324
   2.1395
   2.5207
   2.1310
   1.0000
   0.3486
   2.6740
   4.2248
   0.8672
   1.4490
   2.0497
   0.3463
   1.3720
   0.8343
   1.0000
   0.0609
   0.4516
   1.0000
   1.1824
   2.2971
   0.3471
   0.9808
   1.4168
   1.0052
   0.5027
   1.2649
   2.4764
   0.6008
   0.2115
   1.2339
   1.0144
   1.0000
   1.0000
   0.0522
   0.8610
   1.0000
   1.4541
   1.7810
   0.2798
   0.5617
   1.4246
   0.6503
   2.0767
   1.7261
   0.3817
   2.8769
   0.0163
   1.8440
   1.3782
   0.6851
   0.6062
   0.4666
   0.7061
   0.2466
   0.9217
   0.8539
   0.4121
   1.0000
   3.1075
   1.9586
   1.5953
   0.6620
   0.3235
   0.9271
   1.1214
   1.9706
   0.4784
   2.4341
   1.5823
   1.1870
   1.2892
   0.2387
   0.6970
   1.0000
   2.9463
   0.5084
   1.9028
   2.0445
   0.7930
   0.3417
   0.6919
   0.1112
   2.5242
   0.9295
   0.3756
   1.6450
   0.6851
   0.5877
   0.4922
   1.4526
   1.5716
   1.0000
   1.0000
   1.8367
   0.9786
   1.9694
   0.3623
   0.6778
   1.0925
   1.2214
   0.6891
   1.0246
   0.5791
   0.7374
   1.0000
   0.6344
   0.4986
   0.7555
   0.0090
   1.4753
   0.7588
   0.6095
   0.6889
   0.7252
   0.7523
   0.0662
   0.1447
   2.5325
   0.9095
   1.0000
   1.0000
   0.6818
   0.9890
   2.6559
   0.0282
   1.6336
   1.0619
   1.7421
   0.8595
   0.2632
   1.5684
   2.3347
   1.0000
   0.9637
   0.5199
   0.4230
   1.9297
   0.4775
   1.1573
   0.3374
   1.3823
   0.9125
   2.2333
   0.2859
   0.8789
   1.0000
   1.0296
   0.1046
   0.8203
   2.0607
   0.4284
   0.0636
   1.0000
   1.0000
   0.2609
   0.4558
   1.8272
   1.0000
   0.0964
   1.0000
   0.9462
   0.1896
   2.2220
   0.8179
   0.4734
   0.4887
   2.0326
   0.6484
   0.5841
   2.5705
   0.6666
   0.0414
   2.1469
   0.2180
   1.6782
   1.0000
   1.1262
   2.2089
   0.6610
   0.7923
   0.4590
   2.2477
   0.8059
   0.9142
   1.6386
   1.0000
   1.1699
   0.7092
   1.2956
   0.0014
   0.4327
   1.0000
   0.7233
   1.3354
   0.0778
   2.7027
   0.6690
   1.0657
   0.3078
   0.6705
   1.0000
   0.8161
   0.2930
   1.0000
   0.1584
   1.0280
   0.9856
   1.0000
   0.1809
   0.3189
   1.1098
   0.7987
   0.5767
   0.2443
   0.7879
   0.6536
   0.1796
   0.6413
   0.7133
   1.0000
   1.6524
   1.5041
   1.3910
   1.1056
   0.2250
   0.1162
   0.7386
   0.0972
   0.2146
   0.0187
   1.5002
   0.5069
   1.0000
   1.0000
   1.0000
   0.0022
   2.2939
   0.8995
   2.4791
   0.5661
   0.2921
   2.2210
   0.9588
   0.4125
   1.3845
   1.3343
   0.1002
   1.5505
   0.4206
   0.1851
   0.0342
   0.0368
   0.1515
   0.2791
   1.0000
   1.0379
   0.7574
   1.1747
   0.8430
   0.6517
   1.0000
   2.0054
   1.8127
   1.3906
   2.8032
   0.6065
   0.0211
   0.0236
   0.9563
   2.9474
   1.0701
   1.4329
   1.9049
   1.0000
   1.1794
   1.0344
   0.9992
   1.1775
   1.1043
   1.0713
   0.2034
   1.0000
   0.0124
   1.4730
   0.2710
   2.4298
   2.4958
   0.2085
   0.5879
   0.1835
   0.0749
   0.6355
   0.9389
   0.7283
   0.5067
   0.0296
   0.9873
   1.2729
   0.4487
   1.0000
   1.9136
   0.6334
   2.1369
   0.9576
   0.3035
   0.0713
   1.7264
   0.7642
   0.5633
   0.9371
   0.6074
   0.3675
   0.1475
   1.9378
   0.8695
   0.3168
   1.0000
   2.0374
   0.0179
   1.0000
   0.2717
   1.0000
   0.1275
   1.2693
   0.1026
   1.1538
   0.4294
   2.3034
   0.8557
   0.1247
   1.4357
   0.2699
   0.2918
   1.4431
   0.3538
   1.0000
   1.3331
   0.0128
   0.2279
   0.3057
   1.7357
   1.0000
   0.1241
   1.8338
   0.5301
   0.6984
   1.9579
   1.0783
   0.3459
   1.0000
   1.0000
   2.2848
   1.0000
   0.2698
   0.6774
   0.8550
   1.8485
   1.0000
   0.9676
   0.7353
   1.4983
   0.4172
   0.1036
   1.5517
   0.8723
   1.0000
   0.7188
   1.0000
   1.8719
   0.2739
   1.0000
   1.0673
   2.3446
   1.2715
   1.4582
   1.2131
   0.4436
   0.7761
   1.0000
   1.4436
   1.0000
   0.1248
   2.1571
   1.7843
   1.2406
   0.3225
   1.8186
   1.0000
   1.0000
   1.0666
   1.4315
   0.5845
   1.4358
   1.0998
   0.8672
   2.0438
   1.0000
   1.0583
   1.1485
   0.4693
   1.0166
   0.9550
   1.3591
   1.5897
   1.6514
   0.2648
   1.0000
   1.0000
   0.5445
   0.7192
   1.0000
   0.0715
   2.2509
   0.0982
   0.3275
   1.7208
   0.0942
   0.1647
   1.0000
   1.3054
   1.2905
   2.7756
   1.0000
   0.5095
   0.7532
   0.7961
   1.6995
   1.4541
   0.5397
   1.0000
   1.5552
   0.7029
   1.0000
   0.6439
   0.1016
   0.3506
   0.4959
   0.3487
   2.6334
   1.0593
   2.2971
   1.1937
   2.8752
   0.8508
   1.0126
   0.2604
   0.0028
   1.5597
   1.8630
   1.2196
   2.1580
   0.1491
   0.1173
   1.1723
   1.2238
   1.0000
   0.7090
   1.7420
   0.6667
   2.1914
   0.2770
   0.4998
   1.0000
   1.3109
   1.3725
   0.9776
   2.1027
   0.3221
   0.0040
   1.8858
   1.7721
   2.5040
   0.6955
   0.8134
   1.6312
   1.7343
   0.7442
   0.6338
   0.1874
   0.8986
   2.3778
   1.0000
   0.4393
   1.0000
   1.1150
   0.6667
   0.2922
   1.7540
   0.8366
   1.6107
   1.1313
   0.7351
   0.8826
   1.4521
   1.0000
   1.0000
   0.2885
   1.0000
   0.0910
   0.2371
   1.7202
   0.4031
   0.5168
   0.0163
   0.3429
   1.0000
   1.2475
   0.9791
   0.8587
   1.7664
   0.3072
   2.7999
   0.7897
   2.5254
   0.7137
   0.0993
   2.0363
   0.6208
   1.0000
   0.4688
   1.5699
   1.2872
   3.2626
   0.0772
   0.6213
   1.0883
   1.8092
   1.0000
   0.1560
   2.8678
   0.6969
   1.0000
   0.6926
   1.0000
   0.8993
   1.5157
   1.7980
   0.8238
   0.9513
   0.8607
   0.3509
   2.2884
   1.0000
   2.4083
   0.4425
   0.2966
   0.9255
   0.2850
   2.2137
   1.0000
   1.7013
   0.5800
   0.4678
   0.6017
   1.0040
   1.3837
   1.0000
   0.0363
   1.3255
   1.4424
   1.2594
   0.6056
   0.1903
   0.7014
   1.3347
   4.1089
   1.0000
   0.0136
   0.4687
   0.7115
   1.5176
   2.2344
   1.0000
   1.0000
   0.0156
   2.5919
   1.1378
   1.0000
   0.1768
   0.2578
   0.1786
   1.0895
   0.6318
   0.8261
   1.0000
   0.6595
   0.2157
   1.0000
   0.5251
   0.2394
   1.6687
   1.6311
   0.0685
   0.9628
   0.3477
   0.4753
   0.8819
   1.8032
   1.2365
   0.6868
   2.2377
   1.3126
   0.3066
   0.5947
   1.8038
   0.1190
   0.3950
   1.2640
   1.2007
   1.0388
   0.2657
   1.6916
   1.6088
   0.0990
   0.0856
   0.3326
   0.4344
   1.2149
   2.8105
   0.1328
   1.8431
   1.0000
   1.0823
   0.4325
   2.3389
   0.0488
   0.7615
   1.3403
   1.6852
   1.9884
   2.6136
   0.8578
   0.6236
   0.7255
   1.5211
   2.5388
   0.3977
   1.1891
   0.2905
   0.4043
   0.9531
   1.0000
   0.6396
   0.3022
   0.5713
   2.6962

