  2.7482e-001
  3.1332e+001
  1.7316e+000
  9.2137e-001
  1.1563e+000
  4.9866e-001
  3.1003e+001
  2.7293e-002
  2.0295e-001
  9.1024e-001
  1.3948e+002
  1.8104e-001
  6.5382e+002
  2.6575e-001
  4.4975e-001
  1.4810e-001
  2.2189e-001
  3.9765e+001
  1.7979e+002
  1.8839e+001
  5.9744e-002
  2.0018e+002
  6.6042e-001
  2.1734e-001
  4.6711e+001
  5.7711e+002
  5.6648e+001
  5.0777e-001
  1.4049e+000
  1.8067e-002
  9.7147e+000
  5.6723e-001
  3.4723e+002
  5.5313e+001
  4.9652e-001
  5.0949e+002
  3.6746e+001
  2.1400e+002
  5.8550e-001
  4.0692e+002
  3.9159e+002
  7.4744e-003
  1.5899e+002
  5.3876e-001
  2.9883e-001
  1.9898e+000
  8.9961e+001
  5.1641e+001
  7.4954e-001
  4.4925e+002
  1.2066e+002
  9.0506e-001
  1.6016e+000
  2.1128e+002
  7.5830e-001
  1.2775e+000
  3.0114e+002
  5.4064e-001
  4.7585e-001
  2.8809e-001
  3.9150e+001
  1.6386e-001
  3.7372e+001
  2.5573e-001
  7.2633e-001
  9.7035e-001
  3.8899e-001
  1.3640e+000
  2.3397e-004
  8.2278e-002
  1.5925e+001
  1.0247e+001
  5.3245e-001
  8.1024e-002
  3.0434e+002
  2.2500e+000
  1.2981e+002
  2.3238e-001
  4.6921e+002
  6.9319e-001
  5.2057e-001
  3.7310e-001
  1.0737e-001
  8.4081e-001
  1.7167e+001
  5.0687e-001
  2.4835e+001
  4.9740e+001
  2.8838e-001
  7.2074e-001
  1.1984e+002
  5.6135e-001
  1.9010e-001
  3.8166e-002
  2.4416e+002
  3.6334e+001
  6.6577e+002
  2.6131e+000
  2.0919e+002
  2.9171e+002
  1.9402e-001
  2.1684e+001
  1.3755e+001
  2.9107e+002
  4.6419e+000
  3.2477e+002
  5.4102e+002
  6.2839e+001
  6.0265e+002
  2.7739e+002
  1.0611e-002
  8.1907e-001
  5.8590e+002
  1.7507e-001
  9.4600e+001
  2.8386e+002
  1.1625e-001
  1.1260e+000
  2.1648e+000
  3.3123e+001
  7.4212e+001
  5.6660e-001
  1.1200e+000
  5.8304e-001
  3.6466e-001
  8.5569e+001
  2.8604e+002
  4.6715e-001
  2.0289e+002
  2.4721e-002
  2.2245e+002
  4.1323e+000
  5.7704e+001
  4.9892e-001
  7.1682e+001
  1.9896e+001
  1.7311e+002
  4.1646e+002
  3.6898e+000
  8.2181e+001
  2.5752e-001
  4.0195e-001
  8.1051e-001
  4.3514e+002
  2.3043e+002
  1.3899e+001
  1.2403e-001
  4.6707e+002
  3.0165e+002
  2.1280e-001
  8.3595e-004
  1.4227e+002
  1.3643e-001
  5.3382e+000
  1.1909e-001
  2.6046e+001
  6.4399e+002
  7.1019e+002
  6.1417e+002
  1.6501e+000
  3.4444e+000
  8.9241e-001
  4.1820e-001
  5.3555e+002
  3.1588e-002
  1.9981e+000
  2.6576e+002
  5.3890e+001
  2.1938e+000
  1.7554e+002
  9.0023e+001
  1.4126e+000
  2.8616e+002
  4.1299e-001
  2.8685e-001
  1.3151e+002
  6.2457e+001
  2.3149e+002
  8.0970e-002
  2.6264e+001
  2.4450e+002
  4.5072e+002
  1.3389e+002
  3.9641e+002
  7.6876e-001
  1.9417e+000
  3.5493e-002
  6.1417e-003
  1.0664e+000
  2.4872e+002
  5.6507e-001
  3.4304e+002
  2.8178e-001
  2.4145e-001
  1.1687e+002
  1.7933e-001
  5.5420e+001
  2.6051e+002
  3.0558e+002
  4.3083e+002
  3.3098e-001
  8.2066e+001
  6.5408e-001
  3.2483e-001
  8.2161e+000
  1.0344e+002
  2.8930e+000
  4.6333e+000
  1.3566e-001
  1.7329e-001
  1.1345e+000
  3.2564e-001
  4.3452e+002
  6.7328e+001
  1.2282e+000
  2.5301e-001
  2.1341e-001
  1.4507e-001
  3.0258e+002
  6.6499e+001
  2.5639e+001
  3.7937e-001
  2.4990e+001
  1.0830e+002
  5.3237e+002
  2.8838e-002
  8.3702e-001
  1.5648e-001
  1.4034e+002
  2.6973e+002
  9.4204e-002
  4.1896e-001
  2.4925e+001
  1.1382e+002
  2.5722e-001
  3.5713e+002
  1.4320e+000
  1.5155e+001
  3.6790e-003
  1.3220e-001
  4.0805e-001
  5.3021e-001
  2.3631e+002
  4.3389e+002
  1.2066e+000
  4.5125e+001
  1.5033e+001
  2.1534e-001
  6.2232e+001
  2.0156e+000
  3.1327e-001
  3.2389e-001
  7.1439e-002
  5.7573e-001
  1.1843e-001
  6.7814e-001
  8.2251e-001
  1.8871e+000
  2.9541e+002
  8.2589e+001
  9.0491e+000
  4.6063e-002
  4.4816e-001
  1.2328e+000
  3.8257e+002
  1.6863e-001
  7.5654e+001
  6.9681e-002
  2.7174e+000
  2.5834e-001
  4.4384e+002
  4.9925e+002
  3.1709e+002
  1.0638e+002
  4.7988e+001
  6.8051e+001
  1.0070e+000
  8.3318e+000
  4.6237e-001
  5.4482e-001
  2.0133e+001
  6.3657e+002
  9.3544e+001
  2.3990e+002
  2.5046e+001
  7.1598e-001
  2.8794e+002
  6.2863e-001
  1.4355e+001
  1.8657e+000
  6.3292e+000
  7.0472e+001
  9.6377e+001
  2.6764e+001
  1.5354e-001
  4.2571e+001
  2.7693e+002
  5.2446e-001
  8.9525e+000
  1.8021e+001
  4.8011e+002
  1.1307e+002
  4.5976e+002
  1.7065e-001
  1.5475e+002
  1.9362e+002
  3.1449e-001
  1.3917e+002
  5.4617e-001
  1.3417e+002
  4.0348e+001
  4.5555e-001
  9.5021e+001
  3.8932e+002
  5.1879e-002
  1.0943e+000
  2.4889e-001
  2.0864e-001
  2.9725e-001
  1.6545e+002
  1.5900e+001
  1.4728e+002
  4.4126e-001
  3.0272e+001
  2.5950e+002
  1.2401e-001
  3.6527e+002
  9.3315e+000
  5.4671e+001
  2.0533e+002
  1.2197e+002
  6.7905e-001
  2.0975e+002
  2.4846e-001
  6.3669e-002
  1.6250e+002
  1.5588e+002
  3.8796e+002
  1.8824e+002
  4.5848e-002
  1.7716e-001
  3.0244e-001
  2.5382e-002
  1.6816e-001
  2.4898e+002
  1.1397e+001
  5.5066e-001
  2.2265e+001
  1.6658e+002
  2.6607e+001
  2.9577e+002
  1.3030e+001
  1.1751e+002
  2.2290e+001
  1.1077e+000
  1.1453e-001
  5.4749e-001
  1.7688e+002
  7.3055e-001
  4.8602e-002
  2.8953e+002
  1.6770e+002
  2.7842e+002
  5.6631e-001
  7.2009e+001
  1.2863e+002
  7.8314e-002
  5.6349e+001
  4.0688e+001
  5.8319e+000
  6.7452e-001
  4.3952e+002
  2.5500e+001
  3.9144e+001
  1.2526e+001
  1.3588e+002
  1.9332e+000
  1.6845e+001
  1.2104e-001
  2.4604e+000
  1.1686e-001
  1.1511e-001
  2.7189e-002
  2.4915e-002
  1.9996e+002
  1.9197e+002
  1.7226e-001
  6.1428e-001
  7.1451e+002
  2.6710e+002
  1.7772e+002
  9.9797e-001
  2.2978e+002
  1.1491e+001
  4.9068e-001
  4.3081e-001
  4.4471e+000
  1.2096e-001
  2.1733e-001
  1.0945e-001
  6.3970e+001
  5.3534e+001
  4.9228e+000
  5.5997e-002
  2.5397e+001
  5.9065e+001
  1.9966e+002
  1.3122e+002
  1.7874e+001
  2.8656e+001
  3.9880e+001
  5.6934e+002
  1.9259e-001
  1.1754e+000
  3.3066e+002
  1.5367e-001
  7.3929e-001
  1.4079e+000
  2.6537e+000
  1.8406e+001
  2.9728e-002
  2.6733e+002
  2.5250e-001
  1.2867e+002
  7.0810e+000
  6.5587e+001
  7.7607e-001
  5.0719e+002
  1.6926e-001
  3.1066e-001
  2.5367e+002
  2.7232e-001
  5.2179e-002
  3.5995e+002
  3.9036e-001
  4.7840e+002
  1.3239e+002
  5.6522e+002
  1.1479e+002
  1.1032e-001
  3.7338e+002
  1.2525e+002
  6.5307e+001
  4.3545e+002
  7.2132e-001
  2.6634e-001
  9.3792e-002
  3.5837e+000
  1.0164e-001
  1.3307e+001
  7.3276e-002
  1.3601e+000
  2.0215e+001
  1.2201e+000
  1.5313e+002
  7.2334e+000
  2.6177e+000
  1.0611e+001
  2.2183e+002
  2.7983e-001
  2.9355e+001
  2.5826e-002
  6.3805e-001
  7.9519e-001
  1.3891e+000
  4.6421e-002
  1.9641e-001
  1.0620e+002
  3.3219e-001
  4.4212e+001
  2.4335e+001
  4.1808e+001
  1.3878e-001
  3.5337e+002
  4.8723e-001
  7.6207e+000
  1.1505e+000
  3.9848e-001
  8.6471e-002
  6.6891e+002
  2.9232e-001
  5.0565e-001
  3.7228e+002
  3.7261e+000
  4.4945e+001
  3.4161e+002
  6.6595e+001
  1.8352e+001
  1.6143e-001
  1.9678e-002
  2.4912e+002
  7.1958e-001
  2.4263e+001
  4.2958e+000
  6.5103e+002
  1.0211e+002
  5.1042e-001
  1.7830e-001
  3.7616e+000
  1.4614e+000
  1.6793e-001
  3.5446e-003
  1.2229e+002
  2.4723e-001
  6.1418e+001
  1.4263e-001
  9.0628e-001
  5.3807e+000
  1.5083e+000
  4.3435e+000
  1.0844e-002
  2.0601e-001
  6.7504e-002
  3.0651e+002
  1.7611e+002
  3.5374e+001
  7.6002e-001
  2.6510e+000
  2.5108e-001
  6.7954e-001
  3.5299e+002
  3.5399e+002
  7.7536e+001
  9.0741e-002
  3.1074e+000
  3.1302e+001
  1.5831e+000
  1.4246e+001
  1.2241e+000
  4.8632e+001
  7.8519e-001
  7.8740e-001
  1.2149e+002
  2.6296e+002
  1.8903e+002
  3.6187e-001
  1.2951e+001
  5.6147e+002
  1.4773e+002
  4.0089e+000
  9.7576e-001
  1.6834e+001
  1.0530e+001
  6.1769e+001
  1.4347e-002
  3.6242e-001
  5.0964e-001
  8.7320e-001
  7.8080e+002
  6.3103e+001
  3.0589e+002
  3.1773e-001
  6.2637e+001
  1.0165e+000
  1.7362e+000
  4.7286e+001
  5.3127e-001
  5.7089e-002
  3.8327e+000
  4.9795e+001
  3.9424e+001
  9.0017e-001
  7.2301e-001
  1.1109e-001
  6.4776e+000
  3.6739e-001
  9.0703e+002
  1.0486e+001
  3.6678e-001
  1.2973e+001
  4.8308e+002
  2.5252e+002
  4.0685e-002
  1.6325e-001
  7.9564e-002
  1.3222e-001
  1.0167e-001
  2.8121e+002
  1.8564e-001
  4.1458e+001
  1.7100e+001
  1.4757e-001
  1.1217e+000
  9.4623e+001
  1.6721e+002
  3.0606e-001
  4.0974e-001
  2.4657e+002
  2.6027e-001
  1.3659e+002
  8.6712e+001
  7.9556e-001
  5.0432e-001
  1.3278e+002
  5.5321e+002
  2.1440e+001
  6.7380e+002
  2.9617e+000
  4.5455e-001
  1.2482e-001
  6.7403e-001
  2.7063e+002
  1.8510e+002
  2.3116e-001
  1.1610e+001
  3.3090e-001
  2.0663e+000
  1.9332e-001
  2.5987e+002
  7.9411e-002
  1.7348e+002
  2.4291e+002
  5.5690e-001
  1.4065e+000
  2.2309e-001
  1.4869e+002
  1.1841e+001
  1.8845e-001
  6.9942e-001
  1.1088e+003
  2.9897e+001
  5.6384e+001
  2.0376e-001
  2.4265e-001
  1.1705e+000
  1.4633e-001
  1.8300e+002
  2.0996e-001
  3.3974e-001
  4.8206e-001
  1.4540e-001
  2.9270e+000
  1.3769e+002
  3.0354e+001
  3.3515e+000
  6.2062e-002
  2.2219e-001
  5.0997e-001
  2.1798e+001
  4.2038e+002
  6.3015e-002
  1.2428e+000
  7.0276e+002
  1.4912e+002
  2.0969e+001
  1.8494e-001
  1.4961e+002
  1.4559e+000
  2.9188e+002
  5.9817e+002
  2.3334e-001
  8.8117e+000
  5.4464e+001
  1.9647e+001
  2.6593e-001
  2.9982e+001
  4.1707e+000
  3.3577e+002
  9.0520e+001
  5.1531e+001
  9.0246e+001
  1.0807e+002
  1.7146e+002
  8.0067e-001
  1.7918e-002
  4.3777e+002
  3.1037e-001
  1.1091e+000
  4.1553e-001
  4.3485e-001
  8.3070e+000
  6.2976e+001
  5.6346e+002
  2.3271e+002
  1.9890e-001
  6.1141e+000
  7.3321e+001
  3.4738e+002
  1.4492e+000
  8.6279e+001
  2.6024e+000
  3.0194e-002
  2.1811e-002
  1.6176e+000
  2.7909e+002
  3.3078e+002
  4.4085e+000
  1.8054e+002
  1.0488e+000
  2.1372e+002
  2.5039e+002
  5.9480e-001
  2.4001e-001
  7.9467e+000
  1.2027e+001
  9.9348e+000
  6.1471e+000
  1.7130e+002
  7.9461e+001
  6.4367e+002
  4.6151e+001
  9.6077e-001
  4.3256e-002
  5.4091e-001
  6.9088e+002
  1.9934e+002
  1.4543e+001
  4.9674e+002
  1.3684e+001
  2.8971e+001
  9.9058e+001
  2.0160e+001
  6.9673e+000
  3.5929e-001
  2.4788e-001
  4.8996e+002
  6.3659e-001
  9.3113e-001
  3.5540e-001
  1.7214e+002
  3.6762e+001
  1.3491e+002
  1.7344e+002
  1.1126e+000
  3.1154e+000
  1.7408e+002
  1.2989e+002
  7.8429e-001
  1.3201e+002
  7.4878e-001
  9.5175e-001
  3.5705e-001
  4.6641e+002
  7.4891e-002
  4.2626e-001
  3.3712e-001
  1.9550e+001
  5.3812e-002
  9.8186e+001
  2.1088e+002
  1.4162e+002
  5.8158e-001
  5.6074e+002
  2.6962e+002
  1.5484e-001
  1.1779e+003
  4.8395e-001
  6.5086e-001
  8.3459e+000
  7.5379e+001
  2.8486e-002
  4.9772e+000
  1.7014e+001
  1.1703e+000
  1.7882e-002
  8.3359e-001
  2.2493e+002
  4.7304e-001
  7.1425e+000
  5.6550e-001
  2.5462e+000
  8.6119e+001
  4.8069e-001
  1.0205e+000
  6.6600e+002
  6.4785e+000
  5.4074e-001
  4.0131e+002
  8.1506e+000
  8.3144e+000
  1.1249e+001
  2.7335e+002
  2.4526e+002
  1.7803e+001
  8.5786e+001
  4.9950e-001
  1.0196e-001
  2.6300e-001
  2.7349e+001
  9.8486e+001
  7.9372e-001
  2.8475e+002
  2.1347e-002
  6.7338e-001
  3.7215e+001
  4.6795e+001
  2.8777e-002
  1.1517e-001
  2.1851e+000
  3.9210e+002
  4.5581e-001
  1.0883e-001
  5.2175e+000
  9.5984e+002
  2.4003e+002
  1.4310e-001
  5.4881e+002
  9.8479e-001
  6.3441e+000
  2.3647e+002
  3.3746e-001
  2.9354e+002
  2.4853e+002
  1.4314e+002
  9.3079e-002
  1.2215e-001
  1.6135e-001
  3.0936e+001
  5.8719e-001
  3.2242e+002
  1.6451e+002
  3.9024e+001
  4.1506e+002
  2.1448e+002
  3.0758e+002
  2.6264e+002
  1.4255e+001
  4.2619e+002
  3.2383e+002
  2.8026e+002
  2.4898e-001
  4.4550e+002
  2.1274e-002
  6.6355e+002
  2.2159e-001
  2.8260e-001
  6.3094e+002
  7.5597e-001
  6.2781e+002
  1.9236e+002
  2.5021e+002
  6.4504e+002
  1.1792e+001
  1.6947e+002
  2.7952e-001
  3.2205e-001
  1.8628e+002
  1.2526e+002
  7.0407e+001
  1.0798e-001
  9.9493e+001
  2.2663e+000
  6.8342e+001
  2.5589e-001
  1.0187e+002
  3.1554e-001
  1.2321e+001
  2.1279e+001
  3.6739e-001
  7.5502e+001
  1.2345e+002
  1.3831e+001
  1.6949e+000
  2.4828e+001
  1.9416e+002
  1.0543e+002
  1.1218e+000
  2.2019e+002
  2.3049e+001
  1.8474e+002
  1.3806e-001
  1.5530e+000
  2.5480e+002
  4.0342e+000
  6.7894e-001
  3.7697e-002
  1.6500e-001
  5.8481e+002
  7.8251e+000
  1.2414e+000
  2.3560e+002
  6.5002e+000
  5.7184e+002
  1.9805e+002
  5.1603e+002
  1.2614e+000
  4.7385e+002
  5.7702e-001
  7.1262e+000
  3.0724e-001
  6.1731e-001
  3.0978e-001
  3.7073e+001
  5.8033e-001
  2.7571e-001
  1.3283e+002
  4.5117e-001
  7.6361e-001
  2.7189e+002
  7.0209e-001
  3.0609e+001
  2.7576e+000
  2.5467e-001
  2.6847e+002
  4.7524e+001
  5.9111e-001
  2.5049e+002
  4.2933e+001
  2.6713e+002
  4.8163e+002
  8.4561e+001
  9.6191e-001
  2.3227e+002
  5.6266e+002
  1.4602e-001
  7.1353e-001
  2.9500e-001
  3.6773e+001
  1.9465e+000
  2.9791e-001
  2.7452e+002
  6.6755e-001
  1.7515e+001
  3.7677e+002
  4.5575e+001
  3.2573e+002
  2.3096e+002
  3.9678e-001
  2.8240e-001
  4.6563e+002
  1.1910e+002
  5.4726e-002
  1.1775e+001
  2.2815e+000
  3.2650e-001
  6.4087e-001
  5.8521e+001
  1.9841e+000
  4.3510e+001
  1.7359e+002
  5.3258e-002
  5.1692e+001
  3.2088e-001
  2.9093e+001
  7.1035e-001
  1.3696e+002
  3.6226e-001
  1.4455e+000
  3.7821e+002
  9.1621e+000
  1.8142e+002
  1.7914e+001
  2.3051e+000
  4.7678e-001
  5.8632e-001
  2.6886e+002
  3.3494e-003
  1.3040e+000
  1.7041e+000
  6.2035e+001
  2.1143e+000
  5.9802e-001
  9.3133e-001
  2.4686e+001
  5.9241e+001
  1.0984e+002
  3.0699e-001
  1.4498e+000
  4.8649e+002
  1.2488e+002
  1.4201e-001
  3.8930e-002
  9.4919e+001
  2.1877e-001
  4.4670e+002
  5.2487e+001
  1.1085e+000
  5.3691e-001
  2.3841e-001
  4.7389e+002
  5.5905e-001
  6.1054e+000
  6.2116e+001
  1.2957e+001
  6.3034e-001
  4.5296e+001
  3.7233e+002
  5.3116e+002
  2.7687e-001
  6.0155e-004
  3.2052e+002
  4.8786e-001
  7.3504e+000
  2.8305e-003
  5.4311e+002
  2.3177e+002
  1.1312e+002
  1.5150e+000
  6.0103e+000
  2.9652e+002
  3.3281e+001
  4.5391e-002
  1.2708e+000
  3.8756e-002
  6.6521e-002
  5.6441e-003
  6.1184e+002
  6.1965e-001
  8.2426e+001
  4.7860e-002

