    0.0164
    0.3321
    2.8701
    0.4359
    0.1060
    0.2290
    0.0525
    0.2978
    0.0499
    0.6088
    1.0769
    0.1817
    2.6676
   14.6087
    0.2743
    9.6459
    0.2183
    0.9390
    0.5988
    0.5201
    0.2288
    0.1439
    0.1037
    0.1144
    0.1472
    0.4492
    0.4199
    0.1648
    0.5412
    0.4241
    0.1543
    0.2411
    0.2639
    0.9275
    0.4548
    0.2629
    0.2379
    0.1094
    2.2369
    0.1262
    0.0487
    0.2126
    0.1237
    0.2236
    0.6422
    0.3218
    1.5742
    0.4778
    0.0240
    0.5238
    0.0634
    0.0466
    0.4901
    0.0547
    0.6165
    0.0225
    0.3802
    0.6532
    0.6113
    1.0925
    3.4937
    0.1942
    2.3276
    0.3259
    0.3107
    0.6718
    0.6765
    0.2063
    0.2828
    0.7631
    0.2878
    0.1806
    0.1758
    0.0116
    0.4153
    0.6174
    0.2734
    0.7524
    0.0044
    1.3116
    0.3106
    1.2501
    0.4131
    0.5595
    0.0573
    0.2114
    0.1838
    0.0379
    0.3710
    0.4168
    0.4465
    0.2384
    0.1947
    1.7272
    0.1850
    1.8874
    0.2520
    3.9647
    0.1195
    1.1677
    0.2553
    0.7746
    0.2109
    0.2455
    0.1546
    4.0733
    0.3065
    0.4220
    0.1556
    0.0772
    9.6245
    2.3264
    0.4307
    0.1007
    0.2169
    0.0123
    0.4816
    0.5970
    0.6689
    0.6175
    0.1104
    3.0015
    0.3906
    0.4425
    0.0089
    0.6525
    0.3946
    1.7289
    0.1215
    0.0579
    0.4094
    0.6734
    0.0391
    0.3877
    0.6374
    0.0594
    2.5731
    0.1783
    4.1533
    0.2546
    4.7499
    0.7776
    1.1521
    0.8884
    0.1798
    0.2152
    9.4257
    0.4561
    0.4981
    1.1724
    0.4985
    0.4220
    0.0835
    0.5091
    0.4613
    0.1534
    0.1238
    0.0775
    0.4382
    0.0746
    0.0340
    2.0314
    0.2914
    1.9204
    0.0574
    0.4912
    0.4450
    0.0891
    0.5800
    1.1203
    0.0167
    0.2064
    0.2990
    0.5723
    0.1283
    0.6714
    0.0726
    0.1350
    5.8699
    0.5785
    0.4148
    0.3381
    0.2508
    0.7686
    0.6673
    0.1702
    0.0502
    0.2100
    0.3417
    0.3640
    0.3690
    0.4955
    0.2637
    0.5421
    1.7434
    0.1992
    0.3466
    0.3162
    0.6391
    0.1709
    3.1367
    0.5620
    5.8813
    0.3628
    0.2759
    0.9858
    0.8524
    0.9199
    1.4740
    0.1207
    0.6061
    0.4834
    0.8023
    0.2074
    0.4978
    0.1698
    0.1431
    0.3201
    0.2217
    0.1731
    0.2745
    0.1450
    0.4888
    0.0552
    5.1681
    0.7312
    0.3981
    2.2379
    0.2410
    0.1742
    0.4774
    0.2452
    0.6550
    0.1149
    0.2698
    0.1944
    0.8590
    0.3422
    0.0483
    5.7670
    1.0173
    0.2952
    0.6928
    0.0788
    0.3991
    0.0114
    0.0834
    0.6892
    0.2920
    0.9934
    0.0722
    0.0799
    0.5254
    0.0520
    0.5485
    0.2640
    0.0292
    0.1819
    0.4379
    0.2271
    2.1675
    0.5381
    0.5683
    0.0501
    1.9557
    0.8859
    0.2664
    0.0722
    0.2096
    2.6302
    0.0040
    0.1970
    0.1551
    8.6698
    0.4486
    1.5636
    0.5137
    0.4101
    3.5306
    0.5997
    0.0413
    0.1388
    0.6854
    0.0888
    0.0333
    0.5848
    0.2576
    0.9926
    0.1592
    0.2010
    0.1217
    0.1379
    0.0362
    2.1971
    0.0539
    0.4883
    0.7361
    0.8855
    0.3688
    0.0246
    0.3170
    0.2908
    0.2410
    0.6959
    0.0357
    0.2885
    0.5785
    0.1510
    0.1208
    0.2719
    0.2366
    0.4885
    0.2300
    0.0421
    0.2394
    0.4916
    0.1316
    1.9620
    0.0462
    0.2105
    0.2459
    0.2971
    0.0439
    0.0533
    2.3137
    0.1927
    0.1825
    0.4897
    0.6680
    0.6157
    0.2687
    0.6256
    0.2499
    0.5025
    0.6756
    1.0256
    8.6919
   13.8469
    0.2910
    0.6530
    0.2590
    0.0456
    0.0846
    9.4659
    0.5380
    0.3133
   21.5703
    3.3286
    0.0809
    0.1154
    0.0454
    0.9486
    0.4581
    0.0034
    0.2454
    1.5379
    0.0294
    0.6694
    0.1077
    3.1501
    0.0679
    0.7232
    0.0275
    0.5302
    0.1241
    0.4899
    0.0557
    0.7125
    1.2402
    0.0720
    3.4610
    0.9342
    0.0277
    0.0084
   16.5138
    0.1904
    0.8020
    0.3604
    0.8113
    0.3574
    0.5879
    0.1317
    0.5764
    0.1176
    0.4789
    0.3763
    0.5671
    0.9024
    0.1452
    0.5229
    2.0565
    0.3477
    0.9912
    0.3413
    0.7537
    0.1008
    0.2022
    0.0776
    0.4780
    5.2745
    0.3442
    0.2575
    0.3182
    0.6774
    1.9222
    0.3024
    0.0219
    2.9207
    1.0635
    0.6728
    1.3116
    0.1319
    0.0255
    0.0589
    0.0434
    0.2380
    8.7204
    1.3010
    0.5368
    0.5439
    0.7641
    0.3309
    0.4571
    0.0360
    0.2221
    0.3763
    0.1852
    1.8665
    0.0113
    0.1598
    0.0252
    0.4452
    0.1232
    0.4555
    0.8257
    2.8653
    0.0362
    0.2545
    0.5628
    0.1639
    0.0259
    4.9770
    0.4238
    0.0688
    2.4926
    0.2925
    0.1390
    0.1348
    0.3909
    0.3801
    0.5194
    0.1876
    0.4428
    0.0508
    2.7250
    0.1109
    0.5796
    0.3019
    0.4157
    0.6019
    0.1452
    1.6725
    0.0338
    0.0270
    0.3023
    0.9147
    0.6795
    9.6998
    0.2328
    2.0972
    1.9748
    0.1019
    0.4825
    0.2188
    0.1130
    0.3312
    1.2980
    0.1207
    0.7147
    0.9864
    0.5377
    1.0301
    0.5793
    0.0435
    0.0982
    0.1080
    0.1139
    0.3576
    0.0926
    0.2128
    0.2560
    0.0677
    0.5392
    2.2075
    0.1613
    0.7768
    0.1468
    1.1189
    0.5048
    0.2951
    0.1124
    0.0767
    0.7144
    0.4202
    2.2819
    0.1666
    0.1056
    0.3871
    0.5689
    0.4581
    0.1410
    0.0799
    0.4221
    5.2532
    0.4750
    0.2744
    0.0552
    1.0712
    1.1113
    0.0086
    0.0367
    0.1538
    0.5123
    0.6638
    0.0194
    1.7032
    0.7072
    0.1389
    0.6483
    0.9735
    1.2455
    0.8499
    0.0565
    0.1605
    0.3254
    4.9683
    0.0869
    0.0125
    0.1377
    4.6057
    0.0197
    0.0608
   21.9606
    1.3887
    8.9668
    0.1495
    0.2760
    0.3794
    0.1223
    0.0539
    0.1251
    0.1296
    0.5072
    0.2025
    0.0645
    0.5529
    0.4376
    0.1134
    0.3200
    0.1134
    1.2896
    0.8502
    0.2158
    1.3147
    0.6344
    0.3639
    0.1037
    0.0822
    0.5956
    0.0697
    0.3744
    0.4731
    0.2153
    1.6486
    0.1216
    0.5003
    0.8228
    0.1062
    0.6291
    0.1536
   21.7246
    0.0183
    0.0494
    0.0856
    0.3782
    0.2516
    0.0312
    0.0137
    1.6707
    0.0239
    0.0987
    0.8980
    0.0602
    0.2568
    0.0744
    0.3310
    0.0089
    0.5036
    0.3976
    0.0443
    0.1167
    0.2457
    0.7652
    4.4084
    1.2448
    4.1733
    0.6619
    0.1538
    0.2938
    0.1556
    0.3289
    6.8772
   15.1571
    0.0650
    0.2141
    0.4371
    0.6294
    0.3449
    6.4327
    0.1687
    2.3319
    1.5434
    0.1936
    0.6540
    0.0070
    0.9038
    0.1547
    0.7610
    0.0496
    0.1450
    0.9962
    0.9048
    0.1535
    1.9839
    0.0278
    0.7134
    0.4373
    0.9717
    0.2541
    0.1493
    0.0107
    0.2040
    0.2279
    0.1035
    0.1109
    0.0805
    0.0941
    0.6083
    0.0105
    2.3154
    1.1177
    0.3602
    0.5252
    0.0388
    0.0094
    0.1257
    0.1357
    1.8140
    0.8745
    0.5553
    0.0941
    0.4446
    0.1909
    1.5125
    1.0878
    0.1103
    0.0288
    4.3351
    0.1268
    0.0654
    0.5331
    1.1014
    0.8214
    0.0470
    0.1970
    0.0462
    2.9764
    0.2811
    0.3226
    0.3247
    0.2121
    0.0313
    0.3416
    3.2146
    1.5275
    0.4793
    0.2073
    0.2695
    0.1933
    2.0982
    0.1083
    0.2261
    0.7129
    0.5263
    0.1030
    0.1843
    0.4331
    0.9282
    0.1664
    0.9933
    0.2927
    0.5046
    0.2417
    0.2320
    0.3446
    0.2727
    0.1070
    0.2635
    0.3147
    0.1789
    0.1915
    0.7831
    0.0238
   10.0586
    0.4793
    0.0892
    0.7727
    0.1913
    0.2002
    0.3802
    0.1014
    0.3621
    0.1000
    0.8893
    0.2144
    0.4772
    5.9638
    0.5998
    0.9172
    2.8879
    0.3238
    0.0452
    0.6609
    1.0773
    0.0492
    0.3973
    0.4679
    0.3674
    0.2600
    0.0381
    0.1122
    0.1744
    0.3096
    0.5074
    0.0642
    0.1241
    1.9262
   13.5034
    0.7172
    0.0391
    0.7867
    0.0976
    0.3226
    0.0370
    0.0772
    0.2055
    0.5527
    0.7376
    0.4518
    0.2789
    0.1416
    0.8692
    0.3888
    0.1797
    0.7715
    0.4900
    0.2274
    0.6127
    0.3009
    0.2827
    0.0183
    0.7774
    0.6774
    1.1604
    0.1557
    0.3849
    1.3431
    0.5631
    0.0896
    0.1205
    0.0462
    0.6673
    1.2025
    0.7723
    0.3562
    0.1426
    2.3727
    0.5766
    2.7270
    0.2900
    1.0375
    0.2784
    0.0093
    1.8282
    0.0924
    6.8749
    0.1929
    0.6154
    0.0313
    0.3731
    0.1279
    3.0759
    0.0581
    0.4476
    0.3247
    0.1005
    0.0051
    0.1045
    1.0283
    5.4976
    0.6081
    0.4249
    2.8396
    0.2339
    1.1199
    0.3208
    0.8956
    0.1258
    0.0237
    0.2362
    1.5504
    0.0728
    0.0069
    0.4721
    0.0369
    0.1742
    0.2400
    0.0270
    0.1026
    0.3816
    0.3155
   11.8427
    0.2521
    0.0893
    0.1373
    0.4294
    0.6648
    0.0334
    0.0234
    0.4493
    0.7103
    6.7626
   14.0127
    2.0388
    0.0699
    0.0702
    1.0626
    0.2853
    0.0264
    0.4700
    0.0123
    7.9211
    0.3795
    2.1058
    0.1723
    0.1579
    0.4361
    0.5682
    0.2495
    0.8850
    0.0802
    3.4312
    0.6838
    0.0176
    0.2956
   16.2258
    0.1888
    0.5970
    8.1914
    0.0540
    0.2799
    0.4914
    1.0982
    0.2156
    3.8941
    0.4481
    0.2174
    0.9805
    0.0104
    0.5374
    0.6172
    0.0117
    0.2271
    0.7624
    4.2077
    0.4270
    0.4233
    2.2590
    0.3480
    0.0144
    4.9819
    0.3269
    0.8840
    0.7775
    0.4993
    0.4615
    0.2165
    0.3413
    1.5513
    0.2041
    0.1762
   12.2544
    0.0777
    0.3088
    0.5547
    0.8308
    1.6915
    0.0112
    0.1528
    0.6805
    1.7019
    4.3967
    1.9315
    0.6285
    0.2805
    0.4932
    3.7482
    0.1119
    0.0477
    0.1419
    0.1191
    0.1730
    0.6851
    0.0845
    0.9430
    0.8486
    0.9437
    0.5419
    0.0269
    0.2766
    0.4382
    0.5558
    0.8448
    0.0239
    0.4751
   10.9316
    0.0799
    0.1771
    0.5244
    0.4584
    0.5860
    0.1487
    1.4594
    0.0845
    0.4795
    1.5835
   10.2495
    3.3152
    1.5780
    0.0599
    0.4868
   20.7907
    0.8519
    1.8103
    0.8645
    0.5697
    0.1509
    0.4212
    0.5148
    0.1671
    0.1453
    0.4118
    1.8952
    0.0352
    0.0448
    0.0892
    0.0498
    0.3616
    2.8645
    0.4946
    0.5364
    0.0916
    0.6622
    4.1541
    0.3622
    6.3779
    4.1161
    0.4019
    0.2905
    0.5229
    2.4881
    1.0312
    0.3161
    0.1659
    0.0867
   14.2493
    0.1281
    0.1949
    0.6368
    0.1974
    0.2112
    0.0619
    0.4187
    0.1674
    0.0625
    1.3219
    0.5566
    0.1474
    0.5855
    0.6814

