  2.6840e-001
  5.6144e+002
  2.6552e+001
  1.1733e+000
  3.2204e-001
  1.3290e+000
  6.6218e-001
  5.4721e-001
  1.4840e-001
  5.9657e+002
  4.7513e+002
  1.3204e+002
  3.0024e+000
  7.1336e+002
  6.9657e-001
  3.6530e-001
  5.8786e+001
  1.7932e+002
  8.7361e-001
  1.2208e+002
  4.6976e+000
  1.1224e+001
  2.0817e+000
  6.7362e+002
  7.2231e+000
  8.1927e+000
  1.0651e-001
  1.6135e-001
  4.0433e-001
  6.4497e-001
  3.3954e+002
  2.6821e+000
  2.6470e+000
  1.0321e+001
  3.2630e-001
  4.9707e-001
  1.2510e+001
  1.0920e+000
  2.5982e-001
  1.2014e+001
  1.0619e+000
  1.4718e+000
  1.7616e+000
  2.7741e+000
  3.7225e+000
  3.8615e-001
  7.2190e+001
  2.3910e-001
  1.1180e+003
  3.2546e+000
  8.5834e-001
  5.7874e+002
  2.3507e+002
  1.6747e+001
  1.2930e-001
  5.9462e+002
  1.3241e+002
  1.9598e-001
  7.7113e+000
  1.0830e-002
  3.6824e+002
  1.0978e+003
  5.1668e+001
  2.6301e+002
  2.0308e+002
  1.0014e+000
  1.1228e+002
  2.1146e+001
  4.1589e+002
  3.1069e-001
  1.1111e+002
  2.7183e+000
  2.2470e+002
  1.0638e+000
  5.8916e-002
  7.4550e+001
  2.0916e-001
  6.1286e-001
  7.2056e+001
  8.7484e+000
  2.2443e+000
  2.4554e-001
  7.0787e+002
  1.0167e+002
  1.9138e-001
  6.4654e+001
  4.0116e-002
  3.4943e+001
  1.0448e+000
  7.2638e+002
  1.4733e+000
  1.5976e-001
  7.3290e-001
  1.0592e+002
  7.5330e+001
  2.5076e-002
  1.3429e+000
  7.0554e-001
  2.0309e-001
  1.9659e-002
  3.7642e-001
  3.4017e-002
  3.0389e+001
  6.0365e+001
  1.9575e+001
  2.0221e+002
  1.2191e-001
  2.8324e+001
  3.5545e+000
  1.9658e+000
  3.3470e+002
  2.9399e-001
  7.1556e-001
  1.5490e+002
  1.8339e-001
  4.0972e+001
  7.3121e+002
  6.6980e-001
  8.8704e-002
  9.2805e+001
  1.0770e+000
  1.2577e-001
  5.6890e-003
  7.9802e-001
  4.9362e+002
  5.4887e-001
  1.3800e+002
  6.3997e-001
  4.3837e-001
  1.7303e-001
  3.5558e+002
  1.1765e+001
  1.1171e+002
  3.2119e-002
  1.8444e+002
  6.2087e+000
  8.9810e+000
  5.3547e-002
  1.9125e+002
  2.2878e-001
  2.2917e+001
  5.5015e-001
  2.0672e+000
  8.6582e-002
  6.1732e-001
  1.7742e+001
  2.9411e-001
  6.2709e-001
  9.1238e+001
  6.8389e+001
  1.6699e+002
  9.8330e-001
  7.7625e-002
  2.2770e+001
  6.6223e-002
  9.4936e-002
  3.1863e+002
  2.4400e+000
  1.5224e+002
  2.3993e+001
  3.7348e+002
  1.2864e-001
  9.1141e+001
  7.2018e+001
  1.2797e+002
  6.0601e+001
  3.1750e+002
  3.9783e-001
  1.7293e+002
  9.0987e+002
  2.2581e+002
  6.8622e-002
  1.0247e+000
  1.9861e-001
  2.3077e+000
  1.2341e+000
  3.4716e-003
  4.0106e-001
  3.2970e+001
  1.8150e+001
  3.0260e-001
  1.0129e-001
  2.5000e-001
  1.5402e+000
  4.8339e+000
  1.4957e+000
  1.5873e-002
  3.8527e+002
  4.4593e+001
  4.4647e+002
  5.2677e+002
  2.7163e-002
  8.8233e-002
  2.5912e-001
  1.7065e+001
  6.9115e+002
  4.9791e-001
  1.8582e+000
  4.8661e+001
  1.8858e+002
  1.0142e-001
  3.5902e-001
  1.1427e+002
  2.0109e+001
  1.7081e+001
  3.6023e-001
  2.2750e+001
  3.4831e+001
  1.1668e+001
  2.5660e-001
  3.7075e+002
  4.1171e-001
  1.7957e-001
  2.3103e+002
  3.6234e+001
  2.9874e-003
  2.4540e+000
  1.7663e+002
  1.4835e+001
  5.3107e-001
  2.1855e+001
  2.3207e+001
  3.1498e+002
  1.1701e+002
  5.1262e+001
  3.0301e+000
  2.8909e+000
  5.2522e+002
  5.8659e+001
  8.1458e+001
  4.8496e+001
  2.6328e-001
  3.9264e-001
  1.2859e-001
  5.7174e+002
  1.0713e+002
  1.7095e+002
  8.9338e+001
  2.5051e+000
  1.8502e-001
  1.3215e+000
  2.0110e+000
  7.8079e+001
  2.4899e-001
  4.7206e-001
  6.2196e-002
  5.1768e-002
  3.7174e-001
  6.3805e+002
  1.2143e+001
  4.0105e+000
  7.1250e-001
  6.0872e+001
  1.5880e+002
  6.9024e+002
  4.1153e+001
  9.5081e-002
  1.9711e+002
  7.2039e-001
  1.0168e+002
  1.9844e-001
  1.7532e+000
  1.2411e-001
  1.1287e-001
  8.5603e+001
  5.4633e-001
  2.6823e+001
  3.4727e+001
  3.2842e+002
  6.9867e-001
  4.1372e+001
  9.7458e-001
  5.5853e+002
  5.9654e+001
  7.8984e+000
  3.0177e+000
  1.2859e-001
  4.2037e+001
  6.4170e-002
  4.0498e-004
  8.7012e+001
  8.2581e+001
  2.2782e-001
  1.9862e-001
  4.5837e+002
  1.2597e+002
  1.3193e+000
  3.7813e-001
  6.0212e-001
  3.2476e+000
  3.8536e-003
  3.9531e+002
  2.4880e-001
  2.2297e-002
  4.2809e-001
  3.0848e-001
  1.9379e-001
  2.9713e-001
  1.0966e+002
  3.2357e-002
  7.2527e-003
  3.9811e+001
  6.3034e+001
  4.3589e-001
  8.1412e-001
  8.7419e-001
  1.5968e-001
  4.8741e+001
  4.2823e+002
  7.6133e+001
  3.4833e-001
  3.5444e+002
  1.3455e+002
  1.3661e+002
  2.9329e-001
  7.0634e-002
  6.0936e-001
  3.2051e+002
  2.8474e+001
  1.4604e-001
  1.9582e-001
  4.4156e+000
  1.3321e+002
  2.3942e+002
  2.3495e-001
  7.4039e+000
  2.8938e+002
  6.7458e+002
  1.4061e+002
  4.0930e+000
  1.9659e+001
  1.1060e+001
  5.9320e+000
  4.9974e-001
  5.5905e-001
  1.1960e+002
  1.7856e+001
  1.8118e-001
  1.0128e+002
  5.5576e+002
  4.6297e-001
  5.5783e+000
  5.7793e+001
  1.5659e-001
  2.1377e+000
  3.4263e-001
  1.1607e+000
  7.1461e-003
  4.6941e-002
  4.7417e+001
  3.8801e+001
  1.7019e-002
  4.2524e+000
  3.2942e-001
  3.6392e+000
  5.3315e+002
  1.0067e+000
  1.6812e+001
  7.0723e+002
  1.1457e+000
  2.5860e-001
  9.2242e-001
  3.4954e+000
  7.0084e+001
  8.1419e-002
  2.8938e-001
  9.9982e-002
  3.2009e-001
  1.2893e+000
  6.8052e-001
  7.9122e-001
  3.7137e+000
  6.3312e+000
  1.6179e-001
  1.9262e+001
  4.1806e+002
  2.6373e+002
  9.2280e-001
  5.3913e+002
  1.5626e+002
  1.8417e-001
  2.7685e+002
  5.7754e+001
  1.4948e+002
  1.8095e+002
  5.9372e+000
  1.3139e+002
  5.7797e+001
  2.3123e+000
  7.6778e+001
  1.8301e+002
  5.4550e+002
  1.0101e+002
  5.1366e+002
  3.0302e+002
  8.3903e-001
  6.7826e-001
  8.5637e-002
  2.5738e-002
  8.9982e+000
  4.2993e-002
  7.0339e-001
  1.9427e+002
  2.9288e+002
  5.5361e-001
  3.4230e+001
  4.1109e-001
  2.0306e+002
  4.4935e-001
  2.3798e-001
  4.8303e-001
  4.2814e-001
  5.3866e+002
  3.6982e-001
  3.7589e+001
  5.3029e-001
  1.7973e-001
  9.4026e+000
  1.1391e+002
  1.2200e+002
  4.8588e+001
  4.8121e-001
  6.9627e-001
  9.9564e+000
  7.9863e+001
  5.4958e+002
  2.1107e+000
  3.8295e+000
  9.7603e+001
  3.6452e+002
  1.6843e+001
  6.2063e+001
  7.0204e+001
  2.0402e+001
  1.3842e-001
  3.3072e+002
  4.3828e+001
  1.0722e+000
  7.5117e+000
  4.7562e-001
  4.1881e-001
  2.8541e+002
  5.4799e-002
  4.4359e+002
  1.3626e+002
  1.4454e+002
  1.6359e+002
  4.7198e-001
  6.0280e-001
  2.9709e-001
  9.8486e-001
  8.2274e+000
  3.5186e+002
  3.5865e+002
  1.2763e+002
  1.1449e+002
  3.6005e-002
  7.2034e+000
  1.3087e+000
  1.8787e+002
  2.7091e+002
  7.9454e+001
  3.2329e+002
  4.5530e+002
  3.4672e+001
  2.9140e+000
  1.9859e+001
  4.6313e+001
  4.6925e-001
  2.1147e+002
  8.4184e-002
  6.6521e+002
  1.8856e+002
  3.8097e+001
  3.2256e+001
  4.3771e+002
  1.0547e+002
  1.7235e-001
  6.5264e-001
  1.2871e+000
  1.6153e+002
  3.5920e+001
  4.5045e-001
  8.3521e+001
  2.8930e-001
  4.0340e+001
  6.2894e+001
  4.4379e+000
  8.0480e-001
  1.2601e+002
  1.2836e+002
  6.0060e+002
  1.8535e+000
  1.6423e+002
  7.4012e+001
  3.3553e-001
  5.8907e-002
  5.8139e+002
  6.7796e+000
  2.2896e+002
  3.5718e-001
  5.5729e-001
  1.2497e-001
  8.8226e-001
  1.0199e-001
  3.2283e+002
  3.2900e+002
  6.0261e+002
  4.6573e-001
  1.8690e+002
  7.1041e-001
  6.8509e-001
  9.9919e+001
  4.1290e+002
  1.3640e-001
  6.6817e-002
  3.6870e+002
  4.1320e+000
  8.4583e-002
  5.2133e+002
  1.2071e+000
  3.2761e+002
  1.6536e-001
  2.3638e+001
  2.4248e+002
  2.2798e-003
  1.7557e-002
  1.5263e+001
  3.6846e+001
  2.3293e+002
  2.6515e-001
  2.2752e+002
  1.1470e+001
  3.2978e-001
  4.1456e+002
  6.8344e+002
  4.4218e+000
  3.6163e+000
  1.8385e-001
  1.2456e+002
  3.4546e+002
  4.7361e-001
  6.5482e+001
  8.4125e+000
  1.5614e+002
  3.5525e+001
  2.5930e-001
  2.2185e+002
  2.8036e-003
  4.5325e+002
  3.4944e+001
  7.6912e+000
  3.2094e+002
  1.0934e+002
  1.2753e-001
  2.0379e+000
  4.6118e+000
  3.2936e+002
  7.6632e-002
  5.2291e+001
  6.5297e+002
  3.3935e+001
  1.6027e+000
  2.0281e+002
  2.8193e+001
  7.6540e+002
  3.0789e+002
  2.3426e-001
  6.1212e+000
  5.6060e+001
  2.9462e-001
  3.3926e+001
  1.0440e+000
  7.0251e+001
  1.7419e-001
  9.2173e+002
  1.5276e+000
  1.8178e-001
  5.6265e+000
  6.2134e-001
  3.9493e-001
  4.1425e+001
  3.0636e-001
  6.4932e-001
  5.1265e+001
  4.7160e-001
  3.7432e+002
  1.0644e+001
  4.2890e+002
  6.3545e+002
  9.5970e-001
  9.0305e-002
  4.3404e+001
  1.0523e+002
  1.4762e+002
  1.4838e+002
  3.5224e-001
  4.0727e+002
  4.6296e+000
  3.4097e-001
  1.1819e+002
  9.7121e-002
  2.2561e-001
  6.5683e+001
  6.0689e+000
  3.5067e-002
  4.2988e-001
  2.9479e-002
  3.1501e-001
  1.0937e-001
  2.1051e-001
  4.7578e-001
  2.6062e+001
  3.4056e-001
  1.5818e+001
  1.7149e-001
  4.2771e+000
  6.9962e-001
  5.3243e-002
  2.4560e+002
  1.0325e+000
  3.6209e+001
  3.8578e+002
  2.5678e+001
  6.5590e-002
  7.2780e-002
  9.0870e+000
  1.6073e-001
  2.0817e+000
  4.9246e-001
  3.3728e+002
  5.7339e+001
  1.9260e-001
  2.7354e+002
  1.9926e+002
  1.2938e+001
  2.5234e-001
  4.0073e+002
  3.0077e+002
  1.6623e+002
  2.2853e-001
  5.6332e-001
  7.6626e+002
  5.6620e+002
  8.4449e-001
  5.5995e-001
  3.2280e-001
  3.7184e+002
  2.5125e+002
  3.3853e-001
  2.1014e+002
  6.2064e+002
  1.1600e-001
  8.0597e+001
  4.9217e-001
  1.3405e+000
  3.5274e+002
  1.3249e+000
  3.0485e-001
  5.5967e+001
  1.4102e-001
  6.3472e+000
  2.2972e-002
  1.6097e-001
  1.1607e-001
  1.5892e-001
  3.4829e+001
  1.7831e+002
  4.7050e-002
  2.3422e+001
  3.0987e-001
  4.3528e-001
  2.3472e-001
  3.9847e-002
  2.2687e-001
  4.1342e-001
  9.9888e-002
  1.1265e+000
  4.9711e+002
  4.8480e+001
  4.5563e-001
  5.2160e+002
  1.2611e-001
  4.3877e+002
  8.9919e+001
  6.0756e-001
  7.0696e+002
  6.8488e-001
  9.0736e-002
  2.7724e+001
  1.5915e+002
  2.0408e+002
  6.3376e-002
  2.5083e-001
  1.0725e+003
  7.2870e-001
  2.4356e+002
  2.4265e+002
  3.1521e-001
  3.8798e-001
  5.5328e+000
  4.9631e-001
  2.0499e+002
  4.1721e-001
  3.4791e+002
  1.9667e+001
  1.6742e+001
  9.4058e-001
  5.3105e-001
  2.6180e+002
  3.9021e+001
  6.6646e-002
  7.7489e-001
  1.0970e+001
  2.3402e+001
  8.8106e+001
  7.3315e+000
  4.4753e-002
  3.0640e-001
  1.9566e+002
  7.0623e-001
  2.0885e+002
  1.5747e+000
  1.2724e-001
  2.7503e+002
  5.0131e+002
  2.6802e-001
  3.7518e+002
  8.5721e+000
  1.3718e+000
  1.0845e+000
  4.6629e-001
  3.1087e+001
  5.7397e-001
  1.5091e+002
  6.6028e-001
  6.5513e-001
  2.2299e+002
  1.6369e+002
  7.5389e-001
  8.4623e+001
  4.2045e-001
  1.1675e-001
  7.4610e-001
  2.8228e+002
  1.9823e+000
  1.7478e+000
  9.9162e+001
  3.1993e+001
  2.1857e+002
  1.9681e+002
  2.5295e+002
  3.6207e+001
  8.3436e-002
  9.1406e-001
  3.0514e+002
  9.5840e-001
  2.4883e+000
  3.0850e+001
  1.6373e+001
  2.1599e+002
  8.5397e-001
  1.8893e+000
  5.5649e+001
  1.1058e-001
  2.0208e+002
  1.3581e+000
  2.9130e-001
  6.7693e-001
  2.8111e+002
  1.5379e+000
  7.1706e+000
  1.4472e+002
  1.7306e+002
  8.0577e+001
  8.0732e+001
  1.8237e-001
  1.0214e+000
  3.5616e+000
  8.8387e+002
  9.5883e-002
  7.9585e+001
  3.2475e+001
  1.2929e+000
  2.8099e+001
  1.1426e+000
  7.7909e+001
  6.4134e-001
  1.6248e+000
  2.6777e+001
  1.9043e+001
  6.3246e-001
  3.5106e+001
  9.6173e-003
  1.9591e-001
  8.3889e-001
  6.8251e-001
  4.3760e+002
  5.2724e-001
  6.4618e+002
  9.2091e+001
  2.7949e+002
  1.4889e+000
  3.6583e-001
  2.8096e+001
  7.9728e+001
  3.4408e+000
  8.9747e+002
  2.0404e-001
  1.5610e-001
  8.5994e+001
  1.7089e-002
  3.7865e-001
  3.5300e-001
  2.9119e+001
  4.5156e+002
  9.6385e+002
  2.0492e-001
  3.4021e-001
  1.7627e-001
  4.5756e+001
  2.3257e-001
  1.3656e-001
  1.1757e+002
  1.0381e+000
  8.4708e+001
  5.2785e+000
  1.3829e-002
  3.3892e+002
  2.8481e+001
  1.8222e-001
  3.9417e-001
  4.9862e+002
  1.8455e+002
  4.3771e-001
  7.3115e+001
  9.4635e-001
  1.4748e+002
  2.7912e-002
  1.2902e-001
  1.4037e+000
  2.5952e-001
  2.7668e-001
  5.5352e-001
  5.1412e+002
  1.9384e+000
  4.4588e-001
  1.3731e+002
  4.3408e+002
  5.9211e+002
  7.3835e-001
  3.1061e-001
  2.7569e+002
  6.0554e+000
  9.3034e-001
  7.6195e-001
  1.0809e+000
  1.5527e+002
  1.5516e+002
  3.4770e-001
  6.3688e-001
  5.6448e+001
  4.5465e+001
  1.0440e+002
  2.4243e+001
  4.5174e+002
  4.9068e+002
  2.3033e+000
  4.8612e+001
  6.9801e-001
  7.9738e-001
  2.1387e+002
  1.5265e+002
  1.5430e-001
  1.4316e+002
  3.5593e-001
  4.0801e-002
  4.2976e+001
  1.7591e-001
  7.7909e-003
  6.9334e-001
  8.6553e+002
  4.9952e+001
  4.8760e+001
  1.7652e+000
  1.9707e+001
  4.3166e-001
  1.1297e+000
  7.4368e+001
  1.4280e-001
  2.2730e+000
  7.3343e+002
  2.2133e+002
  1.1760e+002
  2.2125e-001
  5.7287e+001
  9.2511e+002
  1.8253e+002
  1.6545e+002
  2.0899e+000
  8.7303e-002
  9.3914e-001
  1.2283e+000
  2.0722e+000
  6.8000e+001
  1.4170e+002
  6.1810e+002
  2.9613e+002
  4.7595e-001
  3.9753e+002
  3.6149e+002
  1.0709e+002
  4.6406e-001
  2.9602e-001
  2.8089e+002
  2.8448e+001
  4.8398e-001
  5.9443e+001
  5.0952e+001
  1.2063e+000
  6.1619e+001
  5.4839e-002
  5.0209e+002
  2.7180e-001
  5.4650e+001
  2.2280e-001
  1.4968e-001
  8.8204e-001
  3.4805e+001
  1.7104e+002
  5.8722e+001
  3.0529e-001
  1.0857e+000
  5.6797e+000
  1.4960e+001
  5.0767e-002
  2.3804e-001
  9.7538e-001
  2.2756e+002
  2.4942e+001
  1.0219e+001
  5.4643e+001
  4.7639e+001
  8.6296e-001
  5.3790e+001
  5.1314e+000
  8.4707e+000
  1.1328e+001
  3.4096e-001
  1.4512e+000
  3.4339e+002
  2.1129e+001
  6.9232e+001
  2.3436e-001
  2.6767e-001
  6.7010e+001
  1.0288e+002
  3.4064e+002
  2.9565e+002
  3.2019e-003
  4.1276e+000
  9.2440e+000
  4.1266e+000
  1.4866e+001
  9.1585e+001
  1.3139e+001
  2.4884e+002
  6.6055e+001
  4.1852e+002
  3.7647e+002
  2.2513e-002
  8.8180e+001
  1.6275e-001
  7.4467e+001
  1.4628e+002
  5.3298e+001
  6.6030e-002
  1.9994e+000
  9.0130e-001
  1.1286e+001
  2.2033e+000
  1.7198e-001
  7.9471e-001
  5.3622e-001
  4.6098e+002
  2.6015e+000
  9.7424e+001
  8.2745e+001
  6.0149e+001
  1.0140e+002
  6.5225e+000
  4.2912e+002
  1.9975e+000
  1.7510e-001
  8.3278e-001
  1.6542e-001
  1.5315e+001
  1.4100e+000
  1.9332e+001
  9.5843e+001

