  2.8199e-001
  4.2353e-001
  1.4058e+000
  9.6405e-002
  1.0198e+000
  5.8415e-001
  1.1978e-001
  8.0179e-001
  5.4661e-001
  4.7637e-003
  5.9913e-002
  4.4973e-002
  7.5442e-001
  2.4752e-001
  3.4117e+000
  5.3757e-001
  1.5969e+000
  1.6377e-001
  4.9187e-001
  1.6094e+000
  1.6473e-001
  2.1180e+000
  1.4407e-001
  9.9505e-001
  5.7989e-001
  9.5636e-001
  5.7925e-001
  2.9541e-001
  4.2206e+000
  7.1558e-002
  1.0629e+000
  1.7698e-001
  6.2471e-001
  2.3655e+000
  1.4970e-001
  5.3592e-001
  5.2424e-002
  8.6956e-001
  2.0042e-001
  7.8013e-002
  9.3869e-001
  5.8477e+000
  2.6298e-002
  7.8472e-001
  8.1987e-002
  2.1204e+000
  6.7881e-002
  2.3425e+000
  1.3077e-002
  8.1520e-001
  1.1051e-002
  9.6212e-002
  4.0513e+000
  1.3062e+000
  2.7682e+000
  2.8584e-001
  1.6435e-001
  2.0583e-001
  2.7199e-001
  2.0452e-001
  8.7710e-001
  6.0308e-001
  6.7120e-002
  6.7786e-001
  4.8013e-001
  4.4307e-001
  1.6591e-001
  3.4041e-001
  3.2914e-001
  2.0764e-001
  4.7189e-001
  3.9003e-001
  1.8348e+000
  2.9917e+000
  7.6838e-002
  3.1831e-001
  6.4361e-002
  4.6424e-001
  6.1896e-001
  2.5162e-001
  7.7968e-001
  1.0106e-001
  2.1292e+000
  2.9860e+000
  7.4223e-001
  5.8344e-001
  8.6430e-002
  2.6697e-001
  5.3230e-001
  1.2547e+000
  2.9230e-001
  3.5613e-001
  4.4878e-005
  2.2469e-001
  1.0258e+000
  3.9097e-002
  1.8324e+000
  1.0180e-002
  3.8571e-003
  1.7228e+000
  1.7129e-001
  6.2857e-001
  1.7191e+000
  1.6310e+000
  9.4520e-001
  3.4141e-001
  5.1351e-001
  7.5236e-002
  5.9526e-001
  3.9875e-002
  2.9717e+000
  6.5887e-002
  4.8325e-001
  3.1606e-001
  2.3752e+000
  5.1755e-001
  1.0259e-001
  2.7095e-001
  1.1077e-001
  2.1606e-001
  1.2104e-001
  6.2783e-001
  2.0104e+000
  9.1480e-001
  3.6979e-001
  5.2167e-001
  3.5071e-001
  9.5455e-001
  3.0701e-001
  2.7381e+000
  3.9208e+000
  8.1178e-001
  1.3100e+000
  4.8921e+000
  7.2937e-001
  2.1367e-001
  3.3677e-001
  9.4782e-002
  4.8015e-001
  4.8162e-001
  2.2114e+000
  7.5071e-002
  4.7499e-001
  6.5494e-001
  1.9246e-001
  1.2090e+000
  2.2861e+000
  1.4401e+000
  1.1521e+000
  9.6557e-001
  2.6784e-001
  3.3702e-001
  3.6183e-002
  1.9716e+000
  1.9842e+000
  8.1565e-001
  2.4764e+000
  2.4463e-002
  6.5742e-002
  2.8544e-001
  2.1996e-002
  1.0613e+000
  9.8991e-001
  8.2255e-001
  3.6407e-001
  1.8621e+000
  5.0169e-002
  4.2016e-001
  1.2699e+000
  9.7296e-001
  1.9630e-001
  4.4070e-001
  4.9129e-001
  2.3246e+000
  1.8403e-001
  1.6420e-001
  3.6904e+000
  9.0532e-001
  9.2939e-001
  1.2393e+000
  1.1579e+000
  1.1123e+000
  1.5038e+000
  1.0478e+000
  1.9083e+000
  7.0248e-001
  4.5246e-001
  5.7503e-001
  3.5527e-001
  1.0327e+000
  3.3790e+000
  2.4064e-001
  2.4124e-001
  3.1757e-001
  7.9403e-001
  3.8045e-001
  6.0143e-001
  4.2942e+000
  2.7533e-002
  2.9936e-001
  2.4286e-001
  1.4922e-001
  3.0756e-001
  2.4239e-001
  5.8233e-002
  2.5410e+000
  2.0801e+000
  1.7167e+000
  1.0280e-001
  2.4494e-001
  8.4778e-003
  1.2854e+000
  9.8076e-002
  1.1010e-001
  6.3483e+000
  4.0568e-001
  4.5257e-002
  1.4344e+000
  2.9893e-002
  4.8936e-001
  1.9075e-001
  4.4293e-002
  1.5310e-001
  4.9900e+000
  7.2430e-002
  5.1493e-001
  2.3697e+000
  9.4861e-001
  1.2402e-001
  1.8278e+000
  9.0732e-001
  6.5485e-001
  9.3093e-001
  1.6796e+000
  6.5595e-001
  1.1275e-001
  1.2777e+000
  1.8093e-001
  3.5970e-001
  8.9738e-001
  2.0000e-001
  6.0806e-001
  2.1729e+000
  4.4075e-001
  1.4306e-001
  4.3663e-001
  2.0379e-002
  4.8345e-001
  3.1737e-001
  4.7796e-001
  3.2273e-002
  6.7685e-002
  1.0064e-001
  3.4550e-001
  3.2662e+000
  5.0765e-001
  4.8611e-001
  1.8806e+000
  5.1319e-001
  6.9849e-002
  2.0829e+000
  1.5261e-001
  3.4705e-001
  5.7760e-001
  4.9714e-001
  4.6176e-001
  2.1995e-001
  9.5413e-001
  3.5703e-001
  1.9208e+000
  9.0946e-001
  6.5378e-002
  1.7648e+000
  3.6909e-002
  1.3130e-001
  2.0533e+000
  4.2245e-001
  6.4357e-001
  7.0678e-001
  1.2486e+000
  9.4028e-001
  1.6417e+000
  1.5438e+000
  1.7458e-001
  8.0028e-002
  2.9422e-001
  3.2730e+000
  1.7535e+000
  1.5775e-001
  2.1132e+000
  8.7122e-001
  2.3422e-001
  1.4414e-001
  4.9479e-001
  4.5979e+000
  4.7885e-002
  2.1385e-001
  3.6372e-002
  2.3363e-001
  3.7266e-001
  1.2029e+000
  9.0533e-001
  2.1641e+000
  3.4924e-001
  3.2141e+000
  5.2575e-001
  6.0976e-001
  5.3328e-001
  1.8339e-001
  1.8621e-001
  4.9999e-002
  2.3683e+000
  2.1778e+000
  2.7226e+000
  1.2180e+000
  2.9055e-001
  3.7695e-001
  2.3528e+000
  5.5764e-001
  2.0931e-001
  2.5512e+000
  1.3000e-001
  1.2209e+000
  2.6917e+000
  1.9010e+000
  2.2691e-002
  9.5721e-002
  3.5227e-001
  2.1768e-003
  2.5907e+000
  2.2900e-001
  8.0674e-002
  1.0352e-001
  9.5350e-002
  2.9519e-001
  8.5944e+000
  4.8653e-002
  7.6764e+000
  6.1374e-001
  1.2530e+000
  1.8153e+000
  6.3491e-001
  3.2883e+000
  1.9802e-001
  3.0152e-001
  1.0527e+000
  3.1056e-001
  2.7038e+000
  2.6545e+000
  9.2269e-002
  1.1855e-001
  7.3814e-001
  8.9205e-001
  2.2679e-001
  2.1084e-002
  5.1477e-004
  1.5524e-002
  7.6730e-001
  4.4314e+000
  8.3244e-001
  1.0874e+000
  1.8213e-001
  2.5493e-001
  1.5906e+000
  1.4372e+000
  3.2638e-001
  3.7168e-001
  1.5966e-002
  2.3715e-002
  5.3689e-001
  8.9928e-001
  1.1906e+000
  1.5695e-001
  4.4754e+000
  2.3517e-002
  3.4765e-001
  1.3712e-001
  1.4962e-002
  2.3557e+000
  2.4810e-001
  5.3615e-001
  5.4429e-002
  4.6045e+000
  1.7116e-001
  3.8512e+000
  1.9237e-001
  8.3206e-004
  4.5375e-001
  1.3013e+000
  1.4542e-001
  2.2059e-001
  2.7404e+000
  3.9724e-001
  3.4404e-001
  6.5417e-001
  2.8720e-001
  3.2307e+000
  2.3604e-002
  9.0944e-002
  9.3279e-001
  4.6988e-001
  3.0457e-001
  7.9319e-001
  1.1716e-001
  4.6859e-001
  3.1091e-001
  1.7715e-001
  8.7182e+000
  5.7278e-001
  3.4786e-001
  4.9848e-002
  3.1192e-001
  4.5448e-001
  1.0879e-001
  1.6433e-001
  2.6497e-001
  1.0073e+000
  7.4287e-001
  8.1537e-001
  2.4064e-002
  1.9573e+000
  1.3781e+000
  9.8578e-001
  1.6434e-002
  1.7528e+000
  1.0722e-001
  4.1632e+000
  2.2164e+000
  1.1828e+000
  2.9958e-002
  8.0583e-001
  9.0724e-001
  1.7355e+000
  5.9379e-001
  3.1245e-001
  1.3604e+000
  1.4929e+000
  3.0632e-001
  7.5765e-001
  2.3648e+000
  9.7658e-001
  1.2793e+000
  6.2535e-001
  4.3339e-001
  2.7309e+000
  2.3141e+000
  3.8391e-002
  7.4073e-001
  6.9759e-001
  2.6386e+000
  3.0548e-001
  5.7808e-002
  3.0208e-001
  2.0109e+000
  2.0371e+000
  1.8798e-001
  3.1883e+000
  8.4310e-001
  2.6224e+000
  3.8504e-001
  1.1764e+000
  2.4790e+000
  1.9592e-001
  8.8895e-001
  1.1186e+000
  2.4724e-001
  1.9630e+000
  9.5493e-001
  3.0083e-001
  7.7774e+000
  5.9996e-001
  9.5017e-001
  1.2775e-002
  3.2172e+000
  1.0190e+000
  2.8651e-002
  4.6721e+000
  3.4452e-001
  6.6259e-001
  3.7534e-002
  1.2316e+000
  8.7708e-001
  8.9710e-002
  6.7356e-003
  3.5028e-002
  8.1988e-001
  1.1237e+000
  9.2253e-002
  3.7362e-002
  1.2048e-001
  1.6347e-001
  3.7825e-001
  1.7492e+000
  4.6670e-001
  5.8205e-001
  2.1479e-001
  4.5543e+000
  2.4319e+000
  1.1733e-001
  1.2758e+000
  5.3280e-001
  1.0021e+000
  3.3223e-001
  8.6757e-001
  2.1934e-001
  1.5822e-002
  8.7454e+000
  3.7356e-001
  1.8468e+000
  9.8851e-001
  3.6542e+000
  2.3102e+000
  8.5764e-001
  5.4583e-001
  2.7251e+000
  3.6678e-002
  2.5918e+000
  3.8979e-002
  3.7319e-001
  1.4679e-001
  1.5265e-001
  3.5561e-001
  1.2734e+000
  1.6008e+000
  9.4349e-001
  1.0950e+000
  2.5825e-001
  9.5859e-002
  3.4963e-001
  4.1093e-001
  6.0829e-001
  1.9740e+000
  5.8086e-001
  4.7861e-001
  5.3232e-002
  7.4149e-001
  3.5107e-001
  1.0124e-001
  4.2414e-001
  7.3435e-001
  1.2468e+000
  1.8357e+000
  2.5536e+000
  2.4393e+000
  8.5905e-001
  1.6570e-001
  5.9169e-002
  3.9580e-001
  1.0962e+000
  1.7217e+000
  1.8456e-001
  4.1582e-001
  2.1051e-002
  2.9980e+000
  3.6376e-001
  2.4392e-002
  2.1986e-002
  1.8060e-001
  1.4086e+000
  1.7052e+000
  2.4346e-001
  4.8661e-003
  3.6564e-002
  2.0190e+000
  2.3251e+000
  2.4593e+000
  1.4606e+000
  6.3824e-001
  2.7690e-001
  2.1134e-001
  1.6597e-001
  2.1361e-001
  2.1284e+000
  2.8601e-001
  8.6173e-001
  2.7997e-001
  2.1191e-001
  1.1161e+000
  3.0673e-001
  3.0281e+000
  2.7643e-001
  5.1241e-001
  7.9835e-001
  4.1081e-001
  7.5052e-001
  1.0483e+000
  1.6514e-001
  6.8387e-001
  4.0544e-001
  3.8473e-001
  4.4846e+000
  1.4516e-001
  7.0715e-001
  2.4449e+000
  5.2754e+000
  5.8811e+000
  6.1157e-001
  1.8122e-001
  1.0139e+000
  3.3759e-001
  2.2417e-001
  8.7888e-001
  1.0846e-001
  1.5600e+000
  3.5326e-001
  1.3781e+000
  1.0061e+001
  4.2212e+000
  9.5137e-001
  1.3020e+000
  1.5387e+000
  3.4310e-002
  4.0673e+000
  8.0934e+000
  2.2474e+000
  8.4709e-001
  8.2452e-001
  3.4921e-001
  5.7670e-001
  8.8279e+000
  6.9373e-001
  3.3180e+000
  9.7906e-001
  2.6257e+000
  6.0008e-002
  7.7432e-001
  4.3375e-001
  3.4405e+000
  1.9770e-001
  1.5988e+000
  1.0612e+000
  8.4231e-002
  3.4127e-001
  3.0889e-001
  3.1907e-001
  1.8267e+000
  1.3983e-001
  5.1222e-001
  3.9651e-001
  7.2736e-002
  7.5584e-001
  2.6686e-001
  1.7348e-001
  6.4022e-001
  2.1846e+000
  1.0453e+000
  1.7929e+000
  2.6131e-001
  7.7113e-001
  2.0255e+000
  2.9900e+000
  6.3529e-002
  4.0059e-001
  2.9444e-001
  1.8018e+000
  1.0065e-001
  1.8125e+000
  8.8002e-001
  1.3129e-001
  3.5410e-002
  2.6851e-002
  4.0900e+000
  4.5767e-001
  3.9041e+000
  1.9668e-001
  1.1690e+000
  5.1469e-001
  9.6829e-001
  6.2195e-001
  1.7813e+000
  2.4941e+000
  4.7729e-001
  1.2022e+000
  9.1028e-002
  3.2093e+000
  1.0467e+000
  2.8648e+000
  1.0672e-002
  3.5698e+000
  1.6001e+000
  1.3837e+000
  4.8496e-001
  4.0940e-001
  1.3810e-001
  6.8464e+000
  3.3559e-002
  2.9117e+000
  1.2836e+000
  1.0297e+000
  1.9570e-001
  8.4811e-002
  1.8134e+000
  3.7128e+000
  8.1079e-001
  4.8657e-001
  1.5806e-001
  2.3620e+000
  7.1333e-001
  7.9501e-001
  5.0736e-001
  1.3289e+000
  2.2625e+000
  5.4131e+000
  2.3239e-001
  2.5197e+000
  2.8995e-001
  1.3236e+000
  4.8954e-001
  1.8880e+000
  3.6417e-001
  6.5519e-001
  1.1418e+000
  1.1772e+000
  6.3266e-001
  1.6151e+000
  7.9225e-002
  2.7068e+000
  2.9721e-001
  5.9783e-002
  1.8196e+000
  1.6209e+000
  1.5709e-002
  3.9488e-002
  7.1977e+000
  1.7109e-001
  2.2135e-001
  1.0151e+000
  3.1022e+000
  1.5421e+000
  2.4215e-001
  4.0304e-002
  4.4897e+000
  1.5554e-001
  2.2641e-002
  2.5989e-002
  1.2977e+000
  6.8724e-002
  7.2569e-002
  8.0873e-001
  4.8033e+000
  5.4618e-001
  2.4549e+000
  5.5363e-002
  9.4953e-002
  6.5752e-001
  6.7299e-001
  4.4981e-001
  8.1911e-001
  3.2001e+000
  1.8247e-001
  2.9447e-001
  2.1861e+000
  1.5018e-001
  8.2718e-001
  5.6707e-003
  6.8611e-001
  1.1776e-001
  1.3743e-001
  2.4095e+000
  1.0849e+000
  7.2065e-002
  3.6399e-001
  1.5455e-001
  7.9117e-001
  8.6599e-001
  7.4740e-002
  9.4603e-001
  9.3058e-001
  2.4162e+000
  9.2837e-001
  2.0670e-001
  1.2344e-001
  6.5822e-002
  5.5361e-001
  5.3972e-001
  1.3203e-001
  1.6338e-001
  7.9113e-002
  1.8960e-001
  5.9535e-001
  1.5083e+000
  7.6098e-001
  4.8720e-001
  6.7196e-001
  1.2036e+000
  7.1014e-002
  4.1689e-001
  3.1657e-001
  4.9316e-001
  5.2771e-002
  8.6795e-001
  2.7807e-001
  1.3524e+000
  2.6953e-002
  2.2891e-002
  8.4536e-002
  4.4578e-002
  4.0474e-001
  1.6752e+000
  5.0101e-001
  8.3635e-001
  7.3191e-001
  1.1423e+000
  5.8454e-001
  1.4286e-001
  2.0409e-001
  5.2543e-001
  5.6129e-003
  9.0678e-001
  1.9864e-001
  3.4016e-001
  9.3560e-002
  6.4332e-001
  3.3938e-001
  5.2755e-001
  1.8162e+000
  2.5316e-001
  2.5261e+000
  3.6033e+000
  7.5328e-001
  2.8296e-002
  1.9118e-001
  1.0660e+000
  3.2906e+000
  1.5404e+000
  5.1518e+000
  1.3744e+000
  3.4236e-001
  8.1626e-001
  1.5755e+000
  1.7422e-001
  2.5615e-001
  6.3897e-001
  3.8281e+000
  7.3998e-001
  4.3446e-001
  1.4068e+000
  9.3770e-001
  7.8650e-001
  6.2574e+000
  2.0984e-001
  4.5956e-001
  1.5782e-002
  2.8781e+000
  1.1600e-001
  7.6462e-001
  2.7750e-001
  1.0102e-001
  1.2765e+000
  7.8521e-001
  7.0331e-001
  1.3658e-001
  2.9860e+000
  2.0423e-001
  1.4352e+000
  6.4241e-002
  3.5631e-001
  2.3978e-002
  3.0686e+000
  1.2089e-001
  6.5492e-002
  4.1391e-001
  4.3087e-002
  2.8666e-001
  5.7914e-001
  3.8241e-001
  7.5495e-001
  1.4696e+000
  1.7509e+000
  1.5186e+000
  2.4403e-001
  7.2746e-001
  8.7711e+000
  3.9230e+000
  7.9955e-002
  4.3013e-001
  2.6307e-001
  2.5430e-001
  6.4950e-002
  3.9727e-001
  8.0941e-002
  1.5785e+000
  2.0505e+000
  1.8072e+000
  4.9077e-002
  1.1404e+000
  1.0147e+000
  1.1063e+000
  1.8258e+000
  9.5882e-002
  3.9764e-001
  1.6146e+000
  2.9366e-001
  2.9608e-001
  1.7514e-001
  3.3128e+000
  9.5753e-001
  2.7630e+000
  1.0369e+000
  4.4239e-001
  1.7430e-001
  8.6213e-001
  5.3541e-001
  1.2937e+000
  5.6977e-002
  1.3132e+000
  1.6411e-001
  1.0248e+000
  4.4957e-001
  1.4549e+000
  2.8257e-001
  5.1761e-002
  8.8546e-001
  1.7061e-002
  4.7075e-001
  5.6345e-001
  1.9654e-001
  1.2853e+000
  3.5313e-001
  7.5987e-001
  1.9011e-001
  1.4799e-001
  1.3180e+000
  7.9679e-001
  3.4742e+000
  8.8867e-001
  1.3530e+000
  7.2335e-002
  1.3237e+000
  6.4482e-001
  8.9484e-001
  6.5604e-001
  6.7814e-001
  2.8894e-001
  3.0905e-001
  1.0796e-001
  7.1053e-001
  4.4446e-001
  1.8258e+000
  1.2243e+000
  2.2337e+000
  3.2871e-001
  1.5659e-002
  2.7493e-003
  1.1129e-001
  1.8832e-001
  2.3769e+000
  3.1732e+000
  1.9846e-001
  3.9157e-001
  1.0666e+000
  2.5587e-002
  9.4104e-001
  6.5285e-001
  3.4890e-001
  7.9918e-001
  7.6445e-003
  5.2847e+000
  9.0576e-001
  9.3924e-002
  6.6717e-001
  1.3834e+000
  1.3578e-001
  3.9860e-001
  5.2162e-001
  1.1983e-001
  4.8498e-002
  3.3783e-002
  5.3610e-001
  5.9647e-001
  1.2660e-001
  8.2146e-001
  5.5946e-001
  1.0615e-001
  1.1391e+000
  3.2459e-001
  5.2321e+000
  3.7980e-001
  3.1523e-001
  8.2659e-001
  1.0476e-001
  2.1535e+000
  1.1352e+000
  6.7967e-002
  6.0772e-001
  3.5760e-001
  4.5494e-001
  1.9804e+000
  1.3282e+000
  5.2730e-001
  1.6159e-002
  8.3319e-002
  1.3481e-001
  1.3157e-001
  3.7542e-001
  2.0536e+000
  6.2445e-002
  4.7581e-001
  1.9696e-002
  4.7899e-001

