   0.4701
   0.9034
   0.8561
   1.5416
   1.8517
   0.5123
   0.9122
   0.5228
   0.4218
   1.1862
   1.0338
   2.5737
   1.8107
   0.5847
   0.7187
   0.7847
   0.2741
   0.4718
   0.7757
   0.3751
   1.7130
   0.5888
   1.2823
   2.4012
   0.8521
   1.5253
   0.6167
   1.7722
   0.7646
   0.8345
   0.6892
   0.8480
   1.2993
   1.1285
   0.9708
   1.0191
   0.4712
   0.5078
   1.4654
   0.8852
   1.3705
   1.1600
   0.9041
   1.3789
   0.7747
   1.3950
   1.0687
   0.7669
   0.8228
   1.5916
   0.3788
   0.9169
   0.8523
   0.9638
   0.4867
   0.2997
   1.9482
   0.6888
   0.4463
   0.7909
   0.7367
   0.4628
   0.5360
   0.2055
   0.5187
   0.5605
   1.3907
   0.6521
   0.8904
   0.6558
   0.6850
   0.8920
   0.9443
   1.0954
   0.6757
   1.2508
   0.2291
   0.4826
   1.6141
   0.3620
   1.0459
   0.9221
   1.3958
   0.9293
   0.9239
   0.2574
   0.3400
   1.0136
   0.4789
   0.6652
   0.6111
   0.4546
   0.8831
   1.0467
   0.5697
   0.9102
   0.4657
   0.6839
   0.5227
   0.4566
   1.7718
   0.5967
   0.8547
   0.9948
   0.6787
   1.1237
   1.5434
   1.7438
   0.6460
   0.6015
   0.8744
   0.8229
   1.9514
   1.2057
   1.9913
   0.4648
   1.6691
   0.4260
   0.6656
   1.1702
   1.1574
   1.0545
   0.5607
   0.4874
   0.8466
   0.9048
   1.4086
   1.6508
   1.4094
   3.4431
   1.0579
   0.9496
   0.7059
   0.6883
   0.7151
   1.1078
   0.7758
   1.1046
   0.2885
   0.5877
   1.7794
   1.2194
   0.6873
   2.3055
   1.7988
   0.6846
   0.2540
   0.8284
   1.5608
   0.5963
   0.5668
   1.9067
   1.2858
   1.7071
   1.7417
   0.6297
   0.4231
   0.7419
   0.5680
   0.3839
   3.0742
   0.2496
   0.8315
   0.8923
   2.1640
   0.4091
   0.7644
   0.7787
   1.8719
   0.5837
   1.6699
   1.6301
   1.0915
   2.3330
   1.0546
   0.7901
   0.2418
   1.1867
   0.5800
   0.6114
   1.2183
   0.8809
   0.8848
   0.8850
   0.4544
   2.1609
   1.1853
   1.4222
   1.0583
   0.5703
   2.5107
   1.3985
   0.3233
   0.5915
   0.9182
   0.6871
   1.3258
   1.3478
   1.4824
   1.1120
   0.6037
   0.6303
   2.3367
   1.0809
   1.1202
   0.3969
   1.3960
   0.9490
   1.1792
   0.5528
   0.3499
   0.2851
   1.0723
   0.7173
   0.7712
   0.5230
   2.6074
   0.8142
   0.5486
   1.0657
   0.6222
   0.5804
   0.3810
   1.0325
   0.4951
   1.6024
   1.0989
   0.9545
   0.3202
   2.3361
   0.8024
   0.8391
   0.7209
   0.5840
   0.7218
   1.9398
   1.3436
   3.7552
   0.5560
   0.7197
   1.3626
   0.4402
   1.0801
   0.9099
   0.7859
   0.7433
   1.2885
   1.4219
   1.0102
   0.5820
   0.9880
   0.3863
   1.1084
   1.2533
   1.6868
   0.4784
   0.6361
   0.3458
   1.0878
   0.7105
   0.6976
   1.0991
   0.8902
   1.2011
   1.5256
   0.9324
   1.2718
   0.6720
   0.9111
   1.0154
   0.4671
   1.4072
   0.9277
   0.3144
   1.0125
   0.2338
   0.3559
   1.0302
   1.1606
   0.8501
   1.7713
   1.0372
   1.0422
   1.0145
   0.5984
   1.3065
   1.3691
   2.6794
   1.5860
   0.9563
   1.9451
   1.0494
   0.5144
   1.3409
   1.0755
   0.7722
   0.6942
   0.8007
   0.7013
   0.4826
   0.7549
   0.3885
   1.0914
   0.6465
   0.4120
   0.9484
   0.6437
   0.4362
   0.5837
   0.6821
   0.7370
   1.1230
   2.3561
   1.1641
   0.2312
   0.7380
   1.1207
   0.6634
   1.5292
   0.6860
   0.4818
   0.5490
   0.8016
   1.9938
   0.9999
   0.7698
   1.0508
   1.1451
   0.2240
   0.7855
   2.0320
   0.9525
   1.9004
   1.6712
   0.7204
   1.4707
   0.3298
   1.4102
   0.8621
   0.7466
   0.6829
   0.7000
   1.7876
   0.7776
   1.4928
   0.5332
   2.1259
   0.2548
   1.5314
   1.1366
   1.1081
   0.3010
   0.0926
   0.8133
   3.1235
   2.3122
   0.8157
   0.6743
   0.7952
   0.2273
   0.6677
   0.3157
   0.9519
   0.8439
   0.2429
   0.6571
   1.5137
   0.9221
   0.3321
   1.1584
   0.7433
   0.9082
   0.9824
   0.5211
   1.1213
   0.8914
   0.7844
   0.5936
   1.6693
   0.6528
   0.3269
   0.8308
   0.8741
   0.8420
   0.8996
   0.6670
   2.1883
   1.0362
   0.8516
   0.5548
   0.8327
   0.7584
   0.9803
   2.6787
   0.6735
   1.7086
   1.5023
   0.6727
   0.6593
   0.3702
   0.9529
   1.5179
   0.8325
   1.3952
   0.8777
   0.1838
   1.2477
   1.6047
   2.7988
   0.9669
   0.6529
   0.9096
   0.9504
   1.7978
   0.4344
   0.8861
   0.7369
   1.1725
   0.5545
   1.8751
   0.4727
   1.0160
   0.7329
   0.4635
   0.5991
   0.7189
   0.5204
   0.3954
   0.6817
   1.2829
   1.5566
   1.1215
   0.9243
   0.4773
   1.2221
   1.4755
   0.5322
   0.6486
   1.8603
   1.5218
   1.1271
   0.3624
   1.8006
   0.7724
   2.0288
   0.6591
   1.0159
   0.4735
   0.7692
   1.1794
   1.6524
   1.0769
   1.3310
   0.7156
   0.5325
   0.7542
   2.5884
   0.4940
   1.4389
   0.4396
   0.5337
   1.7695
   0.6571
   1.0011
   2.4278
   1.1985
   0.9437
   0.3690
   1.7185
   1.0505
   0.9933
   0.9781
   1.1696
   1.4125
   1.3785
   1.1144
   1.1723
   0.7511
   0.4352
   3.4507
   1.3519
   0.5930
   1.0365
   0.7464
   1.2384
   0.6803
   0.7966
   1.5053
   0.9436
   1.4486
   0.7065
   0.4908
   1.5927
   0.8230
   1.2028
   1.1318
   1.1477
   0.8602
   4.9284
   0.4301
   0.6606
   0.8565
   0.7354
   0.9507
   0.2434
   0.5960
   0.6957
   1.2817
   1.1252
   0.8283
   1.2595
   0.7326
   0.8945
   1.3131
   0.9172
   0.5229
   1.9972
   1.6685
   1.1016
   0.4595
   0.7975
   0.8874
   1.3861
   0.2851
   1.1553
   1.0735
   0.7694
   2.9133
   0.4205
   0.3955
   1.4084
   0.4133
   1.1418
   0.5333
   1.1109
   1.9756
   0.6467
   1.3020
   1.3244
   1.1501
   0.6683
   0.5019
   0.3279
   0.6984
   0.9194
   1.0482
   1.5081
   1.0042
   1.6297
   1.4690
   0.8036
   0.6649
   0.4683
   0.7495
   0.9366
   0.8581
   1.3387
   1.7640
   0.7426
   1.0901
   0.3626
   0.6455
   0.6459
   1.0172
   0.1881
   0.8431
   1.6266
   0.3051
   0.5136
   0.7395
   0.8259
   1.2626
   0.7621
   0.6302
   0.5583
   0.6299
   0.7795
   0.7530
   1.7036
   2.0327
   1.5013
   0.9432
   1.1292
   0.8061
   0.5453
   0.5422
   0.4243
   0.4575
   0.7182
   0.9642
   0.2247
   1.4047
   0.9762
   0.4665
   0.3569
   0.5281
   0.3001
   1.1919
   1.8703
   0.7179
   0.5645
   1.2707
   0.7358
   0.3645
   1.2916
   0.2113
   0.8468
   0.7530
   0.9810
   1.4234
   0.5155
   0.9219
   0.7507
   1.1005
   1.6070
   0.8529
   0.9308
   1.0577
   0.6730
   0.9913
   0.7407
   1.1779
   1.6982
   0.5216
   0.5729
   0.6428
   0.3418
   2.1600
   0.3254
   0.8046
   1.4326
   0.7289
   0.8824
   2.0312
   1.4419
   0.6482
   0.4818
   0.4077
   2.6387
   1.3020
   0.8143
   0.8552
   0.8988
   0.5418
   1.6142
   0.8290
   0.4745
   0.4149
   0.3938
   0.9925
   1.6649
   0.7421
   0.4616
   1.7174
   1.0185
   1.8141
   0.6694
   1.3861
   1.7143
   0.8235
   0.8949
   0.4447
   0.3811
   0.7488
   0.7306
   0.8292
   2.2005
   1.4894
   1.4198
   0.7591
   1.9808
   1.1704
   0.7252
   0.4116
   0.4948
   0.3789
   0.5616
   1.6158
   0.6357
   1.3351
   0.7469
   0.7831
   0.8570
   1.7396
   0.7908
   0.9145
   1.5803
   0.7481
   1.6452
   1.6363
   1.9648
   1.3636
   1.0300
   1.0525
   0.4097
   0.2738
   0.8925
   1.3414
   0.5020
   0.4800
   0.4801
   0.6511
   1.0504
   0.7017
   2.3025
   1.3829
   0.8716
   0.6859
   0.4694
   0.4928
   0.8717
   1.6789
   0.4272
   1.4836
   0.5734
   0.6673
   2.4016
   1.2677
   0.2664
   0.6563
   1.6373
   0.4818
   0.7192
   1.4121
   0.6345
   1.2364
   0.3560
   0.6464
   1.2810
   0.3933
   0.4416
   1.1528
   0.4045
   0.8711
   0.9282
   0.9092
   1.1882
   0.7230
   0.7619
   0.8235
   2.3389
   1.4274
   0.9827
   0.5044
   0.7511
   1.5575
   0.7970
   1.4285
   2.1976
   1.0305
   0.6323
   0.3214
   1.6400
   1.1451
   0.5901
   0.7170
   0.7807
   1.1345
   0.6616
   1.1464
   1.2045
   0.7640
   1.1730
   2.0034
   1.0470
   0.3381
   0.6107
   1.5515
   1.2096
   0.9590
   0.8123
   0.6959
   0.8113
   0.9462
   0.7366
   0.5265
   1.6440
   0.7715
   1.2309
   0.7647
   1.4595
   1.2228
   1.6728
   1.1095
   0.4759
   0.6939
   0.6230
   0.9758
   1.3455
   0.5574
   0.9669
   0.5106
   1.0660
   0.7251
   0.8461
   1.3383
   0.6660
   0.9221
   1.6270
   0.4538
   1.4774
   0.6230
   0.9831
   0.9072
   0.4804
   0.3484
   1.1318
   1.1833
   0.7505
   0.5433
   0.4091
   1.0324
   0.7390
   1.0777
   0.6039
   1.9440
   1.5208
   0.8164
   0.7829
   0.7514
   0.4460
   1.6525
   1.6253
   1.2576
   0.7245
   2.1481
   0.5770
   1.0316
   0.9416
   1.1657
   1.9827
   0.8497
   1.6093
   1.4539
   0.4277
   0.3721
   1.9606
   0.5038
   0.3522
   0.9388
   0.3770
   0.8989
   1.7222
   1.4483
   0.7815
   0.4213
   0.6274
   0.9990
   2.0118
   0.6571
   0.9169
   1.4880
   2.7186
   0.5520
   0.9829
   0.4034
   1.0701
   0.9020
   1.8789
   1.5805
   0.6992
   1.2194
   2.0355
   1.2508
   1.1207
   0.5906
   0.8758
   0.3875
   0.5461
   1.2188
   0.6082
   0.9475
   1.7842
   0.6686
   0.9834
   1.5954
   1.1624
   0.4882
   1.3963
   0.7787
   1.1716
   0.5977
   0.8718
   1.5829
   1.2148
   0.7774
   0.6364
   0.6557
   0.5659
   0.6439
   0.7483
   1.1991
   2.4994
   0.4205
   0.6107
   1.0920
   0.6353
   0.3911
   0.4392
   0.2766
   0.9701
   1.1825
   1.8691
   1.3792
   2.6458
   0.7272
   0.4806
   0.9641
   0.5895
   0.9129
   0.9813
   0.7029
   0.5287
   1.0972
   0.3810
   0.4281
   0.5716
   0.9129
   2.0833
   0.4624
   1.0784
   0.8152
   1.1037
   0.4533
   1.4444
   0.5030
   0.5257
   0.2562
   0.7322
   1.1849
   0.3624
   0.3712
   0.5926
   0.3622
   1.0192
   0.8856
   1.9000
   2.0905
   0.7144
   2.3268
   1.5296
   1.7358
   1.9977
   2.2420
   0.5775
   0.6004
   1.3929
   0.6597
   0.6394
   0.7524
   0.8501
   2.4396
   1.7835
   1.0826
   0.1665
   0.4135
   0.9027
   1.4323
   1.5952
   0.5919
   0.7700
   2.5419
   0.8281
   1.0053
   0.4736
   0.7563
   0.5861
   0.3675
   0.2904
   0.9794
   1.3071
   0.7307
   0.9132
   1.9071
   0.6419
   1.3410
   0.7173
   2.9479
   0.8212
   0.4064
   1.0725
   0.9817
   0.9321
   1.6220
   0.6050
   1.7264
   1.5864
   1.6799
   2.1977
   2.4568
   1.2878
   1.8485
   0.4449
   0.2421
   0.4293
   1.6235
   2.0651
   0.8621
   2.6027
   0.4793

