   1.1291
   0.5611
   1.5266
   1.0065
   1.3297
   0.6266
   0.9006
   1.4531
   1.4622
   1.5564
   0.9508
   0.8354
   0.6764
   0.2934
   1.2457
   1.2403
   0.2940
   3.7207
   1.1211
   0.8469
   1.5964
   0.1769
   1.5491
   0.4532
   0.4536
   1.1475
   2.0323
   1.2029
   1.9664
   1.3584
   2.3424
   0.8970
   1.2219
   0.5192
   0.4977
   1.4229
   0.3705
   1.2408
   0.6505
   1.9080
   0.6783
   1.1332
   1.9750
   0.5151
   1.1327
   0.6974
   0.9766
   0.5319
   0.8267
   0.4517
   0.6208
   0.8381
   0.3959
   0.5356
   0.6451
   1.4303
   1.2023
   0.9439
   0.7310
   0.9014
   1.2007
   0.6701
   1.2839
   0.4995
   1.9809
   0.6255
   1.1045
   0.6526
   0.8008
   0.5390
   1.3229
   1.8339
   1.1505
   0.5666
   0.6617
   0.7764
   1.9566
   0.5760
   2.3544
   0.9800
   1.3757
   1.2986
   0.8940
   0.6905
   0.7879
   0.3158
   0.0769
   2.3748
   0.7985
   1.8773
   0.8124
   2.0967
   1.0112
   1.3056
   0.4826
   0.5525
   1.1368
   1.5990
   0.5530
   0.6966
   0.4816
   1.0930
   0.3868
   0.8288
   0.1610
   0.5216
   0.5445
   0.8740
   1.3101
   1.3858
   2.1848
   0.5268
   1.7143
   1.0910
   0.4996
   0.6528
   1.5936
   1.6442
   1.1910
   1.9740
   1.0435
   1.0306
   1.3215
   0.3664
   0.2951
   0.9143
   0.3688
   2.9319
   0.2747
   0.8272
   0.6168
   0.8195
   1.7421
   0.2854
   2.1153
   0.8632
   1.5231
   0.6862
   0.5666
   1.6309
   1.9976
   0.8090
   0.7159
   0.6393
   0.3273
   0.3554
   0.8683
   1.2998
   0.4005
   1.5893
   1.0157
   0.6403
   0.1949
   1.1696
   1.4134
   0.9564
   0.8374
   0.8629
   1.5397
   1.5818
   0.9781
   1.0923
   1.3220
   0.9415
   0.7586
   0.5958
   1.1390
   1.6130
   2.2862
   1.1721
   1.0882
   1.2896
   1.4591
   1.0877
   0.3241
   1.3509
   0.4348
   1.0434
   1.0566
   0.6565
   0.6811
   0.6099
   0.5853
   0.4678
   0.8612
   0.7663
   0.7984
   0.7842
   0.5623
   0.5416
   0.2473
   1.1021
   1.1356
   0.7982
   1.1331
   1.6066
   0.9920
   0.9144
   0.8007
   1.6210
   0.3097
   1.1002
   0.4842
   1.4599
   1.3569
   0.3675
   0.6719
   0.3697
   1.1044
   0.6829
   0.7293
   1.2107
   1.0237
   1.0229
   0.9177
   1.0803
   1.4629
   0.7293
   0.8365
   1.0550
   0.3849
   1.1937
   0.2546
   0.6555
   0.3867
   0.6509
   1.2812
   0.9248
   1.2246
   2.4630
   1.2638
   0.3499
   0.4656
   0.8355
   0.9790
   0.6257
   1.0578
   0.2791
   0.4830
   1.0641
   1.8601
   0.5313
   1.0907
   1.0611
   0.8816
   1.1840
   0.3045
   0.7465
   0.4981
   0.9327
   0.9587
   1.8321
   2.0693
   1.1102
   0.9429
   1.0948
   1.7689
   0.6106
   1.1842
   0.4897
   0.6482
   1.1071
   1.4243
   0.5338
   0.6753
   0.5448
   1.7721
   1.3047
   0.8125
   0.6157
   0.4193
   1.0489
   0.5718
   0.4982
   0.6934
   1.5454
   0.8731
   0.9858
   2.0595
   1.7551
   0.3449
   0.5319
   0.8497
   0.7383
   0.4376
   1.5271
   0.7541
   0.6348
   1.8369
   0.9735
   1.7990
   2.5924
   0.8049
   1.1039
   0.6469
   0.7620
   0.8568
   0.3314
   0.8405
   0.9086
   1.2810
   1.3163
   0.4237
   0.8294
   1.0086
   0.9587
   1.1118
   1.1336
   1.0161
   0.7020
   0.2437
   1.1827
   0.9333
   0.2539
   1.0110
   0.5408
   0.1048
   1.1977
   0.7676
   0.9481
   0.4242
   0.7031
   1.4004
   1.6982
   0.8418
   1.0791
   0.7718
   0.6688
   1.5738
   0.6458
   2.3945
   0.6780
   1.6125
   0.8898
   0.4116
   2.2847
   0.5311
   1.9097
   1.4258
   1.2973
   0.7655
   0.9837
   0.9682
   1.0418
   1.3976
   2.2380
   1.5829
   1.3038
   0.9162
   0.7455
   0.9096
   0.6955
   0.3996
   1.6775
   0.6182
   0.8315
   1.2356
   0.4798
   0.8514
   0.8656
   1.2377
   0.9095
   0.5592
   1.4220
   0.4859
   0.4404
   1.2265
   0.5224
   1.0837
   1.3466
   1.0818
   0.6242
   0.3053
   0.4781
   1.0127
   1.1190
   1.0899
   0.3610
   3.2390
   1.5314
   1.0097
   2.3672
   1.3004
   0.4752
   1.1218
   1.0242
   1.3492
   0.1909
   1.4293
   0.5268
   1.2696
   1.0111
   0.5709
   0.9448
   1.2332
   0.7765
   0.7008
   1.0421
   1.1572
   0.6728
   1.4650
   0.6509
   0.4895
   1.3761
   0.6058
   0.4607
   0.9046
   0.8634
   0.8038
   1.4545
   1.6063
   1.7094
   1.3319
   1.2835
   0.6419
   0.2040
   2.5165
   1.3687
   0.4653
   1.1631
   0.9698
   1.3707
   1.3177
   0.5773
   0.7814
   1.8010
   1.2057
   0.7018
   0.4779
   0.8389
   0.8010
   0.3734
   0.2596
   1.5514
   0.4684
   1.9213
   0.6205
   0.7441
   1.6950
   0.4641
   0.7019
   0.8267
   0.7834
   0.7589
   0.8115
   1.9423
   1.0890
   1.0483
   1.1251
   0.6821
   0.8845
   0.4415
   1.6499
   1.2715
   0.7344
   1.1335
   0.6696
   1.0922
   0.3259
   0.3310
   0.7522
   1.1734
   0.3493
   0.5682
   0.8004
   0.7250
   1.2073
   0.5151
   0.6375
   0.7124
   0.5394
   0.5405
   0.5485
   1.4548
   0.5093
   0.2399
   0.5898
   0.4071
   0.5820
   1.3326
   1.8953
   0.6325
   1.8023
   0.7235
   2.7944
   1.4717
   0.5665
   0.5695
   0.5380
   0.5476
   0.6717
   1.0199
   0.7779
   0.2718
   0.3700
   0.3755
   0.4117
   1.7955
   1.3160
   0.5296
   0.5744
   0.8289
   0.5944
   1.3313
   0.9348
   0.5877
   0.5892
   1.2825
   0.5938
   0.8326
   0.8950
   1.3205
   2.3737
   0.6242
   0.2914
   0.6351
   0.2977
   0.5958
   0.6475
   0.8126
   0.2755
   1.2950
   0.7948
   0.3355
   1.4724
   0.9470
   0.4621
   1.4319
   1.3116
   1.6032
   0.3606
   0.5301
   2.2219
   1.6378
   0.6227
   1.2598
   0.7127
   1.0314
   1.1500
   0.6812
   1.1657
   0.7178
   0.5915
   0.5913
   1.1499
   0.7801
   0.9479
   0.9542
   0.8114
   0.5114
   0.3305
   0.5792
   1.2435
   1.5358
   0.7184
   1.2211
   1.8485
   0.2862
   1.9911
   0.4798
   0.5678
   0.9830
   0.8858
   0.8864
   1.7745
   0.9811
   0.8435
   0.5912
   1.1402
   0.2996
   1.2509
   0.6137
   0.7087
   1.7654
   0.6606
   1.0434
   0.4598
   1.1436
   0.6525
   1.6065
   0.6563
   0.9409
   3.1188
   0.9186
   0.6666
   0.8292
   0.5572
   1.8818
   0.5768
   0.9957
   2.2327
   0.8850
   1.1413
   0.2756
   1.3392
   0.9872
   1.3345
   1.4179
   0.6742
   0.3592
   0.5867
   1.5110
   1.1258
   1.9518
   1.5448
   0.6609
   0.7903
   2.0081
   1.8393
   1.6085
   0.6731
   1.3125
   1.0852
   0.3166
   1.5397
   0.2506
   0.7044
   2.0476
   0.6308
   1.4809
   0.8080
   1.5036
   1.5881
   1.7382
   1.0613
   0.4386
   1.4309
   1.0990
   0.2915
   1.0909
   0.9027
   0.9963
   0.4853
   1.3920
   1.2817
   0.5934
   0.6400
   0.9413
   0.5187
   1.9013
   0.6893
   1.0484
   1.1623
   0.5198
   1.5934
   0.2530
   0.2742
   1.2272
   0.7100
   2.2996
   0.4137
   0.8814
   1.3709
   0.7501
   0.2972
   1.0240
   0.6446
   1.1071
   0.7606
   0.3583
   1.4476
   0.6741
   0.9731
   0.9561
   0.8605
   0.9192
   1.9659
   1.3608
   0.6499
   0.4115
   1.0853
   0.8936
   0.4726
   0.6074
   0.5377
   1.0064
   0.3475
   0.4550
   0.8919
   0.6243
   1.0635
   0.6901
   0.6406
   1.0114
   1.9212
   1.1630
   1.1881
   1.6628
   0.3862
   1.4650
   0.7146
   2.0089
   0.4880
   0.5559
   1.7172
   0.7924
   1.2143
   0.9205
   0.4330
   1.4017
   0.1850
   0.8685
   0.9304
   1.1866
   0.9367
   0.8301
   1.2326
   1.9668
   1.3758
   0.8620
   1.2353
   1.3146
   0.7850
   0.8431
   0.6169
   1.0330
   0.8684
   1.6360
   1.1111
   1.7597
   0.2560
   0.5374
   0.8745
   1.6598
   0.3175
   0.6282
   0.9099
   0.7394
   1.4678
   0.9049
   1.7012
   1.3565
   1.0969
   1.3136
   0.8048
   1.4127
   0.3401
   0.9226
   0.5709
   1.4777
   0.8187
   1.1982
   0.5681
   1.1818
   0.3771
   0.7573
   1.1406
   0.7503
   0.7052
   0.7573
   0.5432
   0.7775
   0.5018
   1.2004
   1.3104
   0.6240
   1.0987
   1.3117
   0.7947
   0.3767
   1.0696
   2.2622
   1.1724
   1.0646
   2.2806
   0.5286
   0.6282
   0.5867
   1.4183
   2.0505
   1.0813
   0.7114
   0.5961
   1.0079
   1.4009
   0.7697
   2.0071
   2.0233
   0.3575
   0.6221
   1.2864
   1.2226
   1.3763
   0.3575
   0.4212
   0.7149
   0.8482
   2.1060
   0.6101
   1.4039
   1.6559
   1.1090
   0.5924
   1.3026
   0.5243
   0.2284
   0.6215
   0.8003
   0.5967
   0.3666
   0.7921
   1.0536
   0.6957
   1.2267
   0.7953
   0.7272
   0.9109
   1.2274
   1.7184
   1.2117
   1.2274
   0.3745
   1.8117
   0.5119
   1.2103
   0.7769
   1.2750
   0.5814
   0.9778
   0.9578
   1.8311
   1.9339
   1.6775
   1.0019
   1.4361
   0.6509
   1.5061
   0.8799
   1.4633
   0.7303
   0.9668
   0.9465
   1.7716
   0.9374
   0.8637
   1.1481
   2.6412
   0.8308
   2.1558
   0.9217
   0.5433
   1.0366
   1.0444
   1.8731
   0.4731
   1.5713
   0.5883
   1.0567
   1.5648
   0.6115
   1.0454
   0.9130
   1.0986
   0.9672
   1.7051
   0.5019
   0.9713
   0.6710
   0.7232
   1.2548
   0.1881
   1.3478
   1.2999
   0.7989
   1.1039
   3.4963
   1.1211
   1.1316
   1.0747
   0.5158
   1.2802
   0.3798
   1.6246
   1.6903
   0.7158
   2.9458
   1.4672
   0.8237
   0.7053
   0.4783
   0.7974
   2.1243
   1.4203
   1.1143
   1.8582
   1.5392
   1.4721
   0.6753
   0.8915
   0.7465
   0.4725
   1.0301
   0.6503
   1.7433
   1.0908
   0.1365
   1.9626
   0.7821
   0.8985
   0.6255
   0.5780
   1.3115
   0.8406
   0.8458
   1.4098
   0.3675
   1.7104
   1.0242
   1.3985
   0.4725
   1.1378
   0.5744
   0.3445
   0.3586
   1.4712
   0.8320
   0.6620
   0.6682
   2.6280
   0.5435
   0.4437
   0.4522
   1.2489
   1.1522
   1.5784
   2.8083
   0.5262
   0.6339
   0.7381
   0.4740
   1.0847
   0.4481
   0.6821
   1.9376
   1.0663
   0.9273
   1.5901
   0.7089
   0.3813
   1.5610
   1.9507
   0.9857
   0.7631
   0.8625
   0.8762
   1.5490
   0.3876
   0.9170
   0.3476
   1.5187
   1.2478
   1.0256
   1.0075
   1.2984
   1.3802
   0.5819
   1.1387
   0.8559
   1.0297
   1.6565
   0.6316
   0.7192
   0.7734
   0.3498
   1.0012
   1.5401
   1.2385
   0.8889
   1.4395
   0.8058
   0.9184
   0.6768
   0.4333
   0.9128
   1.4474
   0.6662
   0.8446
   1.1338
   0.9001
   0.8029
   0.2617
   1.1129
   1.6324
   0.7581
   0.8649
   1.1239
   1.6175
   2.9296
   1.0869
   0.8838
   1.1539
   0.8892
   0.5555
   0.5016
   0.4018
   0.9010
   0.9072
   1.3892
   0.7828
   0.6898

