    0.1169
    3.5434
    1.5620
    1.0699
    0.2850
    0.0892
    0.2710
    0.0087
    0.1378
    2.3082
    0.8511
    0.0535
    0.1379
    1.9844
    0.0560
    0.1024
    0.1253
    0.6826
    0.1617
    0.4770
    0.2931
    8.1327
    0.1947
    0.0352
    0.9283
    0.0572
    0.6502
    1.5556
    0.6362
    0.4035
    0.0113
    1.1021
    0.0616
    0.3928
    0.1052
    5.8401
    0.0402
    0.0445
    0.0228
    0.0529
    0.1211
    0.0998
    0.2131
    1.1637
    2.6488
    0.0150
    0.9748
    0.6288
    0.3431
    1.3885
    0.2635
    0.4479
    0.0353
    1.6038
    0.3003
    0.3083
    0.8092
    0.9581
    1.7739
    4.3896
    0.1019
    0.3041
    0.1549
    1.2633
    0.2111
    0.4665
    0.2402
    1.3289
    0.1411
    0.4214
    0.1611
    5.0707
    0.8662
    0.0003
    3.5246
    2.6057
    0.4556
    5.3023
    0.6270
    1.8912
    0.3547
    0.3311
    0.7746
    0.1145
    0.0060
    0.1767
    0.2936
    0.0865
    0.5970
    0.0549
    0.0293
    0.2560
    0.0534
    0.0595
    0.2812
    0.3246
    0.4392
    1.6360
    0.2721
    0.4607
    0.5952
    0.1606
    1.3865
    1.5862
    0.9092
    2.1091
    1.9155
    0.2351
    0.2370
    0.1259
    0.1262
    0.1047
    0.7612
    0.2039
    0.0334
    1.1545
    0.2433
    0.1424
    0.0590
    0.0419
    0.1794
    1.8502
    0.1388
    0.4294
    0.1259
    0.1560
    0.1794
    0.3133
    0.5105
    4.9973
    0.1911
    0.7340
    1.6569
    0.3909
    0.8536
    0.5388
    0.3181
    2.5813
    0.9964
    0.1651
    1.0610
    0.2401
    3.5310
    0.4512
    0.1431
    0.8959
    2.6599
    0.2925
    0.3578
    1.2568
    6.6925
    1.2147
    0.5860
    0.0338
    0.7592
    0.0324
    0.3094
    0.4144
    0.6129
    0.5026
    0.2808
    0.2670
    0.3144
    4.7639
    1.6065
    0.1765
    1.3326
    0.1204
    0.0301
    0.4359
    0.0271
    0.0707
    2.8130
    0.4327
    0.2394
    7.4695
    0.8971
    0.2637
    0.2902
    0.3026
    0.8158
    0.5962
    0.6674
    0.1651
    5.7492
    0.8567
    0.4910
    4.6721
    0.7093
    0.6483
    0.3630
    0.1880
    0.3386
    0.2153
    0.8207
    0.3577
    0.3917
    0.0104
    0.0929
    5.6596
    5.6987
    0.5339
    0.1305
    0.1537
    0.0077
    0.2065
    2.3937
    0.5382
    0.1086
    3.3555
    0.4550
    1.2860
    7.3030
    0.9609
    0.0420
    0.1240
    1.3016
    0.1768
    0.9980
    0.1591
    1.2262
    0.5082
    0.0263
    0.7020
    0.9762
    1.3508
    0.1134
    3.3459
    2.7826
    0.9256
    0.0400
    0.3470
    0.3008
    0.8692
    0.0912
    0.0902
    0.2430
    0.4274
    0.2546
    2.0905
    1.0666
    2.5946
    0.5635
    0.3090
    0.0356
    0.7706
    0.6327
    0.0218
    0.6023
    0.5461
    0.0955
    0.3131
    0.0550
    0.4158
    0.9950
    1.3017
    1.4399
    4.2308
    0.0079
    0.3823
    0.6082
    0.1428
    0.6230
    0.6635
    1.0127
    0.0342
    0.1686
    0.1510
    0.4249
    0.2749
    0.3241
    0.1087
    2.4053
    3.7676
    2.3327
    0.3833
    1.4737
    0.0841
    1.9848
    0.6007
    0.0267
    0.5009
    0.3190
    0.0393
    0.7592
    0.1106
    0.3438
    0.1065
    1.2203
    0.0632
    0.1885
    0.7545
    3.6884
    0.0336
    0.1124
    0.8467
    0.0460
    0.1941
    0.4208
    0.0303
    0.1460
    0.2787
    0.9889
    0.4169
    0.0229
    0.2401
    0.6672
    0.6500
    0.4073
    0.0885
    0.0394
    0.2123
    0.7935
    0.0442
    0.0098
    8.1703
    3.9504
    0.0058
    0.3475
    0.4804
    6.7701
    0.0368
    0.4423
    0.3447
    6.4695
    2.0082
    5.9067
    1.8573
    1.8838
    1.6525
    3.5154
    1.3905
    0.1043
    0.8249
    0.5318
    0.2426
    1.9404
    0.7622
    4.6613
    0.0117
    2.1476
    0.0287
    3.8408
    0.4232
    0.2495
    0.4260
    0.4886
    0.1773
    0.0294
    0.1940
    0.0582
    3.3649
    0.1076
    0.0421
    0.0081
    0.4783
    0.3095
    0.5341
    0.0384
    0.1409
    0.3235
    3.8948
    0.0671
    0.1374
    0.1755
    0.8649
    0.0461
    0.9239
    0.2952
    0.6318
    1.2668
    0.8486
    0.2997
    1.9466
    1.3424
    3.2608
    0.0039
    0.2194
    0.0104
    1.2126
    2.9796
    0.2091
    0.3754
    0.0715
    2.1340
    0.8981
    0.4636
    1.9849
    0.4970
    5.0788
    0.1948
    0.1995
    0.1523
    0.1560
    2.2367
    3.3494
    0.5142
    5.2161
    0.1230
    0.0756
    0.0479
    0.0189
    0.5880
    0.0275
    0.0175
    0.0257
    0.1695
    0.2580
    0.3908
    0.0447
    1.1168
    0.0353
    0.2900
    1.2884
    0.3007
    8.8946
    5.0140
    4.2199
    0.3007
    6.7208
    0.2401
    0.0557
    0.0209
    4.2551
    0.0408
    1.2837
    0.1254
    3.6039
    0.0322
    0.0012
    0.3388
    2.0760
    0.4140
    2.2229
    0.0785
    0.4978
    2.7735
    0.2678
    0.0496
    2.6262
   13.1861
    0.0220
    0.1192
    0.2762
    0.3873
    1.0728
    0.0931
    0.0865
    0.0166
    0.6032
    0.1019
    0.5042
    0.1878
    0.2137
    3.0279
    0.3795
    4.2602
    4.2100
    6.3708
    2.6674
    0.3880
    0.1089
    0.0884
    0.6127
    0.7972
    0.1148
    0.3325
    0.1931
    0.0374
    7.1465
    3.0774
    0.1904
    0.5683
    3.5746
    0.4243
    3.1345
    0.0597
    0.7756
    0.1015
    1.0798
    0.6851
    0.1636
    0.9093
    0.6969
    0.0808
    0.2430
    0.7563
    0.1877
    3.2115
    1.0502
    0.4182
    0.2575
    1.4491
    2.3701
    0.3870
    1.2606
    2.6323
    0.1260
    1.8765
    0.0046
    0.0198
    0.1767
    0.4541
    2.2222
    0.3391
    0.0438
    0.0966
    0.9266
    0.2452
    0.5351
    0.2584
    0.4192
    0.0436
    1.3645
    0.1447
    9.1979
    0.2982
    4.1873
    0.9899
    0.2940
    0.6734
    0.3444
    0.5797
    0.1357
    1.4941
    0.8423
    0.2155
    0.7214
    0.3237
    2.1146
    0.5914
    0.2591
    1.5305
    0.8991
    0.6965
    3.3495
    1.5822
    0.0406
    0.7788
    1.8857
    0.7146
    0.2204
    1.4076
    0.2861
    0.1401
    0.1548
    0.0135
    0.9151
    0.0943
    2.3154
    0.0382
    0.3508
    0.3188
    0.1341
    0.0885
    0.1621
    1.7833
    0.8430
    0.0886
    0.3150
    0.0932
    0.3535
    3.9620
    2.6226
    0.7460
    1.6808
    0.2623
    0.0449
    0.3204
    0.4568
    0.0274
    0.7183
    0.2261
    0.3887
    0.0420
    0.8209
    0.9519
    0.0792
    0.0072
    0.5284
    5.9250
    1.6822
    2.9681
    1.5909
    0.4938
    0.5166
    1.5204
    0.2073
    1.6425
    0.7715
    0.6948
    0.7072
    0.6934
    0.1110
    0.0638
    0.8998
    1.8780
    0.1434
    0.1136
    0.3395
    1.4068
    0.5756
    0.0608
    0.3926
    0.0001
    0.1947
    0.4972
    0.7026
    0.3947
    0.1498
    0.0674
    4.8791
    2.1269
    0.3814
    0.1101
    1.3967
    0.2104
    0.4243
    0.0846
    0.6416
    0.3347
    0.6684
    0.4095
    4.0094
    0.0143
    0.5599
    0.0988
    0.4072
    0.4322
    0.1401
    0.3664
    0.0728
    1.0944
    0.0761
    0.0500
    4.1151
    0.0370
    1.5339
    0.8471
    0.0115
    2.6831
    0.4699
    2.1473
    0.0470
    0.1493
    2.5594
    0.6843
    0.7793
    1.4154
    2.1723
    0.4349
    0.5088
    0.2661
    4.2611
    0.2733
    0.1724
    0.2702
    0.0125
    0.3727
    0.5916
    3.0670
    0.2929
    0.0994
    0.5802
    0.0770
    0.1667
    0.0101
    0.7468
    1.2456
    0.1734
    1.6317
    1.1445
    0.6320
    0.0833
    3.3713
    0.3116
    0.8338
    1.3928
    0.0388
    0.3289
    0.4070
    0.8501
    0.3594
    0.0716
    0.2099
    1.4136
    0.0040
    0.0334
    0.1948
    0.6307
    0.4342
    0.2485
    3.9298
    0.7396
    0.1229
    0.2622
    0.0145
    0.0997
    0.0667
    2.8164
    0.8716
    0.2053
    0.3980
    0.0530
    0.0004
    3.4002
    0.3487
    0.0514
    0.2278
    0.1621
    0.1275
    0.1023
    2.8279
    1.6708
    0.2866
    3.5014
    0.3266
    0.2229
    0.1234
    0.4624
    0.1812
    0.2146
    0.4971
    0.3178
    0.7544
    0.2504
    3.7394
    0.2030
    0.7590
    0.1616
    0.0339
    0.5218
    0.3691
    0.2147
    4.0023
    0.1430
    3.6373
    0.2645
    1.3315
    0.4874
    0.7906
    0.5831
    0.8864
    1.2059
    0.0661
    0.4710
    1.0202
    0.1514
    0.2971
    0.6652
    0.8474
    1.3320
    0.1126
    0.1387
    0.4742
    0.2934
    2.4314
    0.4255
    0.1728
    4.7675
    4.9260
    0.1679
    0.1351
    9.0516
    0.0846
    0.8186
    0.1102
    0.1949
    0.1339
    1.1499
    0.2110
    0.1824
    0.6824
    4.7426
    0.3067
    0.8201
    0.4343
    0.0915
    0.0056
    0.1863
    0.4807
    0.1102
    0.4008
    0.2426
    1.1656
    0.8470
    1.9476
    0.0189
    1.7469
    0.8643
    0.0503
    1.3044
    0.0229
    0.6692
    2.0947
    0.2722
    0.7162
    0.0362
    0.1728
    0.4026
    0.7089
    0.8465
    0.0424
    2.3256
    0.0113
    4.5895
    0.2088
    2.1895
    0.0038
    0.7767
    1.9377
    1.8696
    0.2804
    0.1262
    0.3163
    0.4209
    1.3434
    0.0581
    0.5091
    0.2319
    8.4551
    2.7843
    0.4325
    0.0757
    0.1489
    0.1308
    0.5499
    5.4896
    0.6403
    0.3100
    0.2029
    6.2733
    0.1338
    1.0125
    1.6869
    1.9183
    0.4411
    0.5567
    6.1586
    0.0109
    0.4549
    3.8227
    0.2118
    0.2243
    0.0618
    0.1202
    0.2244
    0.1934
    0.0867
    0.7623
    4.3231
    1.8757
    0.6814
    1.6779
    0.1336
    4.1296
    0.6508
    0.1807
    0.9541
    0.4661
    2.6673
    0.2940
    0.8717
    1.8627
    0.0242
    1.5997
    0.0277
    0.1263
    2.6422
    0.6607
    0.1917
    9.0345
    0.0640
    0.1732
    0.1508
    2.3400
    1.7711
    0.0057
    0.3099
    0.3543
    0.1041
    0.2479
    2.0346
    3.5856
    0.2404
    0.6466
    0.2075
    0.6682
    0.0314
    3.5546
    2.0064
    0.3156
    0.7170
    0.7702
    2.5838
    2.1453
    0.3369
    0.0223
    0.0085
    1.0648
    0.4502
    0.1495
    0.4672
    0.8573
    0.6396
    0.1238
    0.0297
    0.9773
    0.7826
    0.0512
    4.9537
    0.7997
    0.9691
    0.0728
    1.0192
    0.8206
    2.9153
    0.1003
    0.2233
    0.4499
    2.0595
    0.1440
    4.5077
    1.0169
    4.8424
    0.9721
    1.7829
    0.3678
    0.6139
    0.1014
    0.1336
    0.0262
    0.1856
    0.5331
    0.2567
    0.7526
    0.0421
    4.4908
    0.0733
    0.5207
    0.3033
    0.1795
    0.1340
    0.3522
    7.6172
    0.4302
    1.8483
    0.7476
    0.5055
    2.3328
    5.3535
    0.4004
    0.2530
    0.2709
    2.1410
    0.4976
    2.0723
    1.8002
    0.3477
    0.1497
    0.7827
    0.1362
    3.0254
    0.2619
    0.1450
    0.0312
    0.4024
    0.0643
    0.2008
    0.1434
    0.5550
    0.0131
    0.4637
    0.0546
    8.7648
    0.1041
    3.4817
    0.7752
    0.1037
    0.5024
    0.5793
    5.4207
    0.1375
    0.6081
    0.2520
    0.4866
    0.1932
    0.1078
    0.0924
    0.0012
    0.4996
    0.0871
    0.0403
    0.1542
    5.0145
    0.1128
    0.3536
    0.7436
    0.2173
    0.1450

