   1.0000
   1.0000
   0.0857
   0.2501
   0.1167
   0.7321
   0.0155
   2.8043
   0.8086
   2.2034
   0.2473
   0.8270
   1.0574
   1.4873
   1.8731
   0.9195
   1.0000
   1.0000
   1.9192
   0.3070
   1.1824
   0.3824
   0.3130
   2.5489
   1.5806
   1.5734
   1.4534
   0.8466
   0.0347
   0.8431
   1.7972
   3.2609
   0.5269
   0.6840
   1.1902
   1.0000
   0.3034
   0.5007
   0.3132
   0.1115
   1.4087
   3.3081
   1.8825
   1.0000
   2.1300
   0.1403
   1.5781
   0.3654
   0.0857
   1.4842
   0.1487
   1.0000
   0.9847
   0.3295
   0.4539
   1.9758
   2.7666
   0.4454
   0.4576
   0.2668
   1.0493
   1.0000
   0.6020
   1.8200
   0.0097
   1.8409
   1.0000
   0.3392
   0.2774
   0.2984
   0.6458
   1.0000
   1.0000
   0.1611
   3.0527
   1.2169
   0.2855
   0.5523
   0.0467
   1.0000
   1.0000
   0.6869
   1.0358
   0.2126
   1.8848
   0.5068
   0.0054
   0.8834
   2.3093
   1.3637
   0.9936
   1.3649
   1.4682
   1.0000
   1.0000
   0.1474
   0.3381
   0.8241
   0.2780
   1.5219
   0.0544
   1.4816
   0.2386
   0.2055
   1.4702
   1.0000
   1.3546
   1.5900
   0.1227
   0.7038
   0.7526
   1.4211
   1.2584
   0.4177
   1.1591
   1.0000
   0.7516
   1.0000
   0.4424
   0.0907
   1.0031
   1.3385
   0.7586
   2.0000
   0.6917
   0.8089
   0.5716
   0.5995
   0.2175
   0.0659
   0.2967
   1.0786
   2.1880
   1.0000
   0.5429
   0.8218
   0.5193
   1.1914
   0.2913
   0.0103
   0.4588
   1.8081
   0.7592
   1.5152
   0.1271
   1.3973
   1.0358
   0.3517
   1.9476
   0.9279
   1.5515
   2.4911
   1.1495
   1.0979
   0.5700
   0.2530
   2.3371
   1.1541
   2.0217
   1.8773
   1.0218
   1.0123
   2.8133
   1.0000
   0.3794
   0.1345
   0.7500
   0.3320
   0.5650
   0.1450
   0.5059
   0.0787
   0.7211
   1.6896
   1.6684
   0.9810
   1.3360
   0.0138
   0.4634
   1.0000
   2.5436
   1.5728
   1.7612
   0.5566
   1.1613
   0.1621
   3.5597
   0.3211
   1.0000
   1.2470
   0.3074
   1.0683
   0.2716
   2.1575
   1.1258
   1.2012
   3.1394
   0.7681
   0.1238
   2.1295
   1.0000
   1.6098
   0.3017
   0.8071
   1.8222
   0.3742
   0.8802
   0.8647
   0.0394
   0.0228
   2.7297
   0.8284
   0.6009
   1.0000
   1.7916
   1.0383
   0.3140
   1.1436
   1.0000
   0.2354
   1.1582
   0.1687
   0.6564
   0.5320
   0.2148
   1.7139
   1.6095
   0.0488
   0.3688
   4.4723
   1.0000
   0.1344
   1.1528
   0.8742
   0.5434
   0.0567
   0.8967
   0.0438
   1.4161
   0.7656
   0.8285
   0.3231
   1.0000
   2.2370
   3.3358
   1.0000
   1.9277
   1.1866
   1.9008
   0.5871
   1.0000
   0.4626
   1.3931
   1.0000
   0.4882
   1.3541
   1.2358
   0.9001
   0.1592
   1.0000
   0.5691
   1.7091
   2.2084
   1.5631
   1.3395
   0.7950
   2.9331
   1.2981
   0.0977
   0.6182
   0.5779
   0.6795
   2.0800
   1.8668
   1.3876
   1.3366
   1.0258
   0.1153
   1.0591
   1.0000
   0.0005
   1.6179
   2.2318
   0.8841
   1.9569
   2.4761
   0.5390
   0.5463
   2.9999
   1.7075
   1.0000
   0.5166
   0.6692
   0.7361
   0.0391
   0.8930
   1.8843
   1.0000
   1.0000
   0.3369
   0.0608
   1.0000
   0.4818
   3.3169
   0.0349
   0.9382
   1.6472
   1.0000
   0.1251
   1.8746
   1.8059
   1.3144
   1.7673
   1.9278
   0.7469
   1.2279
   2.0692
   2.2089
   1.6070
   0.2080
   1.5489
   0.0092
   1.1102
   0.3199
   2.3394
   0.5202
   1.0000
   1.1488
   1.8718
   0.4844
   0.7243
   0.1902
   0.5636
   1.0000
   0.6683
   0.1027
   1.0000
   1.0000
   1.1959
   1.0000
   1.1279
   1.0000
   1.8304
   1.1682
   3.6053
   1.8488
   1.5854
   0.7230
   2.2220
   1.8049
   0.0719
   0.3682
   0.1253
   1.0000
   0.5520
   2.8943
   2.1895
   1.0000
   0.4587
   1.0000
   1.6589
   2.1806
   1.0000
   1.0734
   1.2976
   0.7102
   2.0389
   1.3188
   0.1364
   1.0635
   0.6222
   2.3564
   0.3081
   1.0000
   1.4679
   1.1034
   1.7820
   0.4627
   1.4866
   1.0848
   0.9565
   0.3100
   1.4201
   1.1558
   1.2032
   1.0000
   2.1225
   0.9351
   1.3638
   0.0890
   3.2934
   3.4408
   2.6555
   0.9318
   2.1978
   0.5173
   0.3499
   0.3304
   1.0222
   0.7219
   0.2469
   0.2216
   1.5802
   0.6309
   0.4221
   1.0326
   0.0345
   1.6188
   0.2554
   0.1681
   0.9364
   0.7864
   0.3662
   1.9012
   0.5020
   0.5260
   1.0654
   1.0000
   0.3948
   0.8020
   1.4113
   0.0326
   1.6759
   0.1102
   0.6897
   0.9554
   0.4922
   0.5352
   0.8469
   0.9900
   1.0000
   0.5893
   1.2970
   1.0000
   1.7250
   0.7081
   0.0827
   1.0000
   0.7059
   1.2246
   0.1380
   1.2054
   1.0000
   1.4558
   0.2044
   1.0000
   1.5488
   1.4756
   0.7201
   0.9548
   2.1612
   0.3172
   0.4848
   2.8016
   1.9335
   1.2548
   1.0000
   2.4694
   1.3579
   1.2045
   0.4132
   0.1386
   3.0635
   0.5256
   0.9414
   2.3109
   0.0334
   1.5287
   0.8580
   1.6479
   1.6537
   1.3081
   0.0190
   0.8655
   1.8058
   0.4153
   0.7194
   0.2753
   0.3849
   0.7569
   0.3667
   0.4474
   0.2711
   0.1992
   0.1140
   0.5944
   0.2450
   0.8699
   0.4900
   0.0263
   0.0682
   1.0000
   0.8791
   1.0291
   0.1933
   0.8662
   0.1195
   0.1922
   1.0000
   1.1838
   1.6791
   3.3558
   0.0045
   0.4219
   1.0000
   2.3890
   0.2586
   2.3348
   1.5101
   1.6928
   0.2795
   2.7826
   0.1567
   1.0728
   3.1240
   1.4847
   2.1502
   0.4836
   0.1450
   0.6638
   1.6758
   1.0000
   1.9272
   1.6137
   1.0000
   2.1184
   0.5660
   0.6381
   0.2228
   3.6346
   1.3954
   0.2355
   0.3072
   1.4960
   0.9181
   1.0000
   0.9000
   0.8498
   0.3522
   0.2555
   0.4957
   0.0904
   1.2054
   0.5404
   0.8717
   1.9783
   0.3567
   3.7800
   0.1942
   1.0000
   1.9868
   2.0961
   1.7284
   0.8959
   0.5427
   0.5713
   0.1836
   2.0746
   0.7696
   1.0385
   0.8607
   1.0000
   2.6492
   1.0000
   1.1255
   0.5644
   1.0000
   0.4491
   1.0468
   1.0000
   1.7403
   1.7249
   0.3634
   1.1305
   1.0000
   0.1517
   1.1397
   1.0463
   2.1900
   1.3491
   0.7636
   0.1305
   1.7224
   0.1922
   1.3568
   0.4456
   0.3104
   1.0000
   1.8698
   0.1781
   3.1676
   1.0000
   1.3390
   0.8504
   2.1344
   1.0000
   1.2501
   2.5982
   0.8375
   1.1063
   0.8838
   1.0000
   0.3336
   0.2036
   0.2996
   0.6729
   1.0000
   1.5556
   0.1573
   1.2403
   0.0601
   0.9455
   0.6893
   0.3873
   2.4926
   0.0593
   1.9025
   1.3953
   1.1103
   0.7612
   0.0587
   1.4019
   1.3533
   0.9755
   0.9224
   0.5153
   2.8235
   1.2679
   2.8885
   0.2014
   1.5560
   1.5047
   0.8616
   0.7489
   0.7990
   0.2129
   0.4108
   2.1645
   0.0718
   0.1221
   1.0000
   0.5777
   0.0002
   0.4373
   1.6346
   1.7709
   1.4759
   0.8931
   1.6353
   1.8222
   0.9630
   0.1039
   0.9685
   1.0000
   2.0373
   1.0532
   0.2333
   1.2400
   0.9285
   0.6604
   0.4791
   1.8282
   0.5350
   2.0098
   1.8908
   0.7854
   2.6127
   0.6003
   0.1171
   1.8900
   1.5560
   1.0000
   0.1301
   0.6362
   0.7557
   1.3931
   1.4437
   1.5811
   1.0000
   0.9075
   0.7518
   1.0936
   1.9385
   1.1056
   0.1774
   0.9037
   1.2773
   0.0546
   0.6425
   2.8643
   1.0000
   0.1517
   1.0000
   1.9188
   1.2195
   0.4965
   0.0664
   1.3795
   0.3312
   0.3760
   0.4052
   0.6415
   1.0000
   0.8594
   2.5589
   1.0000
   1.0786
   1.2237
   1.3619
   1.5435
   0.3739
   0.4530
   1.6020
   1.0715
   0.0757
   0.9993
   0.6268
   0.3886
   1.3505
   0.1766
   0.7050
   0.1833
   3.3974
   1.4855
   1.3984
   1.0000
   0.0615
   0.7409
   0.3854
   0.0460
   0.5707
   1.1247
   0.2530
   2.6831
   1.0000
   1.6090
   0.6237
   0.1067
   0.5766
   1.0000
   0.1327
   1.0421
   0.4525
   0.0178
   1.4011
   0.4241
   0.3892
   0.2068
   0.2928
   0.8135
   0.0479
   0.2029
   0.1279
   0.0522
   1.6992
   0.1452
   0.5890
   1.0995
   1.0130
   0.4724
   1.2960
   0.7912
   0.1302
   1.0851
   0.3197
   1.3376
   0.0208
   0.6859
   0.4198
   0.6187
   0.5191
   1.0450
   0.3923
   0.5094
   1.0000
   0.2487
   1.3461
   1.3620
   1.0000
   1.0000
   0.3983
   0.6992
   1.0000
   3.3780
   1.4112
   0.4597
   0.7298
   1.5007
   1.3062
   1.4847
   1.2831
   0.0333
   0.5734
   1.0240
   0.0569
   1.0000
   0.0544
   1.1736
   1.0000
   0.2107
   0.7614
   0.2112
   1.0000
   0.5553
   0.1406
   1.6540
   0.8220
   1.0000
   0.4886
   0.7238
   1.5190
   1.0000
   0.1078
   1.5189
   1.0000
   0.6856
   0.6167
   0.4912
   1.9543
   1.7385
   1.6629
   0.2496
   2.2030
   0.4529
   1.0000
   0.3959
   0.2110
   0.2405
   1.0000
   1.0000
   1.0000
   1.0000
   2.0901
   1.6229
   1.0000
   1.0000
   1.3602
   0.4816
   1.3589
   1.5873
   1.0000
   0.7928
   0.9839
   1.0000
   1.0000
   0.2758
   1.8971
   1.8322
   2.7899
   0.2050
   0.9528
   1.1537
   1.1992
   0.2406
   1.1417
   1.9233
   0.9422
   1.4389
   0.3141
   1.0000
   0.8997
   0.5158
   0.2961
   2.2791
   0.5686
   1.0000
   1.1675
   0.5296
   0.5500
   1.0000
   2.6625
   0.4673
   0.1583
   1.0000
   0.5682
   1.2981
   1.0000
   1.9897
   3.9771
   0.6394
   1.0113
   1.4097
   0.0402
   0.4263
   0.3549
   1.0000
   2.2116
   0.7279
   0.0941
   0.2539
   0.4205
   1.9206
   1.0000
   0.1571
   1.1660
   1.0000
   1.2196
   0.1549
   1.1946
   1.4022
   1.5461
   1.3208
   1.0000
   0.4431
   1.0000
   1.0000
   0.3424
   0.4141
   0.7842
   0.2613
   0.1318
   0.4146
   1.8488
   1.6597
   1.0238
   0.1279
   0.5822
   0.6613
   1.3712
   4.1895
   0.5425
   1.0000
   1.8620
   0.1980
   0.2180
   2.7281
   0.0072
   0.1247
   0.9709
   0.4326
   1.1062
   1.3448
   0.2088
   0.2287
   1.9943
   0.3881
   1.0003
   0.6464
   1.6983
   1.2443
   0.8802
   0.3069
   0.4196
   1.0000
   0.9930
   0.8825
   1.5720
   1.2767
   1.0000
   2.1198
   0.6621
   0.3297
   1.0000
   0.0282
   1.0000
   0.2095
   0.4535
   0.9290
   0.8059
   1.4186
   0.4078
   0.6398
   0.0031
   1.3179
   1.7400
   1.0000
   0.7045
   0.0542
   1.1854
   0.8536
   1.0000
   0.5740
   0.5964
   1.0000
   1.4969
   0.5307
   1.2777
   0.2240
   1.2876
   1.4597
   0.5005
   1.2269
   0.8341
   0.2945
   0.2286
   2.0527
   0.3460
   0.3617
   0.1312
   0.4619
   0.0116
   0.1982
   1.8220
   1.4002
   1.0000
   0.4395
   0.6825
   1.2817
   1.0000
   1.1110

