   2.6097
   3.0730
   0.8160
   1.2892
   0.3000
   0.3228
   0.9575
   1.9417
   2.0189
   0.6939
   1.1377
   1.1496
   0.8888
   1.4788
   1.5272
   0.3164
   0.3611
   0.4313
   0.9797
   0.6617
   1.4303
   0.3051
   1.0153
   1.6523
   0.3919
   0.6706
   1.3264
   0.5724
   0.7786
   0.9930
   0.7165
   1.0375
   0.7179
   0.9537
   0.2791
   0.8649
   0.4145
   0.9331
   3.2884
   0.6239
   1.1211
   0.6681
   0.8975
   0.8447
   0.7258
   0.7010
   0.6511
   0.5634
   0.9882
   0.4207
   0.4622
   0.9604
   2.4784
   0.8599
   0.4380
   1.4560
   0.4566
   1.8532
   0.6995
   0.6024
   1.1617
   0.5297
   1.7622
   0.3708
   1.2420
   2.7044
   0.8055
   2.1771
   1.3700
   0.4106
   0.7039
   0.5677
   0.6371
   1.7932
   0.6425
   1.0324
   1.4240
   0.9954
   1.1581
   1.5026
   0.9477
   0.1806
   1.2463
   1.0935
   1.0866
   0.2592
   0.7482
   0.7177
   1.9596
   0.4780
   0.8629
   1.1749
   1.4279
   1.4774
   1.5159
   0.6341
   1.1403
   1.8687
   1.6825
   0.8498
   0.5921
   0.7883
   0.4808
   0.4405
   0.6246
   1.1386
   0.9073
   0.6708
   1.4822
   0.6531
   0.5245
   0.6561
   0.2045
   0.6458
   1.9535
   1.4795
   1.0706
   0.8109
   1.5554
   2.2478
   0.8229
   0.6603
   0.4489
   0.4399
   1.2926
   0.7241
   0.5994
   0.9311
   1.1978
   2.1865
   0.9675
   0.9253
   0.4058
   0.6734
   1.0006
   0.5209
   1.0572
   1.0701
   0.4370
   1.4408
   0.8451
   2.0097
   0.9479
   0.8573
   1.3854
   0.7212
   0.5036
   0.8588
   1.0080
   0.4984
   0.5728
   0.3524
   1.7485
   0.4035
   0.8950
   0.8598
   1.7901
   1.7655
   1.6221
   2.1118
   1.0715
   1.6438
   1.1928
   1.0547
   0.7906
   2.4204
   1.9899
   0.1857
   0.9506
   0.6965
   1.0439
   0.5534
   1.7243
   0.2903
   1.5657
   1.4055
   0.7322
   1.1033
   2.1686
   1.3777
   1.4921
   0.6711
   1.1318
   1.0428
   0.4142
   1.3848
   0.8993
   1.1358
   1.1342
   0.7891
   1.1500
   1.2321
   0.3992
   0.2817
   0.4440
   0.8598
   1.0177
   0.7978
   0.6746
   0.8490
   0.2947
   1.1666
   0.5929
   1.0267
   0.2869
   1.4785
   0.5768
   1.5125
   1.6397
   0.7576
   1.2293
   0.9066
   0.7883
   1.9943
   0.6116
   1.0200
   0.8257
   0.7473
   0.5062
   0.7708
   0.1992
   0.5090
   0.6232
   0.7813
   0.6576
   1.4676
   1.6864
   1.1989
   2.3328
   0.8405
   0.6834
   0.4880
   0.7646
   0.7383
   1.0675
   1.1262
   0.5437
   1.9624
   1.1337
   1.3255
   0.5584
   0.6396
   1.2852
   0.7076
   0.7840
   2.1765
   0.2955
   0.5766
   0.2206
   0.7382
   0.9205
   0.3439
   2.5077
   0.2555
   0.5666
   0.6990
   0.3356
   1.1921
   0.4410
   1.3463
   1.0185
   0.5235
   1.3100
   0.3738
   2.2297
   0.3149
   1.9300
   1.1366
   0.7122
   0.4846
   0.5316
   1.3633
   0.5481
   0.6688
   0.9713
   0.8063
   3.3292
   1.0394
   0.5964
   0.6338
   0.7527
   1.6177
   0.9395
   1.0091
   1.1132
   0.9997
   1.0139
   0.6033
   0.6975
   0.1451
   0.6368
   1.1088
   0.7475
   1.4325
   0.3943
   0.9145
   0.6134
   0.7433
   0.4296
   0.6885
   0.4912
   2.7522
   0.9228
   1.3567
   1.1299
   0.9823
   0.3526
   0.7476
   0.6884
   1.1565
   0.5129
   1.0065
   1.1764
   1.5839
   0.4817
   0.5307
   1.9935
   0.6674
   0.3560
   0.5318
   1.7267
   0.4298
   1.2422
   0.4903
   1.1233
   1.6857
   0.4384
   2.4199
   0.3125
   1.5939
   0.7872
   1.1156
   2.2266
   0.5478
   0.3276
   0.8624
   1.2695
   1.2759
   0.6631
   1.1331
   1.5853
   1.1268
   1.0815
   0.5856
   1.1585
   0.5827
   0.7271
   0.9430
   1.1686
   1.0198
   0.4914
   0.7800
   0.8492
   0.5332
   0.7093
   0.9305
   0.9181
   0.7151
   0.0892
   0.4824
   0.4305
   0.9261
   0.1135
   1.1453
   1.1821
   1.0174
   0.9446
   0.9300
   0.3317
   0.3930
   2.5158
   0.5101
   0.6300
   0.6901
   0.7735
   0.4253
   1.4472
   0.8597
   1.0084
   0.6119
   1.0824
   0.9253
   0.9320
   0.7659
   2.8096
   1.2375
   0.6811
   1.2468
   0.7723
   1.4612
   0.4730
   0.7394
   1.6058
   0.7811
   1.1719
   0.2527
   1.3508
   1.8609
   0.4266
   0.3872
   0.9071
   1.1994
   0.7409
   0.2903
   0.6864
   0.7791
   1.7462
   2.6306
   1.1229
   1.1512
   0.7804
   1.0707
   0.3568
   0.8709
   1.1941
   1.6816
   1.4086
   1.1808
   1.4258
   1.1103
   1.1411
   0.5900
   0.5339
   0.8391
   0.3055
   1.2067
   1.3431
   0.4209
   0.9444
   1.4637
   0.5021
   1.1145
   1.0617
   0.7689
   1.1588
   1.4245
   0.4886
   1.5885
   0.1449
   0.7970
   1.1143
   1.1737
   0.8420
   1.1934
   1.8252
   1.0071
   2.0552
   1.1033
   0.6749
   2.1723
   0.9763
   0.9839
   1.7437
   0.7367
   0.3804
   0.4477
   1.7601
   1.8496
   0.8514
   1.2646
   1.3810
   0.9852
   1.7087
   1.1749
   0.7429
   1.0941
   0.3433
   0.4588
   0.9438
   0.6808
   0.9648
   0.9692
   1.8465
   0.7656
   0.9544
   0.7431
   0.6254
   1.1768
   0.8938
   0.5845
   0.6547
   0.5571
   0.4136
   0.6512
   0.2996
   1.8499
   0.9253
   1.7108
   0.8533
   0.7190
   0.7227
   0.8883
   0.8308
   0.2378
   0.4297
   0.4253
   2.1680
   1.4778
   1.5624
   1.3423
   0.7641
   0.5539
   1.1851
   0.5954
   0.6423
   0.4550
   1.9488
   0.8079
   0.7618
   1.1665
   0.2438
   0.7050
   0.7003
   0.5341
   0.9939
   0.6168
   1.1072
   1.3390
   0.9177
   0.9245
   0.7791
   0.5836
   0.9969
   1.3644
   0.3503
   0.4601
   1.0051
   1.3643
   1.0836
   2.0001
   0.8884
   0.7863
   1.4289
   2.0877
   1.9835
   1.3211
   0.4115
   1.1900
   0.9664
   0.9390
   0.5346
   1.5187
   0.7643
   0.8668
   1.5226
   0.7261
   0.3736
   0.5056
   0.6934
   0.5638
   2.2756
   0.9691
   0.5968
   0.4016
   0.5893
   1.5401
   0.5960
   0.8438
   1.3096
   1.6521
   0.4664
   1.7878
   0.6718
   0.9337
   1.1602
   0.6489
   0.5782
   1.0262
   1.2521
   1.6280
   0.2049
   1.7869
   0.5917
   1.7646
   0.7305
   1.0742
   1.1995
   0.9229
   0.5236
   0.7346
   0.5785
   1.0573
   0.6941
   2.4334
   0.7500
   0.5668
   1.5084
   0.7599
   0.9220
   1.5650
   1.3119
   3.3182
   1.4315
   1.2660
   1.4676
   0.3498
   0.4551
   0.6485
   0.9974
   1.0828
   0.6921
   0.7837
   1.1876
   0.3469
   0.7185
   1.0011
   0.6307
   1.2149
   0.7239
   0.8912
   0.8222
   1.3682
   0.4638
   0.9224
   1.5822
   0.1500
   0.3870
   0.5478
   1.6562
   2.0142
   1.1481
   0.7399
   1.0974
   1.6356
   0.4782
   1.2645
   0.5114
   0.6862
   1.2073
   1.9001
   0.5720
   1.6431
   0.4493
   1.3394
   1.1200
   0.9388
   2.6076
   3.5040
   0.6438
   0.8881
   0.6100
   0.8285
   1.4284
   0.8237
   1.1217
   1.2264
   1.2164
   0.7245
   1.4537
   0.6819
   0.8783
   2.9779
   1.0363
   0.4916
   1.0659
   1.3569
   0.8183
   1.0189
   0.4092
   0.8325
   1.4346
   0.7312
   0.8553
   1.1820
   1.6569
   0.3069
   0.2590
   1.5284
   3.0839
   0.2607
   1.5042
   1.0255
   2.5578
   0.3084
   1.7341
   0.9803
   1.5263
   0.4888
   0.7134
   0.6755
   0.3944
   0.9773
   1.4696
   0.6800
   0.5202
   1.7791
   1.9703
   0.7678
   1.0391
   0.8757
   0.3617
   0.3149
   2.6399
   0.8732
   0.5924
   0.7809
   0.8485
   0.5165
   0.9739
   1.1332
   0.4617
   0.5743
   0.5467
   1.4615
   0.5439
   0.5268
   1.6870
   0.4988
   0.5209
   1.8062
   1.0533
   1.2568
   1.4237
   2.1289
   0.9879
   3.4006
   0.1858
   0.9484
   1.0145
   0.8760
   0.6216
   0.6205
   0.9093
   0.8281
   1.0275
   0.7272
   1.1330
   1.6775
   0.8562
   0.2592
   1.4368
   0.8502
   0.8659
   1.5176
   1.1494
   0.7935
   0.8205
   1.5405
   0.7333
   0.7350
   0.2429
   2.0073
   0.9723
   0.5221
   1.6428
   0.1972
   1.5800
   1.8646
   0.8403
   0.8651
   0.6081
   0.8623
   1.5496
   0.8455
   2.1870
   0.4665
   1.0971
   0.3653
   1.6305
   1.0220
   0.3054
   0.3623
   1.1582
   1.2024
   1.0987
   1.2142
   0.6506
   1.0736
   0.6548
   0.4396
   0.8714
   1.1687
   1.5986
   1.4509
   0.9241
   2.9319
   3.3699
   0.9019
   1.1678
   0.8402
   1.0116
   0.4173
   0.7879
   0.4757
   1.1493
   0.3467
   0.4015
   0.4913
   1.0050
   1.2900
   0.9507
   1.1333
   1.1579
   0.9119
   0.6185
   0.6867
   1.0881
   0.3067
   0.4861
   0.7309
   0.8118
   1.3636
   0.3021
   0.6985
   0.3212
   2.5937
   1.0497
   0.8546
   0.3289
   1.3466
   0.8463
   1.6760
   0.2639
   1.4495
   1.2597
   1.0506
   1.3891
   0.9250
   0.9534
   0.7456
   1.1306
   1.1759
   1.7648
   0.8309
   0.2925
   0.8922
   0.4784
   0.8732
   0.7988
   1.5230
   0.2988
   1.2796
   0.3082
   1.3361
   2.0943
   1.4438
   0.7179
   1.9862
   1.7964
   0.9650
   0.8267
   0.5796
   0.7526
   0.4806
   0.6418
   1.3283
   1.6962
   0.8763
   0.8165
   1.6627
   2.0845
   0.7662
   1.5898
   1.2132
   0.6098
   0.9545
   0.4147
   0.5786
   1.1613
   1.0482
   0.2607
   0.7735
   2.1997
   1.2464
   1.2771
   0.5838
   0.4119
   0.5780
   0.3940
   0.1975
   0.2860
   0.8014
   1.1293
   0.9876
   1.6514
   0.5967
   1.5445
   1.0508
   0.9686
   1.7204
   1.1156
   0.6926
   0.9892
   1.0616
   0.7084
   0.5756
   0.7049
   0.9135
   1.7959
   0.3526
   0.7993
   1.2648
   1.1846
   0.5802
   1.2358
   1.3546
   1.4091
   1.8037
   0.5074
   0.8253
   3.2129
   2.1060
   0.2222
   1.0996
   1.5968
   0.9237
   1.5839
   1.0648
   1.1077
   2.1033
   0.5814
   0.6606
   0.5612
   1.0427
   0.8131
   1.5862
   1.0550
   0.5522
   1.2798
   0.8440
   1.1039
   1.2882
   0.8841
   1.0353
   1.7593
   0.6528
   0.5120
   0.6927
   1.3685
   0.2399
   0.5710
   0.9814
   0.3948
   0.9597
   0.6988
   0.5063
   0.5082
   0.7855
   0.7888
   0.9189
   0.5751
   1.0759
   0.5987
   0.6632
   1.7623
   0.7297
   0.3383
   0.3604
   1.6480
   1.1856
   0.2980
   0.8471
   0.9279
   0.7231
   0.8299
   1.1494
   1.0012
   0.4093
   1.4534
   0.9456
   0.6818
   0.4338
   0.3934
   1.1601
   2.8232
   0.3744
   0.9756
   0.9701
   1.0362
   0.7968
   0.3869
   2.4264
   0.6348
   0.5891
   1.1030
   0.1535
   0.4721
   0.5409
   0.3314
   0.4725
   0.8302
   0.4566
   0.4040
   0.7949
   0.5725
   2.2894
   1.0377
   3.8568
   0.6605
   1.4862
   0.5986
   1.4979
   0.8180
   1.1552
   0.7305
   1.0641
   1.7629
   1.1750
   0.2858
   0.6681

