   0.8148
   0.6966
   1.2305
   1.1918
   1.3443
   0.4611
   0.9266
   0.5724
   1.2911
   0.6982
   0.8383
   2.7623
   0.8411
   0.7970
   0.6549
   0.4713
   0.4430
   0.4833
   0.5521
   0.6742
   1.4164
   1.0683
   0.8584
   0.7225
   0.4015
   0.4672
   1.7096
   0.7138
   0.8179
   0.5801
   0.7156
   0.7342
   0.8786
   2.6865
   0.8182
   0.7014
   1.5010
   1.6781
   1.0593
   0.7326
   0.8747
   1.4403
   1.4976
   1.2918
   0.7279
   0.2904
   0.7429
   0.3495
   0.7736
   0.6207
   2.6095
   0.8476
   0.2864
   1.2235
   0.2730
   0.4214
   0.2950
   3.1686
   0.3217
   1.3720
   0.6857
   0.3043
   0.5064
   2.2885
   1.5843
   3.2958
   4.2109
   0.6522
   0.2219
   1.4783
   0.8567
   1.2627
   0.9597
   0.6150
   1.5035
   1.2932
   0.8659
   0.4536
   0.9426
   0.7304
   0.4931
   0.6028
   0.4892
   0.5693
   2.3123
   0.3405
   0.8707
   1.3169
   1.2772
   1.0673
   0.8709
   1.4678
   1.3852
   0.3466
   2.5406
   1.2272
   0.8456
   1.1305
   0.9929
   1.2795
   0.7742
   0.7733
   0.9305
   0.8403
   0.9033
   0.5479
   2.0380
   0.3728
   2.8492
   0.8692
   1.0926
   0.8771
   1.5034
   1.1205
   0.3709
   0.7495
   0.7392
   2.1214
   0.6905
   0.3144
   0.5414
   1.8583
   0.3962
   0.8859
   0.7965
   1.6068
   1.2366
   0.4004
   1.2761
   1.9228
   1.3749
   0.3031
   0.3680
   0.1384
   1.2994
   0.5022
   0.6628
   0.7577
   0.6739
   0.2840
   1.2620
   1.1595
   0.3444
   0.9954
   1.9874
   0.9268
   0.9571
   0.5027
   0.6633
   2.1224
   1.4724
   1.6364
   0.5852
   0.4212
   0.9879
   1.1312
   1.1133
   0.2332
   1.4983
   0.1981
   0.1344
   1.0135
   1.0129
   0.6087
   1.5105
   1.4884
   0.8051
   0.4866
   1.3231
   1.7449
   1.3466
   0.4181
   0.4260
   0.9259
   1.1570
   0.8724
   3.3361
   0.6730
   1.3134
   1.3441
   0.6802
   0.8422
   0.8449
   0.8983
   3.8353
   0.7564
   1.2114
   1.3314
   0.9376
   0.3046
   1.4663
   0.3062
   1.1363
   0.5920
   0.8402
   0.8445
   0.8436
   1.3032
   0.9529
   2.1086
   0.6789
   1.0435
   2.6825
   0.4615
   0.4929
   2.3235
   0.5295
   1.1660
   0.8761
   0.3588
   0.8930
   0.7875
   0.5133
   0.2615
   0.3207
   0.4852
   1.1809
   0.7720
   0.8588
   2.1719
   0.7637
   1.0090
   0.9339
   0.9591
   0.6677
   0.5088
   0.9257
   0.3954
   0.5945
   0.5231
   0.6967
   1.0439
   0.2871
   0.4234
   1.1329
   0.1873
   1.5585
   0.5718
   1.0987
   0.9845
   1.0148
   0.5161
   0.9230
   0.8093
   1.5103
   2.4965
   0.7893
   0.5536
   2.2466
   1.9533
   1.0661
   0.9008
   0.8861
   0.8817
   0.7812
   0.4486
   0.3001
   1.7934
   0.7198
   1.3994
   1.1802
   0.8983
   0.5371
   0.8389
   1.1503
   0.2013
   0.2300
   0.5398
   1.2536
   1.4812
   0.4993
   0.6285
   1.0861
   0.7066
   2.7816
   0.6807
   1.8225
   1.6908
   0.6289
   0.7748
   0.4856
   1.4946
   0.7469
   1.6110
   0.3524
   0.5666
   0.8213
   0.6056
   1.0767
   0.9032
   1.0138
   0.4192
   1.0861
   0.7320
   2.4842
   0.8671
   0.7402
   0.5561
   0.3050
   0.9036
   0.7604
   0.7065
   1.5360
   2.0049
   1.2752
   1.3029
   1.3495
   1.0678
   2.4736
   0.6823
   1.1081
   0.8214
   0.5881
   0.5803
   0.5833
   0.8875
   1.1833
   0.3623
   1.0109
   0.5457
   1.7861
   0.6670
   1.6994
   0.5727
   1.4727
   1.4968
   1.0311
   0.8447
   0.9232
   1.6946
   0.3096
   1.1598
   0.6759
   1.7145
   0.6716
   0.7732
   0.7163
   0.5672
   1.0754
   2.0710
   1.2201
   0.3044
   0.8253
   1.0954
   0.6493
   0.9917
   1.1033
   1.0111
   0.7287
   0.7516
   0.8025
   0.9349
   0.9110
   0.8012
   0.5950
   0.7808
   0.5190
   0.3254
   0.9699
   0.4413
   0.7313
   1.7986
   0.7207
   0.1978
   0.8261
   1.6962
   0.8967
   0.9972
   0.3984
   1.1394
   0.8867
   0.5477
   0.6939
   1.4349
   0.5560
   1.0410
   0.7960
   1.8717
   0.8851
   1.2854
   0.7057
   1.7428
   0.8684
   1.4768
   1.3803
   1.1759
   1.3706
   0.2606
   1.2205
   1.8653
   1.1138
   1.5802
   0.3821
   0.5714
   1.9898
   0.6009
   0.5024
   0.8442
   1.6400
   0.5805
   1.7473
   1.1028
   0.8218
   1.1283
   1.6059
   0.8645
   0.9603
   0.6693
   1.2344
   1.2332
   0.6206
   1.0047
   0.7831
   1.8354
   3.9818
   1.1821
   1.2138
   1.5581
   0.6579
   0.9130
   0.2689
   1.3337
   0.2126
   1.1962
   0.6740
   0.6275
   1.0220
   3.2333
   1.7685
   1.5333
   0.7301
   1.4730
   0.2313
   0.6208
   1.2446
   0.6036
   1.3632
   0.3896
   0.8800
   0.9114
   0.3604
   0.4456
   1.2884
   0.5000
   2.5938
   1.5199
   1.0069
   2.2007
   0.5153
   0.5088
   1.3798
   2.2680
   0.6331
   0.5556
   0.4492
   0.5492
   0.3256
   1.1210
   1.4062
   1.2805
   0.6587
   0.7174
   0.5645
   1.3742
   0.5972
   1.3533
   1.0992
   1.1648
   0.7193
   1.0509
   1.0269
   0.3354
   0.5693
   0.6962
   0.4624
   1.0003
   1.5769
   1.1504
   0.8265
   0.6063
   1.1725
   1.4346
   0.3320
   0.5116
   1.4045
   1.1221
   0.5877
   1.1990
   0.6646
   0.6093
   0.3336
   2.9303
   0.7786
   1.2308
   2.2622
   0.6017
   1.5673
   0.5413
   0.7434
   1.0120
   1.3445
   1.1102
   1.0195
   0.7533
   0.8440
   0.9531
   0.8387
   0.4689
   0.8444
   0.5948
   1.2288
   3.6525
   0.4418
   0.9058
   1.6586
   0.3562
   0.2651
   1.3643
   0.9795
   1.3400
   0.5589
   1.8507
   0.8368
   1.6630
   0.4557
   1.0090
   0.2215
   0.6642
   0.7582
   2.1204
   1.7205
   2.1623
   0.8549
   0.2482
   1.5896
   1.3497
   0.6096
   2.0290
   1.1261
   0.7043
   2.2947
   0.6126
   1.3587
   0.5640
   0.6350
   0.9235
   2.1542
   0.4388
   2.2321
   0.9716
   0.4556
   0.4456
   0.5135
   0.9446
   0.9911
   0.2059
   0.2813
   0.9282
   0.3293
   0.4008
   1.5342
   2.3949
   1.0831
   0.4087
   1.4104
   0.6476
   0.4321
   0.9322
   1.1336
   0.5605
   1.8791
   0.6132
   1.1297
   0.6395
   1.2720
   1.4525
   0.8280
   1.4620
   0.8727
   0.8969
   1.1548
   0.8024
   1.1055
   0.6030
   1.4672
   1.4913
   0.7458
   0.6287
   1.4948
   0.8482
   1.3336
   0.9177
   0.5497
   1.6907
   1.2412
   0.3452
   1.6001
   0.6120
   0.5074
   2.0986
   1.0319
   0.7294
   0.6655
   0.9943
   1.0053
   1.3768
   1.3101
   1.1607
   0.9237
   1.0112
   1.6701
   0.7260
   0.9947
   1.1998
   2.4739
   1.7588
   0.8295
   0.3511
   0.9199
   1.0013
   0.5670
   0.7958
   1.0432
   1.6869
   1.0060
   0.7639
   1.2831
   1.1552
   0.5332
   2.1630
   0.8789
   0.9208
   1.1117
   1.8836
   0.8386
   0.6804
   1.2074
   1.1315
   0.8264
   0.4706
   0.4631
   1.1566
   0.6375
   0.8496
   0.3088
   0.8487
   1.4815
   0.4777
   1.0864
   1.2578
   0.4173
   0.5004
   1.5605
   0.7813
   0.3353
   0.9192
   0.7093
   0.3494
   1.1284
   0.9786
   0.7146
   0.6936
   0.8458
   1.1217
   0.5120
   0.4307
   0.6089
   1.0146
   0.8798
   0.2838
   0.4421
   0.6035
   0.7333
   0.3667
   0.8505
   0.6013
   0.3878
   1.8395
   1.8779
   0.3579
   1.5349
   0.9921
   0.6511
   1.2809
   1.0112
   0.5282
   1.3075
   0.7114
   1.0316
   0.1766
   0.4244
   1.4527
   0.6776
   0.8767
   1.2709
   1.5823
   1.4079
   0.4007
   0.1904
   3.2782
   0.6928
   0.2490
   2.1825
   0.5658
   1.1457
   1.3310
   0.5029
   0.5770
   0.8025
   1.6576
   0.4570
   1.7705
   0.7907
   0.3674
   1.9655
   0.4432
   0.5116
   2.2840
   0.4303
   1.9781
   1.3309
   0.5193
   1.0506
   1.9500
   0.4035
   0.4940
   0.5544
   0.7839
   1.0803
   1.0079
   1.3461
   1.9113
   0.7252
   1.0567
   0.8952
   2.5600
   0.6487
   1.4063
   1.3842
   0.5211
   0.3193
   0.6398
   0.4079
   3.0470
   1.3165
   0.7065
   0.5510
   0.6928
   0.5077
   0.7609
   0.8380
   0.5580
   1.1190
   1.0101
   1.1682
   0.8094
   1.5640
   0.9722
   0.2107
   0.8098
   1.2959
   1.4944
   0.9935
   0.7813
   0.6365
   0.9113
   0.6632
   0.8367
   0.5302
   0.5190
   1.1638
   1.2939
   0.6713
   1.0202
   0.6706
   1.4888
   0.7979
   0.6739
   0.3805
   1.2765
   0.3140
   1.5226
   0.8827
   1.3138
   1.7434
   1.6230
   0.7050
   0.9203
   1.0406
   0.6312
   1.5133
   1.3306
   1.1204
   0.2890
   0.8429
   0.6373
   0.8643
   1.3461
   0.6538
   0.8960
   2.0077
   0.6635
   0.3776
   0.6641
   0.4143
   0.2810
   1.4658
   0.4139
   0.8481
   0.4823
   1.1077
   0.4848
   0.6979
   0.4270
   0.8658
   0.5862
   1.4132
   0.4232
   1.1399
   0.4490
   0.6848
   0.5500
   0.9003
   1.2651
   1.3318
   0.9679
   1.0527
   0.6826
   1.0750
   0.6149
   0.8548
   1.3016
   0.6077
   1.0655
   0.3468
   0.9374
   1.0819
   1.6160
   0.8524
   1.4105
   2.1653
   1.3409
   0.4130
   1.1572
   0.4052
   0.9674
   1.4809
   0.6891
   0.8399
   0.2380
   1.0328
   1.1707
   0.8713
   0.8843
   1.5334
   0.9588
   0.9206
   1.1593
   1.0864
   1.2278
   0.8261
   0.8983
   1.3930
   0.6125
   1.2141
   0.7770
   1.0771
   0.5489
   0.6899
   1.0445
   0.9504
   1.0798
   3.1359
   0.3215
   2.0940
   0.6600
   0.4374
   1.1478
   2.3309
   1.4234
   0.3561
   1.5045
   1.3028
   0.8328
   0.5932
   1.9815
   1.4601
   0.9847
   1.0084
   1.1029
   0.9062
   0.1855
   0.4807
   0.9174
   0.8796
   0.4858
   2.3067
   0.3591
   0.1645
   0.6874
   0.6360
   0.4567
   1.1300
   1.0927
   2.0762
   0.9233
   0.8823
   2.2200
   0.7281
   1.8968
   0.7623
   0.2299
   0.4942
   1.5828
   0.4750
   1.1733
   1.0402
   1.1637
   1.2784
   0.6054
   0.7154
   1.2073
   0.5808
   1.4318
   0.8962
   0.5903
   0.6938
   1.1401
   0.7909
   0.8063
   0.3301
   1.6874
   1.0910
   0.9626
   0.9611
   0.4294
   0.6641
   0.4529
   0.7327
   1.0046
   0.3312
   2.3445
   0.8467
   1.4489
   0.2474
   1.6114
   1.1029
   0.9092
   0.9489
   0.4801
   0.8167
   0.9624
   1.5293
   0.5074
   0.7334
   0.3629
   1.0524
   0.6819
   0.8022
   2.3050
   0.8844
   1.1327
   1.1157
   1.0831
   0.8445
   1.8495
   0.5623
   0.4242
   1.4022
   1.3779
   1.5399
   0.9926
   2.5857
   0.9457
   0.2744
   1.8213
   0.8334
   1.2928
   0.3489
   0.8651
   1.4925
   1.0391
   0.7024
   0.3589
   0.7962
   0.3885
   1.5712
   0.2012
   1.3821
   0.5958
   1.3435
   1.1881
   0.7083
   1.0401
   2.0259
   2.4535
   1.6020
   0.9734
   0.3740
   1.7882

