  4.0682e+002
  4.4495e+001
  5.7410e+001
  5.4664e+001
  1.8522e+002
  3.7648e+001
  7.0712e+001
  6.4309e+001
  1.3355e+002
  3.4049e+001
  8.8339e+001
  2.2490e+002
  1.1214e+002
  3.4550e+001
  8.5911e+001
  5.8903e+001
  1.1934e+002
  8.0017e+001
  3.2614e+002
  1.5348e+002
  1.5195e+002
  1.1745e+002
  1.2181e+002
  3.9397e+001
  1.6084e+002
  2.4827e+001
  5.9005e+001
  3.1471e+001
  1.5149e+001
  2.0332e+002
  1.2917e+002
  7.9041e+001
  1.4583e+002
  1.6336e+001
  3.8316e+001
  6.8733e+001
  5.7292e+001
  1.1168e+002
  1.7119e+002
  1.5274e+002
  6.2572e+001
  7.4239e+001
  6.4727e+001
  1.1119e+002
  8.1000e+001
  9.3658e+001
  2.3755e+001
  6.2528e+001
  5.1575e+001
  1.2348e+002
  3.4314e+001
  1.1666e+002
  2.8050e+001
  2.5450e+001
  8.7879e+001
  1.0533e+002
  4.9414e+001
  6.6149e+001
  3.0504e+001
  2.1944e+001
  1.7009e+002
  8.4682e+001
  6.4852e+001
  5.9691e+001
  7.4682e+001
  1.2609e+002
  3.4646e+002
  1.1146e+002
  5.6880e+001
  4.8583e+001
  1.3246e+002
  9.0993e+001
  2.0963e+002
  3.8087e+001
  4.9959e+001
  2.4712e+001
  1.3535e+002
  1.7924e+002
  1.7228e+002
  1.3139e+002
  8.8345e+001
  1.0983e+002
  1.3415e+002
  3.9154e+002
  4.2842e+001
  2.7038e+001
  6.1834e+001
  7.7718e+001
  1.8756e+002
  6.1907e+001
  1.0550e+001
  4.5656e+001
  1.2354e+002
  2.5543e+002
  6.3652e+001
  5.5068e+001
  3.8242e+001
  2.0399e+002
  2.7342e+002
  9.1114e+001
  2.2019e+002
  5.6191e+001
  1.4903e+002
  2.6318e+002
  1.8157e+001
  6.2844e+001
  7.2679e+001
  1.2346e+002
  1.4482e+002
  1.6072e+002
  5.3514e+001
  9.8280e+001
  1.0543e+002
  1.1860e+001
  2.1710e+002
  6.2788e+001
  2.7157e+001
  1.6771e+002
  5.8056e+001
  2.7453e+002
  5.4958e+001
  1.9188e+001
  8.3953e+001
  7.7133e+001
  3.8772e+001
  2.5997e+002
  8.6682e+001
  5.7241e+001
  3.3519e+001
  3.8516e+001
  4.6425e+001
  8.0162e+001
  4.0173e+001
  8.9828e+001
  1.6801e+001
  1.2053e+002
  2.4112e+001
  5.0876e+001
  1.8470e+002
  1.0096e+002
  1.7056e+002
  6.2535e+001
  6.3145e+001
  2.8818e+001
  2.6455e+001
  2.4675e+001
  7.7925e+001
  3.6102e+001
  2.5335e+002
  6.7099e+001
  9.7686e+001
  9.7614e+001
  1.1433e+002
  2.7954e+001
  5.1169e+001
  5.2734e+001
  1.6609e+002
  1.6935e+002
  1.3706e+002
  6.8101e+001
  1.0172e+002
  9.0824e+001
  1.6657e+002
  7.3381e+001
  1.2378e+002
  2.4281e+001
  9.5477e+001
  5.0565e+001
  7.4988e+001
  7.9187e+001
  1.2943e+002
  4.3364e+001
  3.0414e+002
  5.0544e+001
  9.2575e+001
  8.9486e+001
  8.0406e+001
  9.0699e+001
  6.1237e+001
  8.9250e+001
  6.5357e+001
  5.0769e+001
  1.1061e+002
  1.9232e+002
  5.9537e+001
  1.3310e+002
  1.3269e+002
  1.3586e+002
  1.2096e+002
  2.1643e+001
  1.6253e+001
  4.1191e+001
  1.6811e+002
  7.4564e+001
  1.5864e+002
  2.2879e+002
  1.1704e+002
  5.0463e+001
  1.3199e+002
  6.4192e+001
  8.8622e+001
  8.1395e+001
  1.5984e+002
  1.4236e+002
  1.2313e+001
  9.7813e+001
  4.5598e+001
  3.3829e+001
  7.6304e+001
  2.5004e+002
  7.4618e+001
  8.1539e+001
  1.5620e+002
  1.2101e+002
  3.2775e+001
  2.9675e+001
  9.4108e+001
  3.1663e+001
  2.1636e+002
  3.8027e+001
  3.5629e+001
  1.5327e+002
  4.3497e+001
  4.1689e+001
  1.0958e+002
  1.2789e+002
  2.5220e+001
  1.0713e+002
  3.6330e+001
  5.8295e+001
  8.1349e+001
  4.8839e+001
  1.1512e+002
  1.5152e+002
  2.0637e+002
  1.9302e+002
  6.8418e+001
  9.6917e+001
  4.6759e+001
  1.4942e+002
  9.5374e+001
  9.8905e+001
  1.8233e+002
  9.2894e+001
  4.0253e+001
  5.8893e+001
  7.8063e+001
  6.1370e+001
  4.2610e+001
  3.3168e+001
  7.2641e+000
  7.5265e+001
  2.1422e+002
  2.7695e+001
  4.8830e+001
  1.1679e+002
  1.1935e+002
  2.1572e+002
  2.3075e+001
  1.5177e+002
  4.4917e+001
  8.8534e+001
  9.9191e+001
  5.9802e+001
  1.7304e+002
  3.2348e+001
  3.7842e+001
  4.7732e+001
  3.3338e+001
  8.1059e+001
  1.0052e+002
  1.0405e+002
  2.2393e+001
  1.9313e+001
  8.8892e+001
  3.9350e+001
  9.0019e+001
  6.2159e+001
  4.5617e+001
  1.0454e+002
  4.7801e+001
  1.7398e+002
  3.9075e+001
  2.0421e+002
  2.7213e+002
  5.5844e+001
  2.0065e+002
  4.5461e+001
  6.9788e+001
  3.8065e+001
  1.8819e+002
  4.2702e+001
  4.1734e+001
  2.1698e+002
  4.5068e+001
  2.8119e+001
  5.2677e+001
  2.9165e+002
  2.1774e+002
  2.7439e+001
  4.4598e+001
  6.7162e+001
  3.3725e+001
  1.5534e+002
  1.4738e+002
  2.6781e+002
  5.4330e+001
  1.4122e+002
  7.2361e+001
  6.6015e+001
  7.6081e+001
  1.0889e+002
  7.9352e+001
  1.6427e+002
  1.5226e+002
  2.0183e+002
  1.1414e+002
  9.4530e+000
  9.0380e+001
  8.4070e+001
  2.2381e+002
  1.0178e+002
  1.3489e+002
  5.4386e+001
  7.0742e+001
  2.4435e+001
  8.8251e+001
  1.8227e+002
  8.1835e+001
  3.3737e+001
  7.6468e+001
  1.3487e+001
  3.3073e+001
  1.3626e+002
  3.2431e+002
  6.4603e+001
  6.3348e+001
  7.3921e+001
  1.6238e+002
  8.0257e+001
  1.0027e+002
  2.4746e+001
  4.3977e+001
  1.2932e+002
  4.8281e+001
  1.1719e+002
  1.8089e+002
  1.2057e+002
  5.9383e+001
  8.1860e+000
  4.5359e+001
  1.3256e+002
  1.0951e+002
  1.6800e+002
  3.4040e+001
  2.3579e+001
  1.1153e+002
  6.8284e+001
  6.4341e+001
  1.1753e+002
  9.6747e+001
  8.7694e+001
  7.6187e+001
  4.3603e+001
  1.2009e+002
  4.7626e+001
  8.6094e+001
  1.2593e+002
  2.1590e+002
  1.9186e+002
  3.2558e+002
  1.6183e+002
  1.0683e+002
  1.2576e+002
  1.5005e+001
  1.5166e+002
  8.0997e+001
  3.7795e+002
  1.0287e+002
  6.1600e+001
  6.6289e+000
  1.0339e+002
  8.6071e+001
  2.5114e+001
  2.0844e+002
  7.3412e+001
  5.4071e+001
  1.1497e+002
  1.1606e+002
  2.5885e+002
  1.7295e+002
  1.3829e+002
  1.7776e+002
  2.5063e+001
  1.0961e+002
  8.9928e+001
  1.5651e+002
  7.8185e+001
  2.4233e+001
  4.2862e+001
  6.5100e+001
  2.1099e+002
  8.0453e+000
  3.6594e+001
  9.0249e+001
  5.7348e+001
  8.1034e+001
  4.8139e+001
  8.7720e+001
  6.6565e+001
  1.5111e+002
  3.1500e+001
  1.4964e+001
  1.8623e+002
  1.5804e+002
  1.3626e+002
  1.5975e+002
  6.8661e+001
  1.0748e+002
  4.3659e+001
  1.8384e+001
  2.5983e+002
  6.9706e+001
  9.6147e+001
  4.4278e+001
  8.6221e+000
  5.7043e+001
  1.7356e+001
  4.7557e+001
  3.1254e+001
  8.5719e+001
  2.6346e+001
  1.4090e+002
  3.2360e+001
  4.2766e+001
  2.2945e+001
  1.4354e+002
  1.0955e+002
  4.3781e+001
  6.5193e+001
  1.1195e+002
  2.8534e+001
  1.0892e+002
  8.0674e+001
  2.4402e+002
  8.3558e+001
  3.5579e+001
  1.3164e+002
  1.2355e+002
  4.9791e+001
  1.9744e+002
  7.7064e+001
  1.0387e+002
  1.4976e+002
  2.6337e+002
  5.5654e+001
  3.5587e+002
  6.4143e+001
  1.8386e+002
  1.4454e+002
  1.2537e+002
  1.4770e+002
  1.1255e+002
  2.1899e+002
  1.4015e+002
  1.0404e+002
  6.0100e+001
  1.1571e+002
  1.5149e+002
  1.1394e+002
  1.2437e+002
  1.3607e+002
  1.0017e+002
  9.2048e+001
  2.0713e+002
  2.2419e+001
  2.3097e+001
  1.1963e+002
  8.9138e+001
  3.1616e+002
  4.4723e+001
  8.1037e+001
  8.7618e+001
  1.0917e+002
  6.5513e+001
  1.3777e+002
  1.6821e+002
  1.3667e+001
  8.6298e+001
  6.4796e+001
  2.1289e+001
  7.6184e+001
  7.4063e+001
  1.9146e+002
  1.8581e+002
  1.1272e+002
  8.6991e+001
  1.3434e+002
  1.8345e+002
  1.7888e+002

