   1.0000
   1.0000
   0.8205
   0.5393
   1.3088
   0.7041
   1.2508
   1.1872
   1.0039
   0.7449
   0.4050
   0.6970
   1.3166
   1.4022
   0.5952
   1.8119
   0.7286
   1.0000
   1.1989
   1.0965
   0.9149
   0.6173
   0.9082
   0.8889
   0.8965
   0.6616
   0.6319
   1.2002
   1.4500
   1.0000
   0.8774
   0.3338
   0.5118
   1.0000
   0.6316
   0.7286
   0.8306
   1.4392
   0.8091
   1.0000
   0.8857
   0.9738
   1.0000
   1.0000
   1.0485
   0.7640
   0.5484
   1.7979
   0.7635
   0.8296
   0.8931
   0.6745
   1.0362
   0.6434
   1.2228
   0.7181
   1.5607
   1.0605
   0.9422
   0.7775
   1.6351
   1.1719
   1.2905
   1.0000
   1.0000
   0.7038
   1.2269
   0.6469
   1.9120
   0.9030
   0.4661
   1.0000
   1.4001
   1.0000
   0.3205
   0.5541
   0.6600
   1.4719
   1.0000
   1.0684
   0.5497
   1.0380
   1.2102
   0.6898
   1.0572
   1.0000
   1.1504
   1.1675
   1.4541
   1.0000
   0.5741
   0.8236
   0.8114
   0.6595
   1.0000
   1.0393
   0.4775
   1.0000
   0.9514
   1.0987
   0.6454
   0.7921
   1.6861
   1.6232
   1.3863
   0.7736
   1.0881
   0.7319
   0.8506
   1.4092
   1.3893
   1.4014
   1.1808
   0.9957
   1.0208
   0.6039
   1.1893
   1.6412
   0.9338
   0.3306
   0.9465
   1.7519
   1.2518
   1.0000
   1.0000
   1.1677
   0.8744
   0.6882
   1.1464
   0.5478
   1.1441
   1.6680
   1.0000
   1.3639
   1.0323
   0.6081
   1.0514
   0.5585
   0.8148
   0.6615
   2.1488
   0.5430
   0.7349
   1.4605
   0.7115
   0.9792
   1.3034
   0.8573
   0.8655
   1.5787
   1.0571
   0.7755
   1.3973
   1.0374
   0.5445
   0.9415
   1.2361
   1.0000
   1.2206
   1.0311
   0.9211
   0.9335
   1.3798
   0.9820
   1.0000
   0.6040
   0.7043
   1.0000
   0.6712
   1.6566
   0.5079
   0.5251
   0.7997
   1.9870
   0.5224
   0.7820
   0.9039
   1.0870
   0.8687
   0.6156
   1.0000
   0.5351
   1.0640
   0.9041
   0.9727
   0.5304
   0.6573
   0.6204
   1.0990
   0.9222
   1.6424
   0.3871
   1.0000
   1.0000
   1.0000
   1.2284
   0.5966
   0.8091
   1.0000
   2.0776
   1.0000
   1.3994
   1.0000
   1.4634
   0.8559
   1.7194
   1.3473
   0.9852
   1.1321
   1.1127
   1.5956
   1.4471
   0.8987
   1.8131
   0.8192
   0.6293
   0.9708
   1.0732
   1.2886
   0.9573
   1.5557
   0.8362
   1.0390
   0.8321
   0.7158
   1.6561
   1.0000
   0.4846
   1.2344
   1.2139
   1.1949
   1.4965
   1.3441
   0.7751
   1.0000
   1.0034
   0.7065
   0.6012
   0.8258
   1.2182
   0.5984
   0.9285
   1.4872
   1.1027
   0.5332
   1.1784
   0.3178
   1.2941
   0.9381
   0.7547
   1.1118
   0.7452
   0.5099
   1.4481
   1.0537
   1.1993
   0.5817
   0.7881
   1.2495
   1.0000
   0.8739
   1.3187
   0.8438
   0.6858
   1.0831
   0.7408
   1.6988
   1.4273
   0.4775
   0.7934
   0.6606
   1.1209
   0.4552
   1.5678
   1.0000
   0.6437
   0.6774
   1.0000
   1.0713
   2.0693
   1.0000
   0.8297
   1.0000
   0.5554
   0.5994
   2.1209
   0.6672
   1.0000
   2.0197
   1.0000
   0.5207
   1.2676
   0.9300
   1.0339
   0.2714
   0.5397
   1.8040
   1.6225
   1.6884
   1.3195
   0.7505
   1.2104
   1.2627
   2.3012
   0.8790
   1.0333
   1.1236
   2.0320
   1.2473
   0.7546
   0.6599
   1.0000
   1.1148
   0.3576
   1.0000
   0.5542
   1.0177
   1.0000
   0.6193
   1.4934
   1.2516
   0.6400
   0.8389
   1.2431
   1.0822
   0.6884
   1.0000
   0.4355
   1.0000
   1.1621
   1.1754
   1.5406
   1.0000
   1.0000
   1.0000
   1.4552
   1.1165
   1.2632
   0.9471
   0.6000
   1.7600
   1.0000
   1.0000
   1.4841
   0.5216
   0.5229
   0.4440
   1.0000
   1.1418
   1.1956
   1.4259
   0.9840
   0.5589
   1.4466
   0.3734
   0.8577
   1.5669
   0.7307
   0.7443
   0.5960
   1.0704
   0.6162
   1.0000
   1.0000
   1.4438
   1.0000
   1.3569
   1.4777
   0.8445
   1.0000
   1.1689
   1.1267
   0.7399
   0.7705
   1.4954
   0.7884
   0.8832
   0.3450
   0.6803
   0.6211
   1.6171
   1.4948
   1.0680
   1.0000
   1.3133
   1.0000
   0.5470
   0.7885
   1.2416
   1.0904
   1.0000
   0.6643
   1.4084
   0.7640
   0.3801
   1.0000
   1.0000
   1.0000
   0.8051
   0.6421
   1.0000
   1.4445
   1.1341
   1.2556
   1.2579
   0.5683
   1.4033
   0.7515
   1.0000
   1.1168
   0.9013
   0.9324
   1.4522
   0.9453
   0.8765
   0.8644
   0.5462
   0.7728
   1.2793
   1.1730
   1.0110
   1.0000
   0.9000
   1.3802
   0.5384
   1.0000
   0.5278
   1.1118
   1.0815
   0.5558
   1.2953
   0.7978
   1.2213
   1.7192
   0.7311
   0.9900
   1.3975
   1.3551
   1.0000
   1.0000
   1.3454
   1.1853
   0.5636
   1.1021
   1.2660
   0.5522
   1.0000
   0.9651
   0.7473
   1.0000
   1.3764
   1.2590
   1.0000
   1.4125
   0.7679
   0.5271
   0.9693
   1.0207
   1.6251
   1.0000
   0.9605
   1.2844
   0.9332
   1.6672
   0.9395
   1.5403
   1.5954
   1.0564
   1.8853
   1.0000
   1.7975
   0.5105
   0.5146
   0.8627
   0.4264
   1.0516
   1.4775
   1.2262
   0.6212
   1.0930
   2.0705
   1.3298
   1.0244
   1.4080
   0.3087
   0.6472
   0.7545
   1.0000
   0.6091
   0.6219
   0.5999
   1.4994
   1.1818
   0.6761
   1.4854
   1.7139
   1.0000
   0.7406
   0.5480
   0.2673
   0.8017
   1.0685
   1.6979
   1.0000
   0.9721
   1.0464
   1.0515
   0.8518
   1.4034
   0.6452
   0.7144
   1.4844
   0.8396
   0.6319
   0.9631
   1.1970
   1.0740
   1.0703
   0.3403
   1.0000
   1.0087
   0.9574
   1.0000
   1.0126
   0.5213
   0.4311
   0.8417
   1.0000
   1.2738
   0.6379
   1.6625
   0.8108
   1.5299
   1.4893
   1.4409
   0.8250
   1.0799
   0.9142
   1.0945
   1.7857
   1.1697
   1.3411
   0.9368
   0.7520
   1.6201
   1.6365
   1.6953
   1.0000
   1.2831
   0.9140
   0.8838
   1.6022
   1.0000
   1.0000
   0.8094
   0.6980
   1.0392
   0.7623
   1.0000
   0.7340
   1.3259
   0.5663
   0.9181
   0.6460
   1.0000
   2.2705
   1.2231
   0.7901
   1.2719
   1.6040
   0.5029
   0.3974
   0.7419
   1.6954
   0.8268
   0.4632
   0.9564
   1.1588
   0.6204
   0.7248
   1.0000
   1.0000
   1.2298
   1.4570
   0.4680
   0.7973
   1.0000
   1.3685
   0.6969
   0.8878
   0.5743
   1.3503
   0.5706
   1.0000
   1.0279
   1.6227
   0.7788
   1.4289
   1.0000
   0.6616
   0.4392
   0.5778
   1.2737
   0.9173
   0.7882
   1.0408
   0.8314
   1.0669
   1.0000
   1.3178
   0.7433
   0.6868
   1.0000
   1.0000
   1.3179
   0.6611
   0.9034
   1.1464
   0.7187
   1.3387
   0.8434
   1.0000
   0.7297
   1.2261
   0.9035
   0.7758
   1.2813
   0.9007
   1.1982
   0.9496
   0.3232
   0.4935
   0.8897
   0.8435
   0.7260
   1.9342
   0.9033
   1.0000
   0.7391
   1.1181
   0.7476
   1.6097
   1.5846
   1.0000
   1.5159
   1.1555
   1.2830
   0.6144
   1.0000
   1.2658
   1.1469
   1.7523
   0.7108
   0.8034
   1.1902
   0.6899
   0.5862
   0.5461
   1.2343
   1.1544
   1.0578
   1.4701
   0.7204
   1.1203
   1.0000
   0.9640
   1.0266
   0.4536
   0.5974
   1.0082
   1.0000
   1.5069
   0.5023
   1.4486
   0.9484
   0.3865
   0.8636
   0.4092
   1.0304
   0.8879
   1.0000
   1.0000
   0.5193
   0.9626
   0.7764
   1.4931
   0.5408
   0.7048
   0.8567
   1.0700
   1.0812
   0.5344
   1.6363
   1.0333
   2.2445
   1.5821
   1.3036
   1.3778
   1.0484
   1.2665
   1.0000
   0.9946
   1.0000
   1.0000
   1.0967
   1.0396
   1.1852
   0.9721
   1.4611
   1.0517
   0.3638
   0.5888
   0.8202
   0.7160
   0.6914
   1.0958
   1.2381
   1.8142
   1.0000
   1.2883
   1.0000
   1.1563
   1.3146
   0.9317
   0.5978
   0.7955
   1.1127
   0.8863
   0.9918
   1.3986
   0.7908
   0.8298
   0.5215
   1.1839
   0.8511
   0.4845
   1.0000
   0.6023
   0.9672
   1.4257
   0.6018
   0.6334
   1.1766
   0.6340
   0.9890
   1.0000
   0.5878
   0.9174
   1.0605
   0.6864
   1.5365
   1.0000
   1.2589
   0.5990
   1.0715
   1.0000
   1.0080
   1.3894
   0.6325
   0.6047
   1.0000
   0.6328
   1.1460
   0.8104
   1.3245
   0.8092
   1.0000
   1.4141
   0.9104
   0.7915
   1.7613
   0.3786
   0.6806
   1.0000
   0.9483
   0.9379
   1.0749
   0.5175
   0.9966
   0.5187
   1.1693
   1.2132
   1.0488
   0.5622
   1.1587
   0.6780
   0.7415
   1.5791
   0.6953
   0.5357
   1.0000
   1.3392
   0.7863
   1.1416
   1.1797
   0.5993
   1.2896
   1.0000
   0.3067
   0.8152
   0.8503
   1.1613
   0.5233
   0.9695
   0.9009
   0.5650
   1.0000
   1.3255
   1.1568
   0.4506
   1.4258
   1.4255
   0.6091
   1.0000
   0.5338
   0.8844
   0.7364
   1.1101
   1.8337
   0.5556
   0.7633
   0.6761
   0.4309
   0.6344
   0.9762
   0.5847
   0.8717
   0.6014
   1.0000
   0.7052
   1.1947
   1.2508
   1.5241
   0.6504
   1.7642
   1.0000
   0.7794
   0.5738
   1.0000
   0.2391
   1.0000
   0.6583
   1.4718
   1.5141
   0.6379
   0.8834
   1.1610
   1.0123
   0.6120
   0.3642
   0.7049
   0.8472
   0.5377
   1.0000
   1.0000
   0.7572
   1.7508
   0.4265
   1.5367
   0.9442
   1.1993
   0.9218
   1.5178
   1.0000
   1.3760
   1.2661
   0.7293
   1.2903
   1.0888
   1.1070
   1.3489
   1.4656
   0.9894
   1.1865
   1.6613
   1.0473
   0.6065
   1.0972
   0.7489
   0.7438
   1.0000
   1.1587
   1.0000
   0.5420
   0.8310
   1.5577
   1.6393
   1.2765
   0.9685
   1.3684
   1.0000
   0.8088
   0.7464
   1.1151
   0.9153
   0.4337
   0.4923
   1.0000
   0.9497
   1.4649
   1.2979
   0.6191
   0.6702
   0.6107
   1.0000
   1.0000
   0.9942
   0.7086
   0.9237
   0.8249
   1.0000
   0.4521
   0.8381
   0.6065
   0.9667
   0.6488
   1.0000
   1.0430
   0.6773
   1.2899
   0.4027
   1.0000
   1.0000
   1.1992
   1.0000
   1.5766
   0.4876
   1.3809
   0.9519
   0.4604
   0.5703
   0.4234
   0.6876
   1.2346
   1.4396
   1.0000
   1.3042
   0.4018
   1.6213
   0.5082
   0.5629
   0.5353
   0.4359
   1.0000
   1.0000
   0.7411
   1.0000
   0.5926
   1.0000
   0.9231
   1.3985
   1.3775
   0.8815
   0.7540
   1.3428
   0.7954
   1.1607
   1.7908
   0.8643
   1.4609
   0.9139
   0.9622
   1.0000
   1.5735
   0.3411
   1.0000
   2.1965
   1.8318
   1.3553
   0.3416
   0.8926
   1.0000
   1.4758
   0.2822
   1.1895
   0.9360
   0.8008
   1.0000
   0.9099
   1.1704
   1.7148
   0.8844
   0.9373
   1.2716
   1.5887
   1.0000
   1.1641
   0.8128
   1.3290
   1.0845
   0.9674
   1.0000
   1.4157
   0.9838
   1.0236
   1.1524
   0.5369
   1.2870
   1.3123
   1.0531

