  2.0727e+002
  3.5627e-001
  9.3056e+001
  7.4723e+001
  1.2452e+002
  1.0974e+000
  7.6348e+000
  1.2830e-001
  2.0309e+000
  2.6099e+000
  2.2754e+001
  9.1355e-001
  1.2322e+000
  4.4435e+000
  5.7837e-003
  5.6021e+001
  4.1952e+001
  1.5190e+002
  5.0799e+002
  2.9310e+001
  8.0217e-001
  8.2583e+000
  5.6977e+002
  4.6848e+000
  7.3073e+001
  4.6574e+002
  2.6109e+001
  2.9364e+000
  2.5246e+002
  1.6600e+001
  1.4860e+001
  4.2086e-002
  6.3087e-002
  6.5378e+000
  8.9039e-002
  2.1779e+000
  7.1734e+001
  1.5134e+002
  1.3851e+001
  3.4713e+002
  3.2216e-001
  2.9865e+001
  3.2903e+000
  4.0768e+002
  1.0935e+001
  1.8978e+002
  1.3288e+001
  3.4625e+000
  1.0663e+002
  8.8469e-001
  3.2400e+000
  6.4370e+000
  4.3161e+001
  1.4608e-001
  1.9911e+001
  6.6256e+001
  4.8302e-001
  1.0757e+000
  1.1304e+001
  2.3234e+001
  4.0158e+000
  6.9929e+000
  1.6312e+001
  7.3931e-001
  2.1334e+000
  1.0088e+000
  2.5545e+000
  1.0145e+000
  4.7401e+001
  6.9115e-001
  1.4292e+002
  9.3172e+000
  7.6527e+000
  4.7116e+000
  1.2786e+002
  1.6231e+000
  8.8623e+000
  1.7452e+000
  5.3102e+001
  2.6469e+001
  1.9052e+001
  2.0561e-001
  1.4518e+002
  8.4516e+001
  1.2922e+002
  2.3052e+002
  8.5336e-002
  1.8906e+001
  3.9042e-001
  3.4257e+002
  3.4242e+002
  2.7306e+001
  2.7625e+002
  8.8682e+002
  3.0561e+000
  3.7779e+001
  1.0760e+000
  2.4163e-001
  1.8108e-002
  6.9389e-001
  1.8461e+002
  1.2525e+003
  1.7613e+001
  4.0337e-001
  1.0735e+002
  2.4538e+001
  1.2746e+000
  7.0482e+002
  1.6694e+000
  9.3308e+001
  8.8214e-001
  7.0183e+001
  6.4388e+001
  1.1914e+001
  6.8394e+002
  1.9313e+001
  1.0881e+003
  6.6196e+001
  3.2761e-001
  1.0703e+002
  1.9619e+000
  1.1841e+002
  6.1136e-001
  8.0753e+000
  1.9004e+001
  3.1281e+002
  1.8646e-001
  5.1814e+000
  3.2064e-002
  1.0594e+000
  3.5615e+002
  6.3907e+000
  8.7266e+000
  2.0171e+002
  1.0186e+002
  2.6957e+002
  4.0416e+000
  2.1651e+002
  1.9252e+001
  4.3363e-001
  4.7992e+002
  1.1918e+001
  3.3504e-002
  1.5890e+001
  2.7043e+002
  1.8187e+001
  6.5860e+001
  4.1309e+002
  2.8284e+000
  1.0081e+001
  2.7533e+002
  8.3060e+001
  1.2989e+000
  3.8779e+001
  6.2425e+002
  4.6558e+000
  6.9735e+000
  1.1519e+000
  8.0852e+000
  5.5398e+002
  4.0048e+000
  6.4892e-002
  4.2638e+000
  2.1181e+000
  1.5209e+002
  2.0646e+002
  1.7352e+000
  6.4117e+000
  9.5712e+000
  4.2146e-001
  5.7895e-001
  1.7733e+002
  3.3983e+001
  7.2577e+001
  1.9131e+002
  6.2579e+000
  7.5648e+002
  1.0025e+002
  2.0129e+000
  6.7590e+000
  3.6895e+002
  2.2715e+002
  4.5682e+000
  2.6569e+001
  3.8236e+000
  2.2965e+001
  1.2322e+001
  6.1736e-001
  1.6550e-001
  1.6965e+001
  1.2395e-001
  9.5466e+001
  1.8336e+001
  4.4744e+001
  1.2070e+001
  1.5216e+001
  1.0902e+001
  4.5555e+000
  2.2495e+001
  2.1299e+002
  2.7387e+001
  9.9162e-001
  1.8975e+002
  9.5239e-001
  1.1957e+002
  1.9790e+000
  1.0022e+000
  1.2809e+002
  4.9366e+000
  5.8183e+000
  1.0969e+000
  7.8584e+001
  6.0900e+001
  2.4807e+001
  6.1337e+000
  1.1921e+002
  5.9197e+001
  3.8836e-001
  1.4945e+002
  2.4548e-001
  3.2618e+000
  1.6124e-001
  5.1672e+001
  1.8168e+002
  8.4190e+001
  9.1627e+002
  1.9733e+001
  2.6951e+001
  1.4265e+000
  2.9600e+000
  2.3340e+002
  2.3296e+001
  1.0213e+000
  1.4632e+001
  3.3144e+002
  3.3790e+001
  7.4023e+000
  2.5832e+002
  8.9879e+000
  5.4993e+000
  1.2120e+002
  9.7949e+000
  2.1590e-001
  6.0391e+002
  1.1129e+000
  1.4255e+001
  5.7021e+001
  1.3199e+002
  4.8602e+002
  1.2105e+000
  1.2275e+001
  8.8624e+000
  2.1095e+002
  5.4266e+002
  6.1001e+000
  4.6841e+000
  4.5422e+000
  9.8129e-001
  5.9072e+000
  1.3845e+002
  1.3030e+002
  6.1220e-002
  1.0880e+000
  2.5378e+000
  6.3661e-001
  4.1038e+001
  1.8682e+002
  4.6480e+002
  4.9797e+000
  7.8086e-001
  3.1433e+001
  6.0675e+002
  2.5144e+002
  2.5277e+000
  3.8682e+001
  5.8594e+000
  4.4013e+001
  2.9078e+000
  4.2990e+001
  2.8959e+000
  7.8154e-002
  1.3528e+001
  4.9516e+000
  8.5546e+000
  2.3663e+000
  3.8478e+002
  4.4390e-001
  1.2617e-001
  3.0034e+000
  6.1202e+001
  9.3719e+002
  1.5005e+001
  5.6588e-001
  1.2622e+002
  2.7680e+000
  1.2301e-001
  7.5526e+001
  1.6998e-001
  5.2829e+002
  8.1087e-001
  3.4622e+000
  4.9708e-003
  1.4129e-001
  5.1288e-001
  3.1060e-001
  2.5123e-001
  6.6051e+000
  1.5322e+001
  2.4663e+001
  3.3674e-001
  5.5975e+001
  1.8467e+001
  5.2113e+001
  4.2605e+001
  4.9008e+002
  3.7299e-001
  3.0080e+002
  7.8694e+002
  1.1419e+001
  3.6641e+001
  3.0952e+001
  9.5291e+000
  1.6824e+000
  2.3685e+000
  3.4547e-001
  4.6074e+001
  7.7695e+000
  1.0831e+000
  4.0623e+002
  7.1765e+001
  1.5221e-001
  3.1756e+001
  1.2679e+001
  1.6308e+000
  2.0030e+002
  7.8765e+002
  3.5498e+000
  1.6791e+001
  4.5503e-001
  3.0370e+002
  3.4088e+000
  4.7602e+002
  1.1455e-001
  2.9339e+000
  1.2248e-001
  3.1683e+000
  1.3972e+002
  4.3456e+001
  2.3700e+001
  5.2661e+001
  5.1191e+001
  8.3080e-001
  6.6090e+000
  8.9620e-002
  2.0503e+002
  1.8015e+000
  3.4240e+001
  3.7066e+002
  6.1434e+001
  6.9008e-001
  9.2574e+002
  8.5702e-001
  1.7571e+000
  1.1258e+000
  2.9343e+002
  6.1878e+001
  1.2377e+001
  1.0296e+002
  2.4758e-001
  1.1846e+002
  5.9356e-001
  2.7450e+001
  5.4595e+000
  1.4494e+001
  6.6572e-001
  6.5966e-002
  1.4732e+001
  8.8116e+002
  2.9591e+000
  2.5673e+001
  2.1529e+001
  7.3320e-001
  5.0673e+001
  2.1612e+002
  2.8705e-001
  3.0177e+000
  2.0939e-001
  5.8756e+002
  2.5014e+000
  4.5345e+000
  1.0233e+000
  1.0984e+001
  2.2883e+002
  7.2419e-001
  6.2373e+001
  9.8709e+000
  6.2872e+001
  3.7011e-002
  1.7782e+000
  3.1831e+002
  1.1022e+001
  3.0447e-002
  2.0335e+001
  5.5127e-001
  8.2047e+000
  5.3129e+000
  4.8155e-001
  1.0107e+000
  1.1371e+000
  4.9873e+001
  1.6435e+001
  1.1167e+001
  2.6291e+000
  4.5331e-001
  4.4450e-001
  2.8573e+000
  2.7115e-001
  2.2510e+002
  6.3910e+002
  3.6420e+000
  3.7992e-001
  6.8876e+002
  3.5752e+001
  2.0500e+001
  2.2765e-001
  4.9645e+000
  8.0981e+001
  6.4323e+002
  3.8146e+001
  1.5604e+000
  2.8220e+002
  4.6118e+000
  2.4260e+002
  2.4462e+000
  2.9496e+001
  3.7080e+001
  1.3786e+002
  5.3757e-001
  5.9918e+001
  1.0372e+000
  1.5760e+001
  1.6341e+000
  1.6180e+001
  1.2041e+001
  8.0543e+001
  6.8628e+000
  1.5019e+001
  7.9288e+002
  3.8391e+001
  5.2441e-003
  2.7814e+000
  2.6258e-001
  1.1743e+002
  1.4169e+000
  2.1443e+000
  2.2535e+002
  8.0913e-001
  3.3749e+001
  1.2404e-001
  2.2037e+001
  4.2801e+000
  1.7977e+001
  2.4613e+000
  3.1562e+002
  7.2568e-001
  7.1125e-002
  6.9681e-001
  6.7538e+001
  1.2875e+001
  1.1549e+002
  3.1940e+000
  8.3881e-001
  2.4295e+000
  1.1288e+000
  2.0713e+002
  2.6285e+001
  9.3749e-001
  2.5950e+000
  1.6891e-001
  3.2557e+001
  7.9045e+000
  8.7044e+000
  1.2726e+001
  2.8952e+002
  2.2341e+002
  7.0037e-001
  3.7487e+000
  3.3869e+002
  1.0688e+001
  6.2184e+001
  4.3127e-001
  3.9372e+001
  4.6957e+001
  1.0602e-001
  5.6933e+000
  2.6498e+001
  1.6191e+000
  2.7885e+000
  6.3331e-001
  3.4640e+001
  2.2372e+002
  2.9243e+002
  1.9334e+002
  2.2111e+001
  4.9406e+001
  5.4754e+002
  8.2117e+000
  4.3283e+002
  3.4553e+001
  3.6460e-001
  4.0260e+002
  1.5183e+000
  1.9809e+002
  2.6028e+001
  2.5718e+002
  2.4127e+002
  3.5009e+002
  2.8964e-002
  3.1374e+000
  2.1018e+002
  1.1963e+001
  8.7931e+000
  4.9451e+000
  3.0875e+000
  1.0174e+003
  6.4475e+001
  2.5896e+001
  1.5501e+001
  1.9083e+001
  8.9290e-001
  2.7660e-003
  1.9991e+001
  1.3213e+000
  1.8018e+000
  8.1166e-002
  4.2155e+002
  4.5116e+000
  7.9527e-001
  2.8234e+002
  1.6772e-001
  2.0560e+002
  4.5959e-002
  6.4460e+000
  1.4829e+002
  8.6644e+000
  2.9645e+002
  2.7482e+002
  2.9270e-001
  2.0150e+000
  1.3141e+000
  1.0599e+002
  9.8893e+001
  5.4432e+002
  4.7658e+000
  6.1863e-001
  5.0132e+001
  7.9035e+000
  7.8433e-001
  6.7656e+002
  6.0347e+000
  5.2856e-001
  7.5321e+000
  2.4131e-001
  3.6553e+000
  1.3320e+001
  1.1441e+002
  3.5682e+001
  7.8901e-001
  7.5653e-001
  5.4652e+001
  2.5078e+002
  5.2634e+001
  1.0904e+000
  3.7936e+002
  1.8043e+003
  1.6937e+001
  1.1668e+001
  9.0415e+001
  2.3006e+002
  3.9169e+002
  4.6388e+000
  3.8268e-001
  4.8239e+002
  2.1866e+000
  7.8853e+000
  1.1295e+000
  1.1480e+002
  3.2917e+002
  6.8390e-001
  3.2113e+001
  7.5673e+000
  3.0359e-001
  4.4787e+002
  2.3687e+002
  4.6020e-001
  9.6348e+000
  8.5427e-001
  2.9130e+001
  2.6880e+001
  1.4768e+002
  1.1391e+001
  9.4917e+001
  5.7362e+001
  2.8284e+000
  5.0240e+001
  3.6619e+001
  2.4449e+000
  6.4588e+002
  1.7230e+000
  1.2042e-001
  1.0167e+001
  6.7753e+000
  6.4586e+001
  9.3498e+001
  9.8677e+000
  1.3268e-001
  4.9557e-001
  1.9784e+000
  6.5866e+001
  4.0818e+002
  7.0482e+000
  5.9476e-001
  7.9741e+002
  1.6677e+000
  1.5700e+002
  7.4510e+000
  3.5857e+001
  6.6005e+000
  1.4981e+001
  1.3967e+002
  4.0608e+002
  2.1405e+000
  2.2325e-004
  1.0623e+001
  1.1491e+001
  3.1146e+000
  7.4339e+001
  1.7006e+002
  1.2527e+001
  1.3732e+000
  4.5559e-001
  1.1862e+000
  1.7585e+002
  2.2632e+000
  1.5477e+002
  1.2025e+001
  1.3510e+001
  2.2140e+000
  1.7625e+002
  1.8800e+001
  1.2110e+000
  4.1543e+001
  5.7923e-002
  5.7291e+001
  7.2286e-001
  1.9033e+000
  2.1504e+002
  1.4830e-001
  7.8437e+000
  2.0701e+001
  4.3309e+001
  1.9688e+002
  3.6012e+000
  5.2895e+000
  9.2149e+001
  9.6639e+001
  1.1681e+000
  4.4974e-002
  3.2824e+000
  2.0404e+001
  8.7943e+001
  3.9961e+002
  3.3560e+001
  3.0123e+000
  5.3351e+000
  1.8598e+002
  3.0084e+002
  2.0559e+002
  4.6119e+000
  6.8928e+001
  6.1354e+001
  1.8363e+000
  1.5861e+003
  4.3829e+001
  1.5517e+001
  7.1061e-001
  3.0384e+001
  1.8792e-001
  4.0807e-002
  7.4010e-001
  6.3179e+000
  4.1466e+000
  7.6939e-001
  9.1623e+001
  4.5307e+000
  2.3318e+001
  4.7519e+001
  3.7128e+002
  1.5019e+000
  4.4642e-001
  1.2634e+001
  1.0630e+003
  2.9868e+000
  4.8852e+002
  9.6401e+001
  1.0212e+000
  7.8415e-001
  1.8797e+001
  1.9622e+001
  5.8379e-001
  1.0080e+002
  1.4099e+002
  1.2002e+002
  2.5648e+002
  3.1649e+001
  1.0349e+002
  1.4662e+002
  6.6964e+000
  8.3412e+001
  1.1387e+001
  2.4941e+000
  8.1928e+002
  6.2151e+001
  2.7634e+000
  1.7228e+001
  2.1397e+000
  3.0539e+001
  2.1005e+001
  3.0904e-002
  6.0143e-001
  1.3977e+000
  1.1933e+001
  3.1044e+000
  1.0935e+001
  2.5681e+000
  2.9495e+002
  1.7282e+000
  4.2621e+002
  9.2167e-001
  1.7991e-001
  2.5829e+002
  2.1689e+000
  8.5339e+001
  4.5688e+000
  4.4429e-001
  2.9273e+002
  1.1283e+001
  4.4604e+002
  1.0713e+000
  1.5221e+002
  2.0896e+000
  1.2927e-001
  1.1698e+000
  3.0089e+000
  7.3064e+001
  1.5940e+001
  1.9162e+001
  6.7694e+001
  3.5277e-001
  4.8640e+001
  7.3164e+001
  2.5962e+002
  1.8924e+001
  4.5922e-001
  3.2581e+000
  3.9026e+000
  6.7509e-001
  4.4550e+000
  1.2895e+001
  2.2401e+001
  5.3240e+002
  1.0302e+000
  4.2490e+002
  3.2011e+001
  1.9294e+001
  2.1720e+002
  2.1669e+000
  9.7880e+002
  5.7489e+000
  1.8426e+000
  1.7479e+001
  7.5509e+000
  9.4567e+001
  4.4976e-003
  9.7323e+000
  3.1931e-001
  1.9461e-001
  2.3700e+002
  3.0386e+001
  2.8129e+000
  2.4393e+000
  7.0251e+000
  5.0423e-001
  3.0178e+001
  1.9290e+000
  8.9167e+001
  1.1968e+002
  8.1667e+000
  3.0585e+000
  8.4184e-001
  4.4648e+001
  1.8466e+000
  1.3049e+000
  3.1490e+000
  8.5366e+001
  1.2800e+002
  7.3861e+002
  3.2011e+001
  3.9241e+002
  4.0802e+001
  1.2583e-002
  2.3423e+001
  2.8460e-001
  3.7367e-001
  4.5325e+000
  1.8520e-001
  1.3994e+002
  2.9195e+000
  8.1561e+001
  9.2212e+002
  3.9622e+000
  3.5645e+002
  1.0965e+001
  5.3179e+000
  1.3795e+003
  9.1391e+002
  2.2189e-001
  6.1950e+000
  2.8615e-001
  3.2760e+000
  6.8588e+000
  2.4781e-001
  4.3938e+002
  3.6011e+002
  1.7110e-001
  2.6709e+000
  9.5232e-002
  4.0611e+002
  6.8826e-001
  7.5297e-001
  2.7963e+001
  1.4316e+002
  8.9658e+002
  7.6418e+002
  1.7182e-001
  8.1563e+001
  6.3155e+000
  1.2312e+001
  3.4720e+002
  1.2968e+001
  1.5887e+002
  7.8291e-001
  4.8777e+002
  4.2699e+001
  2.8313e+001
  4.1503e+000
  4.5476e+001
  7.9423e+001
  1.9238e+002
  4.9461e+002
  3.1464e+001
  2.1363e+002
  2.6868e+000
  3.7739e+001
  4.5831e+002
  1.2747e+002
  2.7278e-002
  4.9634e+002
  2.7295e+000
  1.4583e+001
  2.3542e+000
  7.2054e-001
  9.9690e-001
  3.9780e+002
  1.1372e+002
  2.9212e+002
  6.9904e+000
  4.4793e-001
  5.9358e+000
  1.5470e+002
  3.7416e+000
  1.0107e+000
  3.2559e-001
  3.0500e+002
  5.2653e+000
  6.0499e-001
  2.4604e+002
  3.6254e+002
  9.7557e+001
  7.6150e+000
  9.3391e+001
  1.7541e-001
  8.1017e+000
  8.0290e+002
  9.3880e-001
  2.5671e+001
  6.8416e+000
  3.6813e+001
  2.0986e+000
  3.5008e+000
  3.3747e+001
  1.2651e+001
  7.6878e+000
  4.1934e+000
  3.1706e+001
  8.8035e-002
  2.4438e+001
  2.7778e+001
  3.4274e+002
  4.6322e+002
  1.7997e+001
  8.3013e+000
  3.7540e+002
  7.5861e-002
  6.6049e+001
  1.1734e+002
  4.1426e+001
  1.8267e+000
  3.9869e+001
  1.3746e+002
  1.7485e+000
  8.0520e-001
  6.8935e+000
  4.1294e+002
  4.1141e-001
  1.7973e+000
  2.6969e-001
  6.4012e+001
  5.7459e-001
  9.0300e-001
  5.0893e+002
  3.5475e-001
  1.4247e+001
  8.4931e+000
  1.6982e+002
  1.1800e+002
  1.1424e-001
  9.2281e+001
  5.3971e+002
  1.2710e+001
  3.2499e+000
  7.2162e+000
  6.5369e+002
  2.5011e-001
  1.2834e+002
  6.5798e+002
  2.9898e+001
  3.3190e+000
  1.7998e+000
  1.4128e-001
  2.7445e+000
  5.3707e+001
  3.3626e-001
  8.9235e+001
  1.8207e-001
  7.2320e+000
  3.7884e+000
  2.5707e+002
  5.0913e+000
  7.2618e+001
  2.3481e+001
  1.2715e+002
  7.7480e+002
  3.6855e+001
  1.5985e+002
  1.0025e+002
  7.4673e+001
  2.7472e+001
  1.2514e+002
  3.9720e+000
  1.9984e-001
  1.7821e+000
  1.3333e-002
  4.5378e-001
  7.2026e+001
  2.5413e+000
  4.4637e+001
  1.8748e+000
  2.1633e+002
  3.5707e+000
  3.1909e+001
  2.7958e-002
  2.4447e+001
  8.7678e+001
  1.6301e+001
  1.8219e+001
  1.0299e+000
  1.1705e+000
  3.2843e-001
  1.0827e+000
  4.0443e+001
  1.1226e+003
  1.1775e+000
  6.0347e+000
  4.7798e+000
  1.1648e+000
  8.3101e+001
  8.0421e+002
  3.6439e-001
  3.7133e+001

