  5.9143e+001
  6.7090e+001
  2.4965e+002
  1.1672e-001
  3.7477e-002
  1.7335e+002
  3.6940e-001
  9.3997e-001
  2.1922e+002
  1.3691e-001
  6.9615e+001
  1.4586e+001
  1.7370e+000
  1.4772e+002
  2.8557e-001
  2.0441e+000
  3.4691e+001
  8.2861e+002
  5.8500e+001
  1.3362e+000
  1.0048e+002
  6.0702e-001
  1.8781e+000
  8.1492e+002
  1.6483e+001
  6.5281e+001
  4.1694e+002
  1.3927e+002
  4.9046e+002
  7.9627e-001
  1.0742e+003
  1.4732e-001
  2.6624e+000
  1.6643e+000
  2.3817e+000
  1.4616e+002
  3.9112e-001
  3.6402e+001
  3.8790e+002
  1.2690e+001
  5.5809e+000
  5.2417e-001
  8.4093e-001
  3.4151e-001
  4.1646e+001
  7.7371e-001
  4.1103e-002
  1.7486e+001
  5.4775e-001
  1.0681e+002
  5.0727e-001
  1.9619e+002
  7.0796e+000
  3.6815e-001
  6.9981e+000
  9.3289e+000
  1.6595e-001
  4.7146e+000
  2.5780e-001
  1.2463e+002
  3.4600e+002
  5.0430e+002
  6.2795e-002
  8.2802e-001
  1.6094e-001
  2.5576e+000
  1.2291e+000
  1.0917e+002
  4.7016e-001
  6.9761e+002
  2.5362e-002
  2.2616e-001
  7.2431e-001
  3.7408e-001
  5.4124e+001
  1.3005e-001
  1.1987e+002
  1.4967e+001
  2.7338e+001
  1.2556e+000
  4.8590e+000
  4.1689e+002
  7.1450e+001
  1.6965e-002
  6.9231e+000
  1.3627e+002
  8.4766e-001
  1.6839e+002
  5.4385e-002
  1.7817e+001
  9.3903e+000
  1.7248e+002
  2.1897e-001
  7.1715e+001
  2.7511e+000
  3.3879e+002
  3.6204e+002
  3.7237e+000
  3.5746e+000
  6.9981e-001
  2.5936e+001
  5.1202e+002
  7.5317e-001
  3.0481e+000
  1.6770e+001
  2.4264e+001
  2.1340e-001
  9.4145e-001
  3.7934e-001
  5.5704e+001
  3.8649e+002
  9.4458e-002
  9.1722e-001
  4.2291e+000
  1.3547e-001
  3.6488e+002
  1.0868e+002
  8.0180e-001
  5.8753e+000
  2.5455e+002
  5.0940e+001
  5.0575e+000
  3.6846e+002
  2.7627e+002
  1.2959e+002
  1.4489e+002
  2.1971e+002
  1.2058e-001
  2.0044e+001
  1.9980e+001
  7.8754e-001
  1.4731e+000
  4.0767e-001
  1.5783e-001
  3.0441e+000
  1.2240e+000
  7.2577e+000
  4.7862e+002
  6.1342e+001
  9.4290e+001
  1.3253e-001
  2.9236e+002
  8.1661e-002
  1.9121e+001
  6.5211e-001
  1.6348e+001
  5.9108e+001
  3.9776e+001
  9.2279e-001
  2.5643e+002
  1.5281e+001
  2.2298e+002
  4.8089e-001
  5.4586e+002
  8.4485e-001
  1.8425e+002
  1.6148e+001
  1.0736e+000
  1.1278e+000
  3.0523e-002
  1.1029e+001
  1.2696e+000
  2.6440e+002
  1.6761e-001
  4.5293e-001
  7.1834e-002
  2.4993e+000
  1.7682e+000
  1.1621e+000
  4.8108e+001
  2.0822e+002
  7.3873e-001
  2.0660e+002
  3.7557e-001
  6.3557e-002
  6.0996e+000
  2.6636e+002
  5.6117e+000
  1.2812e+002
  8.7089e+001
  6.7338e+000
  1.0204e+000
  3.8992e-001
  3.6542e+002
  5.1869e+000
  9.4552e+001
  3.2556e+001
  3.4099e+000
  2.4979e-001
  2.8439e+002
  2.5891e+002
  1.5032e+001
  5.4446e+002
  3.1527e+002
  1.9193e+002
  1.8675e+000
  4.8260e-002
  8.3602e+001
  9.8964e-001
  1.9986e+000
  2.9740e+002
  6.4356e+001
  2.5257e-001
  4.4484e-001
  8.1960e-002
  1.1530e+001
  2.4557e-002
  5.1834e-001
  1.1291e-001
  1.1962e+000
  8.5808e-001
  2.0907e+001
  3.4968e+002
  2.2586e+001
  1.0798e+000
  6.4762e+000
  7.2696e+000
  4.6399e-001
  5.4302e+001
  1.4995e+000
  4.3497e+000
  3.3293e+000
  4.6475e+002
  1.0123e-001
  4.7474e-001
  4.1615e-001
  6.6205e-001
  5.8860e+000
  2.7198e+002
  2.0101e-002
  3.7731e-003
  5.9162e+001
  1.3686e+002
  1.1739e+002
  2.0293e+000
  1.1990e+001
  4.4119e+002
  2.1899e+001
  2.0665e+002
  1.6498e+001
  3.2350e+002
  4.6813e-001
  8.4626e-001
  1.3382e+001
  6.4329e+001
  4.8313e+002
  2.1715e+002
  1.0048e+000
  4.5957e+002
  6.4522e+000
  3.1130e+000
  3.0630e+001
  4.1089e+001
  4.4123e+000
  1.5530e-001
  1.6296e-001
  5.1734e+002
  2.4349e-002
  5.9909e-001
  6.2809e-001
  6.4445e-001
  4.8741e-001
  1.5369e+000
  1.6561e-001
  2.9670e+000
  4.0540e+001
  6.1605e-001
  1.3626e-001
  5.1400e+001
  3.2984e-001
  6.5047e+000
  1.3279e+002
  1.4340e+002
  4.6759e+000
  1.5420e-001
  2.5086e+001
  3.1316e+002
  1.9727e-001
  1.9203e+001
  5.3266e+001
  7.8934e-002
  8.1400e-001
  2.9859e-001
  1.4696e+001
  1.8295e-001
  1.6191e+000
  8.0685e-001
  2.3069e+001
  4.9073e+001
  2.9214e+002
  6.8150e+002
  4.9649e+000
  3.4692e-001
  1.2928e+001
  4.5251e+001
  2.8525e-001
  1.4221e+002
  4.5780e+001
  2.0604e-001
  3.4140e-001
  7.7289e-001
  2.7262e+002
  2.2357e+002
  4.8408e+001
  1.0856e+001
  1.9335e-001
  6.2155e-002
  2.0659e+002
  7.5841e+000
  1.6948e+001
  6.1668e-002
  2.7372e+001
  2.8594e+002
  1.5859e-001
  7.8851e-001
  9.5002e+002
  1.8650e-001
  1.7099e+002
  1.9766e-001
  1.2800e-001
  1.8840e+000
  2.7014e-001
  5.5930e+002
  7.4297e+000
  5.0001e+002
  2.6508e-001
  5.2541e+000
  6.8864e+002
  3.9194e-001
  3.1960e-001
  4.2402e+001
  6.0707e+001
  1.1245e+001
  2.1724e-001
  2.0709e+000
  9.5202e+000
  3.0029e+002
  1.6829e+000
  1.2098e-001
  8.1976e+001
  1.5642e+000
  4.2461e+002
  2.8520e+002
  1.8357e-001
  1.1854e+001
  3.9573e-001
  1.3911e+002
  8.7531e-001
  2.0686e-001
  1.5532e+001
  7.7067e-002
  1.1148e+002
  1.3333e+002
  5.2763e+002
  1.3715e-001
  1.5022e+001
  4.0342e+002
  1.1039e-001
  9.1231e-001
  6.3552e-001
  1.3139e-002
  3.7899e+002
  2.4340e+002
  2.5564e-001
  2.5434e+002
  1.5456e+000
  4.2151e+002
  8.6527e+001
  5.3223e+000
  6.2814e+001
  6.9239e+002
  6.3110e+002
  8.0891e+002
  5.0482e-001
  2.8484e+000
  1.3739e-001
  5.4734e-001
  6.3556e+002
  1.2140e+002
  5.3277e+001
  4.8748e-001
  5.1937e+001
  1.1946e-001
  1.9497e-001
  1.0625e-001
  3.5813e+001
  3.1731e+000
  2.5387e+002
  1.5192e+002
  9.6723e-001
  8.4721e+000
  8.5522e+001
  4.0375e+001
  3.1802e+001
  3.2216e+001
  2.3490e-001
  2.5178e+002
  4.1586e-001
  1.6922e-001
  8.2111e-001
  8.4741e-002
  7.8366e-002
  6.3456e-001
  1.0031e+002
  3.2719e+000
  6.1649e+002
  4.8423e-001
  3.0592e-001
  2.2016e+002
  4.0355e-001
  2.3803e+002
  4.0911e+001
  3.0959e+002
  3.5706e-001
  7.5638e+002
  6.7927e+000
  4.0090e+000
  4.8198e-001
  2.9326e+001
  2.6208e+002
  2.7189e-001
  3.3654e+002
  1.3393e+002
  6.7296e-003
  6.3601e-001
  9.7538e+001
  1.0902e+000
  1.4121e+001
  9.9852e-001
  7.4101e-001
  2.2981e+000
  3.7610e-001
  7.9842e+002
  2.2054e+002
  1.2068e+001
  1.2905e+002
  3.0135e+001
  7.0068e-001
  4.9131e-002
  6.3371e+000
  1.4981e+002
  9.7530e+002
  9.9059e-001
  1.3189e+000
  4.8059e-001
  1.3101e-001
  9.1124e-002
  8.8296e+001
  5.8391e+000
  7.7769e+002
  1.3211e-001
  1.9415e+002
  1.1043e+002
  9.0631e-001
  2.6743e-001
  4.9554e-001
  3.2646e+002
  1.0581e+000
  1.6395e-001
  2.3313e+000
  1.1188e+001
  5.5818e-001
  4.0204e-001
  6.4533e+000
  7.7957e-001
  3.5313e-002
  4.0423e-001
  2.0709e+002
  5.3145e+000
  6.5630e+002
  1.4243e+000
  8.1227e-001
  2.9381e+001
  9.0868e+002
  1.6300e+002
  7.5913e+000
  9.6427e-001
  3.2997e+002
  2.3170e+002
  5.3462e-002
  9.1915e+001
  5.8305e-002
  1.3689e+002
  6.9460e-001
  3.7726e+002
  1.2958e+000
  8.4358e-002
  4.2880e-001
  3.3486e-001
  5.3614e+001
  1.2572e+000
  1.4305e-001
  3.4585e-001
  1.9942e+000
  1.6886e+002
  1.9361e+001
  2.9668e-001
  1.7859e-001
  1.0585e+003
  3.9529e+002
  8.6948e-001
  5.8730e-001
  6.9754e+001
  6.8802e+001
  3.6143e+000
  2.3298e+002
  2.5213e+000
  2.3853e-001
  1.8582e+002
  1.2147e+001
  1.6622e+000
  1.5371e+002
  1.7255e-001
  6.5215e+001
  6.7623e+002
  1.7031e-001
  1.2121e+002
  2.0956e-001
  1.8996e+000
  2.3408e+002
  2.4425e-001
  1.8805e+002
  7.3974e-001
  8.9400e-001
  4.4978e+002
  2.5259e+002
  2.1744e-001
  6.5133e-001
  2.5907e+002
  3.7649e+001
  4.9791e+002
  7.6984e+000
  9.6276e+001
  4.7524e+002
  6.0939e+001
  4.2422e-001
  1.2006e+002
  6.0136e-001
  2.6845e+000
  1.1731e+001
  1.4758e+002
  1.3831e+002
  2.1564e-002
  1.1805e+000
  3.1353e-001
  3.6772e-001
  1.3079e+001
  3.9254e+002
  4.3053e+000
  1.2820e+001
  5.9659e+001
  4.6568e-001
  4.4760e-001
  4.7426e-001
  3.5118e-002
  5.6726e+002
  2.4023e-001
  4.3122e+001
  3.4707e-001
  5.9950e-001
  4.7447e+000
  5.0210e+000
  2.1141e-001
  4.4905e+001
  2.4908e-001
  3.0599e+000
  4.6403e+002
  9.3816e+002
  3.0549e-001
  9.2562e-001
  3.2575e+000
  2.8580e-001
  2.7945e+002
  1.3999e-001
  2.3785e-001
  5.9443e+002
  4.7591e+002
  1.7534e+000
  5.7133e+000
  3.9065e+000
  1.8549e+000
  3.0906e-001
  9.0184e+001
  1.1104e+001
  5.1176e+001
  9.6129e+001
  8.0673e+001
  3.5521e+002
  6.7002e+002
  3.3246e+002
  8.2245e-002
  3.8215e+001
  7.2008e+001
  7.9290e+000
  3.3690e+000
  4.6368e+001
  6.4210e-003
  3.2893e+002
  4.3268e+002
  3.6643e-002
  4.7079e+000
  1.0704e+001
  3.2986e+001
  5.1360e-002
  1.4668e+002
  4.3259e+000
  7.0682e+002
  5.7974e+001
  1.0477e+000
  7.2886e+001
  3.4788e+002
  2.0445e-001
  1.4488e+000
  1.1364e+001
  1.7351e+000
  3.1065e-001
  2.0788e+001
  2.0102e+002
  2.8677e+000
  1.6278e+000
  2.7657e-001
  7.5839e+001
  1.1454e+002
  8.7110e-001
  4.6196e-001
  8.6995e-002
  6.5689e-001
  4.9509e+001
  4.4102e+001
  2.8865e+000
  3.6883e+000
  5.8246e+000
  1.0383e+003
  5.7177e-001
  2.1557e+002
  3.6487e+001
  2.2935e+000
  3.3006e-001
  6.6379e+000
  3.4496e-002
  7.3739e+001
  5.4936e-001
  1.5293e-001
  3.9735e+002
  5.5486e+000
  1.6314e-001
  6.8163e+001
  2.0499e-001
  9.2875e-003
  4.2896e+002
  4.3807e-002
  2.3427e+002
  2.6792e+000
  1.9617e+002
  6.8567e+001
  5.0388e+002
  6.5625e-001
  8.0195e+000
  1.3013e-001
  9.4717e-001
  1.8937e+002
  4.0938e+002
  6.4674e-001
  8.7278e-001
  3.1578e+001
  7.8867e+000
  6.2393e+001
  5.9019e+001
  3.4077e-001
  5.5198e+001
  3.9068e+000
  5.0080e-001
  4.5845e-001
  2.5310e-001
  2.6644e+000
  2.1730e+002
  5.3382e-002
  1.4910e+002
  4.4203e+001
  4.9100e-001
  1.7734e-001
  4.9534e-001
  2.8200e+001
  2.0424e+002
  5.4032e-002
  4.0278e+001
  5.0754e+001
  4.3232e+002
  1.0827e+000
  2.6671e+000
  7.1315e-001
  1.9087e+002
  4.8723e+000
  5.1931e+002
  8.8879e+001
  1.6545e+000
  1.0097e+000
  2.4119e+002
  8.7864e-002
  5.7343e+002
  8.3606e+002
  4.5916e+000
  1.6262e-001
  2.0782e-001
  1.8166e+000
  3.7815e+000
  6.5418e-001
  1.9723e-001
  4.7475e-001
  8.3861e+001
  1.5332e-002
  5.2676e-001
  1.6796e+000
  1.7884e+000
  1.6661e-002
  2.1361e+002
  1.8617e-001
  5.0806e-001
  7.8736e+001
  1.3141e+002
  2.2282e+002
  1.0262e-001
  1.8748e+001
  1.9349e+000
  1.4786e+002
  8.0100e+001
  1.9374e+000
  3.5284e+001
  1.8806e+000
  6.9393e+001
  6.5235e+002
  5.6708e+001
  1.3918e+001
  7.4489e-001
  4.6423e-002
  2.6836e+001
  2.1954e-001
  1.7853e+002
  2.6547e+002
  8.2438e+001
  1.8916e+000
  5.7128e+002
  3.6939e-001
  4.1462e-001
  3.0686e+000
  3.6200e+002
  1.1781e+002
  7.4361e-001
  1.6417e+001
  3.4627e+002
  3.1590e+000
  7.2238e+002
  4.6158e+002
  2.9027e-001
  1.6015e+001
  2.6307e+001
  1.1804e+002
  7.0958e+000
  1.5190e+001
  5.0406e-003
  6.6220e+001
  1.3580e-001
  3.5587e+002
  5.8676e+002
  1.5668e-002
  6.3221e-002
  4.4154e+001
  4.3403e+000
  5.0420e+002
  5.8451e+002
  1.6065e+000
  4.3059e+000
  7.3490e-001
  1.3134e-001
  4.3942e-001
  3.6046e+000
  3.2884e+002
  5.8045e-001
  8.8359e+001
  1.0656e+002
  3.6744e+000
  1.5030e+002
  4.2657e-003
  1.7690e+002
  1.1788e+000
  2.1241e+000
  4.0509e-001
  1.9581e+002
  5.2139e+000
  3.8511e-001
  2.3272e+002
  6.3131e+001
  5.5526e-001
  5.0249e-001
  7.8522e+001
  9.1071e-001
  1.2208e-001
  2.7604e-001
  7.2217e-001
  2.3259e+002
  6.8056e-001
  4.5469e+002
  3.2121e-002
  7.8621e+002
  4.2742e-001
  3.8399e+002
  1.2593e-001
  1.1762e+000
  4.3242e+002
  6.7970e-001
  8.5185e+000
  8.5447e-002
  1.7634e+000
  6.5352e+001
  5.1795e+001
  3.2509e-002
  4.3355e-001
  8.3313e+000
  6.0297e+002
  2.0559e-001
  1.0121e+000
  6.7428e-001
  1.9858e+001
  2.8085e+000
  9.5223e+001
  1.2398e+002
  3.1982e+002
  1.7900e+001
  2.6354e-002
  2.1517e-001
  7.9993e+001
  5.3541e-002
  3.7273e+002
  4.6037e+002
  1.8597e+000
  1.0826e-001
  1.0947e+001
  1.0026e+001
  1.0510e+000
  2.2144e+002
  2.0531e+001
  8.7910e+000
  3.0326e-001
  1.2780e+001
  1.1571e+000
  7.1501e-001
  9.7555e-001
  4.6846e+001
  1.5990e+002
  2.8465e-001
  4.2253e-001
  5.5411e-001
  7.0868e+002
  5.7385e+002
  3.6143e+000
  3.2267e+001
  1.0224e+000
  1.1137e+000
  1.8424e+000
  2.7692e-001
  3.7373e+000
  2.3493e+002
  6.0898e-001
  1.3746e+002
  4.9561e+002
  1.3908e+002
  3.9529e+000
  1.6702e+002
  9.8066e+000
  8.9325e+001
  1.4372e+002
  7.0727e-001
  2.8036e+002
  1.7403e-001
  8.9093e-001
  6.1727e-002
  8.4447e+002
  1.9655e-001
  4.3974e+001
  9.4813e-003
  1.3358e+002
  1.1265e+001
  7.7513e-002
  3.6689e-001
  6.5996e+002
  6.6440e+002
  4.9282e+000
  6.6618e-002
  1.1394e+002
  4.4424e-002
  8.4931e+001
  1.7917e+002
  1.0075e+001
  1.5616e+002
  2.6410e+002
  1.1213e+001
  2.7447e+002
  2.1864e+001
  4.0875e-001
  1.9554e+001
  6.0197e+001
  1.1966e+002
  3.7243e+000
  5.0844e+001
  1.3044e+000
  4.4286e+002
  6.6467e+002
  6.9248e-003
  3.0715e+001
  1.3354e-001
  1.9230e-001
  3.4141e+000
  3.1389e+002
  1.0211e+002
  2.1053e+002
  1.9145e+000
  4.7777e-001
  2.3392e+002
  8.0284e+000
  1.5140e-001
  1.4864e+000
  3.1214e+002
  2.4400e+001
  7.2026e+001
  4.1774e+000
  1.5015e-001
  6.4289e-001
  6.6289e-001
  6.9859e+000
  3.2795e-001
  8.4044e+000
  9.0984e+002
  7.6285e+001
  1.1778e+002
  3.4628e+000
  5.2684e+000
  1.0825e+000
  4.3461e-001
  1.4549e+002
  1.3736e+001
  1.0162e+003
  1.2462e+002
  7.4223e-002
  1.9441e-001
  9.8521e+000
  2.2101e+002
  7.2478e-001
  1.9837e-001
  1.2088e-001
  6.6958e-001
  2.8988e+002
  2.4149e+000
  7.3055e+001
  8.7725e+001
  1.4649e+002
  3.9043e+001
  1.6759e-001
  3.7396e-001
  5.1970e+000
  3.6034e+001
  5.7114e+002
  1.4475e+002
  9.5610e-002
  1.9708e+000
  2.2835e+002
  9.2737e-001
  2.1798e+002
  3.5307e+001
  1.6870e+001
  9.5812e-002
  1.4625e+000
  3.6263e+002
  1.9050e+001
  5.6902e+002
  3.2521e+000
  7.4811e-002
  2.0838e+002
  6.4505e+000
  4.8989e-001
  3.1649e+002
  7.3306e+001
  1.1784e+001
  1.1769e+000
  2.1705e-001
  2.2654e+000
  4.3978e+000
  7.5282e-001
  6.0607e-001
  3.6478e-001
  1.2886e+000
  1.7420e+001
  9.8398e+000
  5.2863e+001
  1.4394e+000
  7.2456e-002
  5.3549e+002
  1.5592e+002
  5.3062e-001
  3.5550e-001
  5.4812e-002

