  4.1708e+002
  1.5780e+002
  1.3461e+001
  2.6290e-002
  2.6351e-001
  1.9235e+002
  4.3054e-002
  3.6541e+002
  1.6100e-001
  6.4069e-001
  4.9242e-001
  6.7856e-001
  8.1803e-001
  6.7802e-003
  9.0158e+000
  1.4548e+002
  1.4072e-001
  1.7208e+002
  2.1096e+001
  3.2180e+001
  3.1400e-001
  6.6962e-002
  3.6666e+002
  2.4584e-001
  2.1392e-002
  5.7749e+001
  2.3952e+002
  3.7086e+001
  3.5382e+001
  8.5975e+000
  1.9380e-001
  1.6962e+001
  3.2768e+000
  3.6722e-002
  1.0234e+001
  6.9987e-001
  1.2117e+002
  1.4209e-001
  8.5082e+001
  1.8904e+002
  2.4478e+001
  2.3759e+002
  3.9021e-001
  7.5263e+002
  2.1498e+000
  6.6826e-001
  6.4374e+001
  4.4688e+001
  6.0411e-002
  3.8309e-001
  1.9462e+002
  1.1750e+001
  1.2727e+002
  2.9784e+001
  3.0450e+001
  5.9099e-002
  6.3679e+002
  6.8290e-001
  3.5283e+000
  1.1202e+002
  3.5314e+001
  9.6545e+001
  6.8009e-001
  5.4003e+002
  3.3943e-001
  2.8902e-002
  4.9442e-001
  3.6416e+002
  2.8565e+001
  1.2491e+002
  1.9117e-001
  2.6277e+002
  7.1516e+001
  1.3057e+002
  9.2346e-001
  2.5795e+001
  1.1514e+002
  2.0216e+000
  1.3266e+002
  3.1036e-001
  1.1158e+002
  7.0727e+001
  4.5240e+000
  7.8633e+002
  3.9393e+002
  5.2917e+001
  3.9077e-001
  1.4380e+001
  1.0222e-001
  7.5765e+002
  2.3525e-001
  1.1170e+000
  1.4253e-001
  4.5417e+001
  9.1080e+001
  6.0604e+000
  4.2837e+000
  1.8603e-001
  5.9268e+002
  3.8447e-001
  3.5861e+001
  1.9203e+002
  7.6075e+000
  9.8190e+001
  3.9477e+001
  1.1734e-001
  6.8875e-001
  3.7629e-001
  4.4568e-001
  9.1275e+001
  4.4743e+001
  3.1431e+002
  1.1492e+002
  5.4257e+002
  1.8693e-001
  3.0419e-001
  3.1969e+000
  2.9251e+000
  7.5209e+002
  6.0243e+001
  9.3773e+002
  3.6760e-001
  1.0704e+000
  2.7458e+000
  4.4811e-001
  3.3981e+002
  1.6092e-001
  2.8799e+001
  1.7488e+001
  1.2387e+001
  1.4824e+002
  7.0339e-001
  8.6033e-002
  5.8132e+002
  2.3985e+000
  4.6525e-001
  6.1181e+000
  4.4961e+001
  9.5362e+001
  1.3382e+002
  1.3271e+000
  4.4271e+001
  4.1889e+000
  3.9713e+000
  2.7107e+000
  1.4648e+001
  1.0321e+000
  4.0017e-002
  2.8493e+001
  1.4409e+002
  2.4623e-001
  1.5934e+001
  1.2028e+000
  4.9053e-001
  7.7207e+000
  1.7991e+000
  1.6113e+002
  2.4471e+001
  2.7665e-001
  3.5015e+002
  7.9164e-001
  2.3145e+000
  5.3379e+000
  1.1240e+002
  4.0296e-001
  7.1237e+002
  2.1016e-001
  2.4914e+002
  1.4650e-001
  3.3512e+001
  1.0310e+002
  4.7831e-002
  2.8089e-001
  4.7681e-002
  2.8346e+002
  1.2744e+000
  8.4763e+000
  1.9834e+001
  1.1824e+002
  1.4354e+002
  1.8072e+001
  7.6577e+002
  8.0610e+000
  1.2682e+002
  3.3848e+001
  4.6253e-002
  3.9363e+002
  5.4379e+002
  1.8692e-001
  8.9131e+001
  5.2601e+001
  1.2006e-001
  3.2944e+001
  1.9529e+002
  1.1956e+002
  2.5459e+001
  2.2329e-001
  2.5564e-001
  1.2648e-002
  2.8211e-001
  4.7911e+001
  4.9776e+000
  1.5507e-001
  1.9153e+001
  3.2921e-001
  6.1245e-001
  3.9931e+002
  8.1586e-001
  5.8940e-001
  4.2649e+002
  6.7502e+000
  7.1468e-002
  3.0244e-001
  4.4283e+000
  1.9554e-001
  6.9025e+000
  5.3398e+000
  2.2656e-001
  2.1802e-001
  1.0687e+001
  1.3578e+001
  4.8212e-002
  8.6941e-001
  9.1670e-002
  3.5833e-001
  8.2974e-002
  7.2262e-001
  4.4474e+002
  6.1695e+000
  4.3156e+000
  1.1580e+000
  1.3375e+002
  4.9498e+000
  3.1413e+001
  4.4150e+002
  2.8712e+002
  1.8758e+000
  1.1860e-001
  1.3774e+002
  5.3004e-003
  9.7408e+001
  2.1986e+001
  2.6955e+002
  2.2268e+002
  2.0820e-001
  6.5689e-003
  1.1787e+002
  3.3088e+002
  2.8029e+000
  1.3287e+002
  1.8079e-001
  3.5013e+002
  8.2512e+001
  1.9505e+001
  3.9128e+002
  6.0964e-001
  4.1996e+002
  3.8471e+001
  2.4916e+002
  1.1871e+002
  4.5912e-001
  9.0749e+001
  4.0213e+000
  6.4932e+001
  9.1352e+001
  5.0170e-001
  6.0699e-001
  1.1554e+002
  1.8853e+000
  1.3269e+002
  1.4611e+002
  3.0117e+002
  1.1012e-001
  3.0749e+001
  3.1880e+002
  1.8561e+002
  7.9457e+001
  5.1879e+002
  1.0639e+002
  3.9281e-001
  6.3321e-001
  3.4850e-001
  3.7045e-001
  4.2396e-001
  3.2646e+002
  3.0141e-001
  2.4429e-001
  1.0936e+002
  1.7675e+001
  2.0612e+002
  4.4728e+002
  2.4374e+001
  7.1036e+001
  6.0417e+001
  5.1563e-001
  1.4782e+000
  1.2166e+001
  5.5970e-001
  9.6697e-001
  2.2205e-001
  9.7819e-001
  3.3041e+000
  1.3716e+002
  1.6135e-001
  3.2696e-001
  3.4237e-001
  2.9087e+002
  3.3169e+001
  1.6518e+002
  3.0037e+002
  1.2977e+002
  1.4918e+000
  5.9058e+001
  3.8907e+002
  4.6560e+001
  3.0934e+001
  5.0737e-001
  5.7208e+002
  5.2247e+002
  7.3631e+002
  1.2823e-001
  5.2798e+001
  7.7296e+001
  3.2212e+002
  6.4406e-001
  3.9174e+002
  2.0591e+000
  5.1943e-001
  4.3812e+002
  1.2489e-002
  2.0603e+002
  6.2813e-001
  6.4285e-001
  2.9252e+002
  7.6396e-001
  3.1593e+002
  4.8521e-001
  9.9630e+001
  7.4707e-002
  2.4591e+002
  1.2187e+002
  2.8607e+002
  1.1560e+001
  2.4739e+002
  1.5067e-002
  1.0299e+001
  4.6288e-001
  1.2473e-001
  2.5190e-001
  2.9476e+002
  1.1044e+000
  5.3209e-001
  1.8826e+000
  4.3667e-001
  9.6627e-001
  1.1089e+001
  1.9292e-001
  3.2356e-001
  5.7233e-002
  1.2942e+002
  7.9015e+001
  8.9421e+002
  4.2601e+000
  3.3305e+002
  5.0526e-002
  2.7840e+002
  2.5463e+002
  2.0058e+002
  5.4276e+000
  1.3042e+000
  4.8619e+002
  4.8602e+002
  3.9249e+001
  3.8952e-002
  2.7255e+002
  4.8680e+000
  1.2236e+001
  4.2840e+002
  8.5268e-001
  5.6303e+002
  2.4574e-001
  2.9825e+002
  2.3707e+002
  7.5100e-002
  4.0146e-001
  1.5018e-001
  1.1414e+002
  9.6678e-001
  3.4836e+002
  2.0612e+000
  1.0119e+002
  6.8788e+001
  5.9021e-001
  1.5786e-001
  2.7764e-001
  3.6329e+000
  3.3293e+001
  1.0473e+001
  2.1656e-001
  8.1618e-002
  3.2406e+002
  1.6974e+000
  2.1961e-001
  3.5531e-002
  3.0563e+002
  1.0700e+002
  9.8452e-002
  1.9506e+002
  5.4929e+000
  1.1533e+002
  3.3073e+002
  1.6362e+002
  3.1834e+002
  2.6600e+002
  4.6519e+001
  9.7639e+001
  2.5025e+002
  5.4989e+002
  1.6691e+000
  2.0028e-001
  2.8707e+002
  8.1281e+002
  1.6451e-001
  3.0772e+000
  5.9870e-001
  5.6758e-002
  3.0580e+002
  4.2082e-001
  2.1182e-001
  2.8996e+001
  4.3753e-001
  3.4507e+000
  5.6432e+001
  1.9160e-001
  1.3319e+001
  5.6763e+001
  5.0425e+001
  2.9596e-002
  5.8726e+002
  4.1011e-001
  6.8987e+000
  2.1071e+001
  6.1365e+001
  3.4865e-001
  1.7603e+000
  2.3495e+000
  7.6946e-001
  6.3401e-001
  1.6616e-001
  2.4373e-001
  3.9679e+001
  2.7988e+002
  1.6886e+000
  1.1773e+002
  6.1945e+001
  1.9361e+001
  2.3852e-001
  2.3330e+002
  7.4291e+001
  2.8372e+002
  2.6274e-002
  1.6382e+002
  4.0734e-002
  9.1761e+000
  1.9919e+000
  3.3801e-001
  1.0923e+000
  1.0542e-001
  1.5755e+002
  4.0586e-002
  2.4418e+002
  1.1517e+000
  9.3147e-001
  9.8277e+000
  4.7415e-001
  8.7066e+001
  2.5895e+001
  1.5529e+001
  1.7280e-002
  1.4267e+000
  6.3141e+001
  3.5311e-002
  8.9120e-002
  1.3705e+001
  5.0953e+002
  4.8225e+001
  3.3119e-001
  6.7458e+001
  1.2137e+002
  7.1022e-001
  2.5074e+000
  9.5258e+001
  5.2439e+000
  4.2826e+001
  2.4512e+002
  1.4650e+002
  2.3901e+001
  5.3710e+002
  1.4904e+001
  2.2696e+000

