   0.9549
   0.8332
   1.2708
   0.5302
   1.3274
   1.9833
   1.9077
   1.6980
   0.6951
   1.4295
   0.7897
   1.0297
   0.6733
   0.6219
   1.6485
   1.0389
   1.2550
   1.4208
   1.3854
   1.1143
   0.8492
   1.5467
   0.5000
   1.1981
   0.6089
   0.4633
   1.5513
   0.3250
   0.8356
   1.5713
   1.7415
   0.2117
   1.1360
   0.8105
   1.4900
   2.1583
   2.3887
   1.4748
   1.1247
   2.0371
   0.6302
   1.1907
   0.9767
   0.7873
   0.6515
   0.8945
   0.7334
   1.1700
   0.3179
   0.8948
   1.0681
   1.0955
   1.2921
   1.2858
   0.9987
   0.3053
   0.5504
   0.8418
   2.0447
   0.7458
   0.9872
   0.5012
   1.3012
   2.4950
   0.7513
   0.3439
   0.5644
   0.7199
   0.3983
   0.5523
   1.6349
   0.6521
   0.9700
   0.7780
   0.4099
   1.6328
   1.3729
   1.9420
   0.5957
   0.2740
   0.6438
   0.8546
   1.7587
   1.3919
   2.3222
   1.2692
   1.4062
   0.7939
   1.0590
   0.4140
   0.3922
   1.0277
   1.1707
   0.7975
   0.8375
   0.6887
   0.8785
   1.0042
   0.6828
   2.0445
   0.8194
   1.3013
   1.0672
   0.4972
   0.8598
   1.0187
   1.0210
   0.3399
   0.7768
   0.6871
   0.9727
   2.5000
   1.6379
   1.2983
   0.3013
   1.0262
   3.3185
   0.9649
   0.5437
   2.1620
   0.9903
   0.7008
   0.6540
   0.9779
   1.2773
   1.1596
   2.0676
   0.5590
   0.2323
   1.3809
   2.1508
   0.8020
   0.9355
   1.1757
   1.5440
   1.2463
   0.6912
   0.7214
   1.7408
   0.6919
   0.9273
   0.4741
   0.9787
   0.4840
   1.7337
   1.5937
   0.9418
   1.6897
   0.8920
   1.6051
   1.1105
   0.4143
   0.4079
   1.1222
   0.2135
   0.7010
   0.6674
   1.3079
   0.6376
   1.1349
   0.7038
   0.2807
   1.4973
   1.9703
   0.4873
   0.7665
   1.0728
   1.1702
   0.8682
   1.5256
   1.0546
   1.8880
   0.4697
   1.4101
   1.4592
   1.1162
   1.0187
   2.0001
   0.3352
   1.7398
   1.0790
   0.6113
   0.7110
   0.6583
   1.2182
   1.0436
   1.3119
   0.5739
   1.7025
   0.4154
   0.6279
   1.5358
   0.8823
   0.5983
   1.0004
   1.0032
   0.6288
   0.4399
   0.9341
   1.0195
   0.1653
   1.9332
   1.4209
   0.4670
   1.1193
   0.9015
   2.1084
   0.7343
   0.4738
   1.3333
   1.0693
   2.1114
   1.2788
   0.2508
   1.1878
   0.5058
   0.3808
   0.7482
   0.5699
   0.6795
   1.1778
   1.7048
   0.8965
   0.6999
   0.4471
   1.8433
   0.8922
   1.4070
   0.4928
   2.4726
   0.6283
   0.2297
   1.9153
   0.6178
   0.4293
   1.2150
   0.6700
   0.5754
   0.5449
   0.7835
   0.9436
   0.9332
   0.6373
   1.8605
   0.7526
   0.7382
   0.7366
   1.9443
   1.2182
   0.5491
   1.4195
   0.4472
   1.3755
   0.8440
   1.8405
   0.8056
   1.6961
   0.7731
   0.6693
   1.0026
   1.0149
   0.6539
   1.3184
   1.6292
   1.2581
   1.7347
   2.3026
   0.8944
   1.2737
   0.4150
   0.1922
   1.1731
   0.5960
   0.6473
   0.5075
   1.0683
   0.6148
   0.9280
   0.3904
   1.1930
   1.2850
   0.5345
   0.6982
   1.0549
   0.4494
   0.3559
   1.8017
   0.7463
   0.6123
   0.5766
   0.3906
   0.7094
   1.0356
   1.8699
   0.6960
   1.1099
   1.5860
   1.0246
   0.9288
   0.6551
   2.0627
   1.3888
   0.5119
   0.8335
   0.7102
   0.2937
   1.6186
   1.3041
   0.9293
   0.6618
   0.7017
   0.6784
   0.6046
   1.2418
   0.4338
   1.3055
   0.9984
   0.2978
   1.2181
   1.3311
   0.3274
   0.5359
   1.3102
   1.0785
   2.3017
   0.3471
   0.8425
   0.4438
   0.2540
   1.2744
   0.5356
   2.0263
   1.7842
   1.2212
   1.0269
   0.6564
   1.7760
   0.2521
   0.6261
   1.2770
   1.0824
   1.3790
   1.0560
   0.8049
   0.3940
   1.0322
   0.6942
   0.4430
   0.2793
   1.5115
   1.0491
   1.7602
   1.7549
   1.1865
   0.8248
   0.6506
   0.4786
   1.3528
   0.5164
   1.6014
   1.5616
   1.5903
   0.3339
   2.5690
   1.7994
   1.6532
   1.2607
   0.9600
   0.6247
   1.1710
   1.0612
   1.1910
   2.1967
   0.9111
   0.3378
   0.5132
   0.5175
   1.8278
   0.5469
   0.9975
   1.6084
   0.4766
   0.5219
   0.7836
   1.6647
   0.5339
   1.7762
   0.9161
   0.5900
   1.7274
   0.8506
   1.6825
   1.9242
   0.8932
   0.3977
   1.2564
   0.9285
   1.2812
   1.1020
   0.6056
   1.1420
   1.6966
   0.2604
   0.8502
   0.6711
   0.9970
   0.7092
   1.2734
   0.3490
   0.7764
   0.6686
   1.6690
   1.1940
   0.5016
   0.3620
   1.0703
   0.8886
   0.7910
   1.3943
   1.2242
   0.2448
   1.8022
   0.8352
   0.6992
   2.7351
   0.5896
   0.7198
   1.0085
   1.3602
   1.0974
   0.6268
   1.3965
   0.9200
   0.3962
   0.6144
   0.9797
   0.6512
   0.6987
   1.8733
   0.7871
   0.3634
   0.3232
   1.1398
   0.5553
   1.6156
   2.2096
   1.8797
   1.1954
   1.1313
   2.0969
   0.9979
   0.9055
   0.8490
   0.7427
   0.5904
   0.4147
   1.3734
   0.2539
   0.7695
   0.9773
   0.9842
   1.2518
   0.7945
   2.4281
   1.3227
   1.5346
   0.6420
   2.1757
   1.6045
   0.3958
   1.0328
   0.4423
   2.0297
   2.0131
   1.0477
   0.3928
   1.2263
   0.5559
   0.5353
   1.0503
   0.5383
   1.6274
   0.9879
   1.2316
   1.4078
   0.9033
   0.8690
   1.2451
   0.4403
   0.7652
   0.5203
   1.2983
   1.1306
   0.8963
   0.8786
   0.9750
   0.8839
   1.0713
   1.1415
   0.7339
   1.3726
   0.8351
   0.8280
   1.1381
   0.3277
   0.5585
   0.9774
   1.5724
   0.5464
   1.7281
   0.5590
   0.6198
   0.6075
   0.7281
   1.5233
   0.9450
   1.0338
   1.4872
   0.4909
   0.4821
   0.9995
   1.2340
   1.0188
   2.0385
   1.0423
   0.2684
   0.7639
   2.0315
   1.2399
   1.2867
   1.7265
   1.4744
   0.5659
   0.6941
   0.3082
   0.6219
   1.5539
   0.7555
   1.3206
   0.6873
   0.1368
   1.7098
   0.1726
   0.2973
   0.9462
   0.8544
   1.7045
   0.8850
   1.4669
   0.3778
   0.8764
   1.1143
   0.8326
   0.2627
   1.0069
   0.4366
   0.2019
   0.6345
   1.2578
   0.4431
   0.8571
   0.9096
   0.8451
   1.3737
   0.6141
   1.6910
   0.4871
   1.2710
   0.4705
   0.5433
   1.0478
   0.4755
   1.0360
   1.0218
   0.2247
   0.1985
   1.4642
   1.1369
   1.2497
   1.0466
   2.5960
   1.4283
   0.5718
   1.4896
   1.0779
   2.3125
   1.4518
   1.1707
   0.5651
   0.7205
   0.7971
   1.0025
   0.8205
   0.5734
   0.3788
   0.6106
   0.7293
   0.9626
   1.4669
   0.2092
   1.9558
   1.2514
   0.2588
   0.9052
   2.3357
   0.9531
   0.3092
   1.0573
   0.2008
   0.9041
   0.6236
   1.3113
   0.8225
   1.1876
   0.3492
   1.2397
   1.0363
   1.2271
   0.9060
   0.6699
   1.1545
   0.8449
   0.6292
   0.7216
   0.4696
   1.3112
   0.9864
   1.0165
   0.5147
   0.7459
   0.8726
   1.1823
   0.8245
   0.8609
   0.6317
   0.3879
   1.0123
   0.5618
   0.7795
   0.5313
   1.0075
   1.2677
   2.0023
   1.0463
   0.8459
   2.2752
   0.8318
   0.5999
   2.1324
   1.3600
   1.6642
   0.8580
   1.2602
   0.9488
   0.8501
   1.2781
   0.9254
   0.5664
   0.8957
   1.0592
   1.2072
   0.4891
   1.6423
   1.4443
   1.0730
   0.1638
   0.4597
   0.6193
   0.8935
   0.6432
   0.4042
   0.8357
   0.7657
   0.8274
   0.9898
   1.1175
   1.7212
   0.5425
   0.3276
   0.5535
   0.9648
   0.4905
   0.4749
   1.4059
   0.2673
   1.0526
   0.5625
   1.4817
   0.6568
   0.4699
   0.9320
   1.4152
   0.6130
   1.3919
   1.4220
   1.2352
   1.3619
   0.8191
   1.1661
   0.4798
   0.6547
   0.9592
   2.1354
   0.5904
   0.7268
   0.8864
   1.1532
   0.6751
   0.4193
   0.7077
   0.9572
   0.4669
   1.1596
   1.3128
   0.6131
   0.9798
   0.1985
   0.4814
   0.6027
   1.2383
   0.1512
   0.8309
   0.7149
   0.4285
   1.2567
   0.6325
   0.9013
   1.3983
   1.8655
   1.5954
   0.8825
   0.5863
   0.5988
   1.4152
   0.5647
   1.1802
   0.9580
   1.3478
   1.5283
   0.2217
   0.7942
   0.2002
   0.5156
   2.3014
   1.1170
   1.2794
   0.5960
   0.5078
   0.7412
   1.3429
   0.9246
   1.2785
   0.5248
   0.9924
   1.0723
   1.2950
   1.2393
   2.6441
   1.1555
   1.3138
   1.7091
   0.7367
   0.7274
   1.7719
   0.4461
   1.2531
   0.9449
   0.7816
   1.9996
   0.2417
   1.2474
   0.9018
   1.1564
   0.7059
   1.0711
   0.4536
   1.6454
   1.2765
   0.6897
   0.5064
   0.6238
   1.8351
   0.5006
   1.3502
   1.1232
   1.2036
   0.5266
   0.7355
   0.2338
   0.7611
   0.8720
   0.7096
   0.8780
   1.1547
   1.3798
   0.4945
   1.3884
   1.3378
   0.6904
   0.8563
   1.6278
   0.7140
   1.1642
   1.4004
   1.0529
   0.8262
   0.6007
   0.7108
   1.8423
   0.6665
   2.4137
   0.7618
   0.3730
   0.3820
   0.3270
   1.2425
   1.0599
   0.6200
   0.6969
   1.0579
   0.9177
   1.0621
   0.8707
   0.5728
   1.1741
   1.8633
   1.2978
   0.5170
   1.1397
   1.7129
   0.4516
   3.0442
   0.3158
   0.7017
   1.5038
   1.3322
   1.2849
   1.9053
   1.3255
   1.4683
   0.6562
   1.3603
   1.5438
   0.6611
   1.2401
   0.6315
   0.8226
   1.1563
   1.0685
   1.0727
   0.5023
   2.2575
   1.3706
   0.5282
   1.0151
   1.6575
   0.6538
   1.3467
   1.0163
   0.5245
   0.5583
   0.5111
   0.2794
   0.3224
   0.2607
   1.1624
   0.9488
   0.6644
   0.8198
   1.2404
   1.1224
   2.9720
   1.2100
   1.4081
   0.2887
   0.5890
   1.4394
   0.7311
   1.4400
   0.7211
   1.1326
   1.3275
   1.4162
   0.7106
   1.3162
   0.6132
   0.7840
   3.2658
   0.7017
   0.9375
   1.1905
   0.3077
   0.5616
   1.0354
   1.2520
   0.4185
   0.5614
   0.4427
   1.4705
   0.4008
   0.8374
   1.4764
   1.0497
   0.7047
   0.2835
   0.7446
   1.3972
   1.1697
   0.4304
   0.8577
   0.8400
   0.9234
   1.0211
   1.7276
   0.9187
   0.7761
   0.4009
   0.5007
   1.3264
   0.4435
   0.5591
   0.5980
   0.6127
   1.6614
   1.7370
   1.6052
   0.9006
   0.5530
   0.8044
   1.6589
   1.6468
   1.0178
   0.6152
   0.7259
   0.8291
   0.6521
   1.9337
   0.8326
   0.6420
   0.3855
   1.0386
   0.3840
   0.8763
   0.4716
   0.5571
   0.6434
   1.1114
   1.0816
   0.5309
   0.6761
   1.0781
   0.3728
   0.8785
   0.6543
   1.5498
   0.6289
   1.6029
   0.8825
   0.6349
   1.3623
   1.6075
   0.4415
   1.5821
   1.1644
   0.9821
   0.9424
   1.6134
   1.6732
   1.0751
   0.9343
   0.7711
   1.1561
   0.3653
   0.7572
   0.9058
   0.4341
   1.6923
   0.2814
   1.0175
   0.7308
   0.9552
   1.2864
   1.2207
   0.7486
   1.2947
   0.6159
   0.5213
   0.9276
   1.4262
   0.5524
   1.0019
   1.1197
   0.8443
   0.9328
   2.3628
   1.3183
   0.7703
   0.8658
   0.7557
   0.8334

