   0.1791
   0.5280
   0.8810
   0.1442
   3.2576
   0.0025
   0.4973
   0.4016
   2.0250
   0.4073
   0.0479
   1.0244
   0.8180
   0.3824
   0.1716
   0.2300
   0.0101
   1.0476
   0.5516
   0.3246
   0.6417
   0.2286
   0.3690
   0.1379
   0.0310
   0.9323
   1.3496
   1.9770
   0.7928
   0.0144
   1.6351
   0.1982
   0.7233
   0.0379
   0.1143
   0.0717
   0.7452
   0.7921
   0.1404
   5.6420
   0.5144
   0.1474
   0.7941
   2.8934
   1.1242
   0.1794
   0.1415
   1.7755
   1.3102
   1.7294
   0.3725
   4.1408
   3.9557
   0.3807
   2.6226
   0.3384
   0.5301
   0.3770
   0.3389
   0.0029
   0.6849
   0.3186
   1.5810
   1.8729
   0.2303
   2.7837
   0.1996
   2.3069
   0.1600
   2.3865
   1.6836
   1.7531
   0.7992
   1.4043
   0.4431
   2.5154
   1.5718
   0.2898
   0.3636
   0.1757
   5.2655
   0.6920
   1.9036
   0.5499
   0.2123
   0.3050
   1.5661
   2.6669
   0.3825
   0.7813
   0.5869
   0.3420
   0.7300
   0.0872
   0.6473
   1.6274
   0.0630
   0.5669
   6.7326
   1.7310
   1.1867
   0.0057
   1.1263
   3.1849
   0.0885
   0.6453
   0.6087
   3.6325
   0.4718
   0.2245
   0.3871
   0.0887
   0.1928
   0.0080
   0.2433
   1.4187
   0.2472
   0.1567
   7.8053
   3.8477
   1.1691
   1.5037
   2.8464
   1.0563
   0.5842
   2.0390
   1.4000
   0.5239
   5.5861
   0.2590
   3.6564
   0.0418
   0.3630
   1.3142
   1.8477
   0.3483
   0.1232
   6.1588
   0.7273
   0.0006
   0.1129
   0.2395
   0.0946
   2.7328
   3.4137
   5.8739
   1.1329
   0.3355
   0.3671
   0.3584
   0.0093
   0.0117
   0.2137
   0.9206
   1.2243
   0.3803
   0.6573
   0.1604
   0.5164
   0.9404
   1.8914
   0.7218
   1.7453
   1.3745
   0.3383
   0.2307
   0.0284
   0.6789
   0.1953
   0.1221
   3.1291
   0.1500
   0.1617
   0.7629
   3.6385
   0.1281
   2.6618
   1.8875
   0.0258
   0.3132
   1.1378
   3.2035
   2.5886
   0.1672
   1.5104
   0.6572
   0.4478
   0.5239
   4.3226
   0.1609
   0.4127
   0.2338
   0.2207
   0.3541
   0.1184
   0.2411
   0.2981
   0.2641
   0.0838
   0.0426
   1.6856
   1.2166
   1.0731
   0.5754
   0.1232
   0.3900
   0.1722
   1.0298
   0.5668
   0.5852
   3.2829
   2.5298
   0.0919
   2.4706
   0.5982
   3.3973
   1.2612
   1.0530
   0.2222
   0.7780
   0.6464
   0.2614
   0.4380
   1.7211
   1.0755
   0.3375
   0.0713
   0.4666
   1.3992
   0.3629
   0.5736
   0.4703
   0.1671
   0.3036
   0.4875
   0.0707
   5.1739
   1.6758
   0.3881
   0.5005
   0.2416
   1.9329
   0.0695
   0.3252
   0.4330
   0.0044
   0.0583
   0.1283
   0.1183
   2.9055
   0.7884
   0.3662
   2.1494
   0.0806
   0.6967
   4.9412
   1.2457
   1.5296
   0.6184
   0.1804
   0.3833
   0.5974
   0.7521
   2.8226
   0.3005
   0.3962
   3.6436
   1.9219
   1.4440
   0.2985
   3.0875
   0.6598
   0.3166
   0.5857
   3.6705
   3.6898
   2.7063
   1.7197
   0.4164
   0.2380
   0.3041
   0.0096
   0.5347
   0.4260
   0.4508
   0.0012
   0.3382
   0.3257
   0.3798
   0.2178
   1.3250
   0.5429
   0.4964
   1.3568
   1.3231
   0.1571
   3.0931
   4.6758
   2.9192
   1.7956
   0.1582
   4.3872
   0.7712
   0.2272
   0.3239
   0.1355
   0.7492
   0.2385
   0.2243
   0.0129
   1.3336
   0.3594
   1.9132
   0.3443
   0.2873
   0.0041
   2.4962
   0.5825
   0.4468
   0.7287
   0.1321
   0.4440
   0.2944
   6.1730
   3.4687
   0.4532
   0.0196
   0.6057
   0.6696
   1.4414
   0.9077
   0.1446
   0.1770
   0.1771
   1.0677
   0.0895
   0.6704
   0.1451
   0.3004
   5.4867
   0.0203
   0.3810
   1.8273
   3.8956
   0.0220
   0.1594
   1.0062
   0.4548
   0.3769
   0.2081
   0.1577
   0.5665
   0.0469
   0.4013
   8.9005
   0.7934
   1.5130
   0.2053
   0.3315
   0.6910
   0.1576
   2.2289
   0.3884
   0.0649
   0.3618
   1.4845
   0.3151
   0.4207
   0.0851
   0.3721
   3.8618
   0.1822
   0.1431
   0.0669
   1.3061
   0.2085
   0.8535
   1.0872
   2.3438
   0.1370
   0.1677
   0.7571
   0.2213
   0.2383
   0.8142
   0.3410
   1.7114
   1.9336
   0.6393
   0.0569
   6.1602
   0.0217
   0.2855
   0.5759
   0.0250
   0.8909
   0.0771
   0.0226
   0.0799
   0.0680
   0.4636
   0.0350
   0.4600
   0.4176
   0.3150
   0.3631
   0.2949
   0.0415
   0.4640
   0.5421
   1.2072
   0.0928
   1.2217
   0.1486
   0.8668
   2.6202
   3.6128
   0.1755
   0.5111
   0.4493
   1.1035
   1.4879
   0.6366
   1.5955
   0.7014
   0.1062
   1.2505
   0.4014
   2.0508
   0.1594
   0.9112
   0.1605
   0.0504
   0.5502
   0.2038
   0.4976
   1.0883
   0.1581
   0.3069
   0.4044
   1.2410
   0.1785
   0.4798
   2.4307
   1.4484
   0.6894
   2.8148
   6.8964
   0.1769
   0.4953
   0.3370
   0.1704
   0.1306
   0.0432
   0.6053
   0.3378
   3.5333
   2.3791
   3.7132
   0.2042
   0.4207
   0.5050
   0.4393
   0.6581
   0.1831
   3.9142
   0.0294
   0.2270
   0.3184
   0.0913
   0.7612
   0.3549
   0.0730
   0.5768
   0.5381
   5.5083
   1.2130
   0.1404
   0.1394
   0.0971
   0.9098
   0.1682
   0.5989
   5.5688
   0.2066
   2.3774
   0.4574
   0.7111
   0.1778
   1.2780
   0.0156
   3.2916
   0.1027
   0.3245
   1.9915
   0.0332
   0.9373
   4.9168
   0.7249
   0.7327
   1.0545
   0.2206
   0.1234
   0.7951
   0.6535
   0.6167
   1.1212
   0.7698
   0.4466
   0.6995
   0.7034
   0.1676
   0.0332
   0.0556
   0.0984
   0.1256
   0.5130
   1.8814
   0.1027
   0.2902
   1.4818
   0.1667
   0.1785
   0.2253
   4.0200
   0.0002
   1.8080
   2.1444
   0.5401
   0.8335
   0.5846
   0.1473
   0.0321
   0.7364
   0.3976
   0.6261
   0.0098
   2.1672
   0.3585
   3.7877
   0.5970
   0.9089
   0.9872
   2.3908
   3.0752
   0.4230
   0.2940
   0.5811
   0.8014
   1.6169
   0.2434
   0.3358
   0.1370
   0.1054
   0.4910
   0.3105
   0.0244
   1.6523
   0.8281
   0.1875
   0.7431
   0.5836
   1.3875
   1.2673
   0.3836
   0.2695
   0.4690
   0.6837
   0.1788
   1.0469
   0.9598
   0.4549
   0.1489
   1.0257
   0.0841
   0.8629
   0.6300
   0.5660
   2.0268
   0.1714
   0.6729
   0.4909
   0.2408
   0.4031
   0.3391
   0.6243
   0.4567
   0.2365
   3.4623
   0.5994
   0.8378
   0.1174
   1.0100
   0.2206
   0.3988
   1.9533
   0.4924
   1.2128
   0.2459
   0.5797
   0.7358
   0.0572
   1.2814
   2.0791
   0.4850
   0.9827
   1.1735
   0.0502
   0.2725
   0.0982
   0.6334
   1.2424
   1.0260
   0.0743
   0.1702
   0.5823
   0.4164
   0.7339
   0.4175
   0.1181
   1.1401
   0.1014
   0.9895
   4.8765
   0.1114
   0.2488
   0.6032
   1.9139
   1.5920
   2.0462
   3.8179
   0.2743
   5.7895
   0.0895
   1.1034
   0.2101
   1.0008
   1.2957
   0.5875
   6.6457
   0.6677
   0.1692
   0.1633
   1.0919
   0.0941
   0.2222
   1.0126
   0.2463
   0.2957
   1.3890
   1.3967
   8.2117
   0.8808
   0.5875
   1.6706
   1.6810
   1.0553
   0.9963
   0.2477
   5.3186
   0.8805
   0.3295
   3.5794
   0.9854
   0.8959
   2.1216
   4.8164
   0.3710
   0.8184
   0.6288
   0.0990
   0.8196
   0.5187
   0.2217
   0.0508
   0.4472
   0.0262
   0.2537
   2.6549
   0.7844
   1.3948
   1.0155
   1.0836
   0.3054
   0.1814
   0.4872
   0.0884
   0.1003
   1.1298
   0.2410
   3.5268
   0.3466
   0.2256
   0.8933
   0.0143
   0.1191
   0.6318
   0.0710
   0.2831
   0.4710
   0.7250
   0.9992
   0.5082
   0.2533
   0.1045
   3.9730
   0.3382
   0.5284
   0.4959
   0.3485
   0.9638
   0.6500
   5.9757
   0.0301
   0.8696
   7.2380
   1.4092
   0.1623
   0.2038
   0.4087
   1.2950
   0.2613
   0.7351
   0.3080
   6.1999
   3.5046
   0.7871
   0.4298
   0.6557
   1.1836
   2.6153
   0.5560
   0.1748
   2.1257
   0.1101
   0.3895
   0.1422
   0.6240
   0.1352
   2.1022
   2.3365
   1.3579
   6.2353
   0.8127
   0.1573
   0.0399
   0.0023
   0.2456
   0.0654
   0.2984
   0.9373
   1.0217
   1.2408
   0.2358
   0.4402
   0.4240
   0.0684
   1.2722
   0.5364
   0.2465
   1.3102
   0.2680
   0.7491
   0.8804
   0.3616
   0.0919
   0.6024
   0.3553
   0.5344
   0.1749
   0.2880
   0.7239
   0.1833
   0.0970
   3.3574
   0.2347
   0.7563
   0.1055
   2.3674
   1.8936
   0.3807
   1.9180
   0.3228
   0.2821
   0.5195
   5.0100
   1.2660
   0.9189
   0.1451
   1.2523
   0.1007
   0.2921
   0.5177
   0.7177
   0.1975
   0.1822
   0.3192
   0.6634
   2.4507
   0.6360
   0.1511
   1.0034
   1.3675
   0.1849
   0.1077
   0.0127
   0.4402
   0.0103
   0.5025
   0.2577
   0.3460
   0.1291
   0.0162
   0.3291
   6.4491
   1.0750
   1.6849
   0.0922
   0.1609
   0.4385
   0.4419
   0.3603
   0.1071
   0.0277
   0.9572
   0.2899
   1.0841
   0.8429
   0.6387
   0.1638
   0.2284
   2.5626
   1.2794
   1.1097
   1.0268
   0.0193
   0.0240
   0.5007
   0.1223
   0.1158
   0.4834
   0.0841
   0.0542
   1.4358
   0.1209
   0.0844
   0.9822
   0.3239
   0.6084
   4.5279
   0.4208
   3.7187
   0.3218
   0.1799
   0.0075
   0.8393
   0.1957
   0.8553
   0.0017
   0.6902
   0.1679
   3.5276
   0.3599
   0.3733
   2.0375
   2.1409
   0.1314
   0.2341
   0.6246
   0.4440
   1.8281
   3.2194
   0.5774
   0.1904
   0.3161
   0.2561
   0.2029
   0.4061
   4.8741
   0.7856
   6.6857
   0.6066
   0.2244
   0.0504
   0.0278
   5.7621
   0.5196
   7.7623
   1.2376
   0.9316
   1.4923
   0.4987
   0.0522
   0.0210
   0.1808
   0.2155
   0.0861
   0.1997
   0.6887
   0.0518
   1.1885
   0.2981
   0.6456
   0.9933
   0.0172
   2.6616
   1.1604
   0.3075
   3.5683
   0.4200
   0.8242
   0.5066
   0.5930
   0.0569
   1.2878
   0.9292
   5.4093
   1.0731
   1.6554
   0.8112
   0.2221
   2.2356
   0.6438
   0.4276
   0.1316
   1.0447
   0.3771
   3.7452
   0.4352
   0.5572
   1.4017
   0.9464
   0.2023
   0.1045
   0.8015
   2.4449
   0.5146
   0.5558
   0.0315
   1.8928
   7.3066
   0.9760
   0.1764
   0.9658
   0.1493
   0.7353
   0.4435
   1.0542
   2.7581
   6.0099
   0.6166
   0.8968
   0.2365
   0.1649
   0.3017
   0.3931
   0.4214
   1.6682
   0.6460
   0.7952
   2.5034
   0.2093
   0.7651
   1.6172
   1.1197
   1.9843
   0.5435
   0.5506
   0.6748
   0.8353
   0.1786
   0.7771
   0.1196
   1.3124
   0.1418
   0.7526
   0.0616
   0.0079
   0.3807
   1.8845
   0.2627
   0.6887
   0.0526
   0.9342
   0.7984
   0.9826
   0.1263
   0.7142
   0.1429
   1.2343
   0.6712
   0.1574
   0.6759
   7.5768
   0.9633
   0.0889
   0.2012
   0.2570
   1.7083
   0.5536

