  9.9348e+000
  2.8325e+002
  1.8560e+000
  7.4381e+002
  4.1114e-001
  3.4498e+000
  4.0242e+000
  3.4310e+001
  1.4791e+001
  3.2668e+000
  3.4342e+000
  1.7405e+000
  1.0614e+000
  3.0015e+000
  8.6691e+000
  1.8133e+001
  2.6920e+000
  5.5903e+002
  4.6923e+001
  1.8533e+001
  1.3480e+001
  8.8381e+000
  1.8086e+002
  1.6788e+001
  4.2851e+001
  4.2429e+000
  1.1694e+002
  5.5653e+001
  1.6343e+002
  2.5382e+001
  3.1810e+001
  6.9303e-001
  3.1721e+001
  3.3883e-001
  1.0009e+002
  8.7474e+000
  1.2402e+002
  4.0562e+000
  2.9814e+001
  3.3764e+002
  3.9459e+001
  7.0538e+000
  1.4797e+002
  1.1990e+002
  3.2140e+000
  7.4567e+000
  1.7443e+001
  1.0175e+000
  1.7770e+001
  1.5530e+001
  1.1393e+002
  9.9793e+001
  1.3606e+001
  3.1607e+000
  3.6468e+001
  1.2431e+000
  5.2083e+000
  4.6058e+002
  2.4389e+000
  8.0099e+001
  1.8908e+000
  3.5548e+001
  2.2295e+002
  3.8282e+002
  1.4693e+001
  2.0094e+000
  2.1760e+002
  8.5854e+002
  1.4236e+000
  6.5767e+002
  1.5689e+001
  2.3623e+000
  8.3375e+000
  3.2707e+002
  5.1580e-001
  9.6079e+000
  9.9257e+001
  8.5087e+000
  4.3685e+001
  6.7108e+002
  4.5648e+000
  1.4787e+000
  7.0399e+001
  6.3071e+000
  2.2385e+002
  6.0118e-002
  5.0885e-001
  7.0674e+001
  5.7217e+002
  5.0475e+001
  6.9743e+001
  1.4526e+002
  4.0584e+000
  7.3676e+002
  1.7775e+002
  7.9025e-001
  3.2654e+001
  1.8262e+000
  1.0855e+002
  3.9799e+000
  3.5883e+001
  2.9586e+002
  3.0491e+000
  7.1632e+000
  7.4642e+001
  1.0821e+001
  2.4406e+002
  1.4364e+000
  2.5121e+001
  3.7564e+000
  7.9613e+001
  1.3733e+002
  3.2580e+000
  5.9241e+002
  2.3098e+001
  1.0445e+001
  2.6736e+001
  1.2651e+000
  1.6507e+000
  9.4741e+001
  4.4606e+002
  5.5430e+002
  1.1918e+001
  6.6900e+001
  4.1569e-001
  2.7168e-002
  3.0672e+002
  3.3972e+001
  3.1301e+002
  6.4914e+001
  5.8901e+002
  3.3478e+000
  1.4868e+002
  2.5345e+000
  5.5632e+001
  3.1990e+002
  1.6496e+000
  1.7690e+001
  5.3506e+000
  6.0131e+000
  5.2515e+002
  6.7991e+001
  1.6802e+002
  4.2995e+001
  7.0286e-001
  2.9557e+001
  6.5394e+001
  2.2361e+000
  3.3709e+000
  5.7945e+002
  6.1969e+001
  1.1686e+002
  1.2485e+001
  6.2145e+001
  1.8612e+001
  5.2606e+001
  3.7460e+002
  3.1963e+001
  3.7748e-001
  4.6288e-001
  1.2226e+000
  4.5945e+002
  3.1839e-001
  2.8792e+001
  4.2848e+001
  7.7525e+000
  6.7959e+000
  1.7924e+001
  6.9882e+001
  7.5901e+001
  3.4744e+001
  4.9639e+002
  1.9170e+002
  1.5287e+001
  1.4398e+002
  1.0694e+001
  2.3173e+001
  2.5875e+001
  1.6981e+002
  4.5374e+001
  4.7247e+001
  5.4683e+001
  1.2239e+001
  5.9464e+002
  3.4295e+001
  9.3808e+000
  1.9034e+001
  1.4771e+002
  7.5433e+000
  5.1853e+000
  1.2022e+001
  1.4858e+001
  1.8006e+001
  3.0402e+000
  2.3464e+002
  1.8398e+000
  6.2405e+002
  4.0554e+001
  2.1489e+002
  6.3442e+001
  3.2100e+002
  1.4461e+001
  4.1937e+001
  1.5775e+001
  4.4235e+002
  1.4212e+000
  1.0115e+002
  9.5239e+000
  1.5897e+002
  3.6093e+002
  1.1990e+001
  4.9513e-001
  5.5178e+000
  2.0459e+000
  2.3822e+001
  4.3455e+001
  1.0436e+000
  2.4970e-002
  2.8254e+002
  2.0184e+001
  2.8645e+001
  1.9691e+001
  2.5270e+000
  1.9477e+002
  3.0117e+002
  2.2574e+001
  1.7942e+002
  1.9597e+001
  6.5146e-001
  1.6662e+001
  1.4249e+000
  2.1993e+000
  1.3242e+002
  5.2002e+002
  5.5200e+000
  2.0098e+000
  1.9582e+000
  1.7959e+002
  4.1975e+001
  1.1529e+001
  7.9286e+001
  1.0167e+001
  1.1504e+001
  9.1573e+001
  5.0679e+001
  1.2348e+000
  3.8327e+002
  1.5331e+000
  2.1570e+000
  1.0134e+003
  3.1630e-001
  1.0482e+001
  1.9609e+002
  4.9655e+000
  3.4950e+000
  3.6289e+001
  2.0285e+002
  1.7855e+002
  2.8838e+002
  1.6034e+001
  5.6709e+001
  8.8475e+002
  1.2672e+001
  7.2633e+000
  3.1131e+002
  8.0344e+001
  1.4159e+002
  7.5214e+002
  2.1748e+001
  3.3527e+001
  5.0167e+000
  1.2455e+002
  2.2404e+000
  4.7504e+000
  8.2920e+000
  6.3930e+000
  5.9478e+001
  1.1006e+001
  1.2749e+002
  4.2634e+001
  1.7403e+000
  1.4216e+002
  4.1683e+002
  5.3859e+002
  1.0702e+002
  3.4463e+000
  2.8474e+001
  3.9807e+002
  2.8769e+002
  1.9527e+000
  1.3610e+000
  2.5068e+001
  3.9493e+000
  2.5071e+000
  1.0364e+001
  1.5238e+002
  6.4660e+000
  1.0756e+001
  2.3841e+001
  2.5894e+001
  7.2926e+000
  1.8166e-001
  2.5149e+001
  4.7874e+001
  8.8827e+001
  9.9705e-002
  4.5751e+000
  9.1936e+001
  5.8483e+001
  7.2419e+000
  2.6002e+002
  2.2451e+000
  1.6960e+000
  1.2603e+002
  2.2162e+002
  5.1100e-001
  3.7777e+001
  2.5565e+001
  9.6084e+000
  8.5251e+001
  1.5865e+000
  3.1780e+001
  4.0383e+001
  1.1311e+002
  8.7888e+000
  2.1174e+001
  2.0935e+000
  7.6179e+000
  1.4730e+002
  1.0388e+002
  2.1957e+001
  5.0236e+002
  1.9962e+001
  3.1710e+002
  4.1605e+001
  5.3218e-001
  1.0618e+001
  3.2371e-001
  3.0364e+000
  8.6703e+000
  6.2850e-001
  5.7568e+001
  1.0246e+001
  3.5692e+001
  9.3307e-002
  2.2166e+001
  2.0617e+000
  9.0672e+001
  6.9502e+002
  5.1440e+002
  2.3449e+001
  1.2959e+002
  6.7284e+001
  3.9647e+002
  7.5153e+000
  1.6522e+000
  2.9509e+002
  1.8854e+000
  1.8973e+001
  1.1227e+002
  1.5627e-001
  2.2215e+001
  2.6662e+000
  5.5327e+002
  3.5735e+000
  4.5672e+000
  7.8516e+001
  1.6251e+002
  1.4007e-001
  1.7046e+002
  8.4060e+002
  1.4028e+001
  4.8181e+001
  1.0236e+000
  7.0416e+001
  2.5420e+002
  2.1638e+001
  2.2476e+002
  3.8297e+000
  2.5385e+001
  1.0106e+001
  2.1053e+002
  1.0782e+000
  2.1948e+002
  2.3749e+001
  1.4289e+001
  6.7821e-001
  3.2636e+002
  6.0675e-001
  5.5203e+001
  1.3381e+001
  6.8516e+002
  8.9571e+000
  3.8266e-002
  7.8258e-003
  8.3519e+001
  3.2942e+001
  1.2053e+001
  1.1654e+002
  3.4699e-001
  8.5611e+000
  4.1736e-001
  3.2856e+002
  8.9360e+001
  1.1737e+000
  1.3201e+001
  1.0451e+001
  2.8399e+001
  8.9069e-001
  9.8142e+001
  2.7207e+002
  2.3418e+000
  2.9845e+001
  1.6998e+001
  1.3197e+002
  3.0786e+001
  3.3493e+001
  1.4625e+001
  5.0994e+001
  8.3398e+002
  2.7066e+002
  2.4238e+001
  7.2750e+002
  1.1295e+002
  2.7862e+002
  3.1065e+001
  1.0254e+002
  9.3754e+001
  2.6297e+001
  1.4140e+001
  3.3327e+001
  2.8580e+001
  1.9974e+001
  9.6222e-001
  6.3067e+000
  4.3533e-001
  1.1042e+002
  3.9650e+002
  9.6643e+001
  1.7933e+002
  5.3099e+000
  6.6608e+000
  4.4045e+001
  2.9660e+001
  5.3377e+001
  7.9096e-001
  1.3119e+000
  9.7831e+001
  6.2320e+001
  1.4792e+002
  6.3017e+000
  5.3024e+001
  9.4990e+001
  9.8694e+001
  2.0486e+002
  5.2302e+001
  7.5087e+001
  1.1825e+000
  4.9276e+000
  5.9007e+001
  1.0116e+001
  3.6360e+002
  3.3326e+001
  1.4018e+001
  7.5548e+001
  6.5286e+001
  1.2630e+001
  7.1136e+001
  1.2253e+001
  9.4601e+001
  8.4506e+001
  1.2770e+001
  1.0645e+001
  2.5822e+001
  9.1119e+000
  5.2151e+000
  9.9840e+000
  1.3024e+002
  4.7941e+000
  1.9399e+002
  4.3816e+000
  6.4023e+000
  3.0313e+001
  1.2412e+001
  7.4306e+001
  2.8763e+001
  3.5011e+001
  3.3551e+001
  9.8545e+000
  1.4931e+002
  2.3797e+000
  4.1109e+001
  2.1388e+000
  8.1489e+001
  3.7448e-001
  7.0204e+001
  1.9784e+000
  1.8996e+001
  3.8375e+001
  1.0928e+000
  9.4475e+000
  1.2979e-001
  9.7497e+000
  1.2281e+002
  1.1342e+000
  1.2693e+002
  3.3962e+001
  6.0680e+001
  3.6562e+001
  7.2809e+002
  9.2356e+000
  7.9532e-001
  1.0791e+001
  1.1174e+002
  1.2844e+000
  1.0559e+000
  1.5884e+000
  2.2296e+001
  2.3426e+002
  3.4874e+000
  1.2732e+000
  2.3689e+000
  8.2243e+000
  7.3766e-001
  4.1777e+001
  8.2807e-001
  6.9182e+001
  5.8140e+001
  3.8101e-001
  8.8127e+000
  8.8219e+000
  9.8548e+000
  7.8949e-002
  6.8455e-001
  2.3640e-001
  2.1474e+001
  2.6099e+000
  3.1867e+002
  4.4881e+001
  6.5144e+000
  4.1206e+001
  1.5907e+002
  6.2169e+001
  1.1044e+001
  6.0308e+001
  2.6148e-001
  6.6269e+000
  1.3283e+001
  2.0005e+000
  6.2654e+000
  1.0661e+002
  1.2173e+001
  2.6529e+000
  9.3331e-001
  1.2825e-001
  2.0706e+001
  7.4487e+000
  1.9005e+002
  2.0722e+002
  7.4112e+000
  6.8192e+001
  7.4620e+000
  5.4155e+002
  1.0063e+003
  1.4058e+000
  1.8955e+001
  9.3321e+000
  8.3741e+000
  2.3998e+000
  2.6552e+001
  8.9368e+001
  1.1382e+001
  5.2411e+001
  1.1963e+002
  4.9208e+002
  1.5817e+002
  2.6657e+000
  6.8069e+001
  5.9673e+000
  1.2639e+002
  8.4600e+002
  5.3222e+001
  1.7253e+001
  7.8959e+000
  2.2469e+002
  2.0544e+002
  1.0129e+002
  6.6859e+002
  1.7073e+000
  8.0159e+000
  5.1828e+001
  1.8354e+001
  3.5136e+000
  3.2697e+002
  8.5324e+000
  2.6241e+000
  4.8950e+000
  8.5491e+001
  2.9082e+000
  4.4083e+000
  1.6486e+001
  9.0959e+002
  2.0350e+001
  7.5610e+001
  2.0550e+001
  1.6092e+000
  4.6863e+002
  1.4795e+001
  1.1461e+002
  2.1143e+002
  1.3103e+002
  8.8332e+001
  4.8739e+001
  3.6890e+002
  7.1272e+000
  7.0895e+001
  5.7430e+001
  2.5400e+001
  8.1487e+002
  1.4534e+003
  5.5802e+000
  6.9451e+001
  7.7576e-002
  5.5941e+002
  2.1604e-001
  4.4143e+002
  3.5113e+001
  8.2119e+001
  2.5332e+002
  1.2192e+002
  1.6248e+001
  1.1885e+000
  4.6015e+002
  4.3632e+001
  1.2202e+001
  5.7914e+001
  6.9255e-002
  1.7211e+002
  3.3949e+002
  1.2062e+001
  2.3963e+000
  1.5041e+001
  1.6090e+001
  1.8748e+001
  2.1131e+001
  4.3580e+001
  6.8243e+001
  2.0806e+000
  3.1803e+001
  3.7395e+001
  5.7179e+002
  1.7992e+001
  4.7734e+002
  3.7132e+000
  2.3112e+001
  1.8924e+002
  1.9622e+000
  6.7815e+001
  2.6140e+002
  4.1897e+002
  1.2861e-002
  1.0965e+001
  2.8300e+002
  4.6695e+002
  4.5379e+000
  1.3329e+002
  1.1551e+002
  8.9537e+000
  7.7896e-001
  5.7484e+001
  5.3287e+001
  3.6297e+000
  3.5466e+001
  1.7971e+001
  1.0492e+000
  1.9112e+000
  6.9362e+001
  8.8601e+001
  4.1243e+001
  1.2998e+001
  2.2379e+000
  4.5114e+002
  3.6069e+001
  3.6964e+002
  2.4915e+000
  1.7217e+001
  4.8975e+001
  7.9258e-001
  7.5806e-001
  1.4462e+000
  4.5517e-001
  2.6164e+000
  3.3933e+001
  9.3348e+001
  4.6298e+002
  3.5118e+001
  7.8402e+001
  1.6910e+002
  1.1572e+002
  2.4986e+001
  2.7731e+000
  1.9605e+000
  2.1483e+000
  3.6030e+001
  4.9130e-001
  4.6947e+001
  4.0307e+001
  2.4694e+000
  2.6762e+002
  1.6669e+002
  2.3394e+001
  1.7703e+002
  3.0566e+000
  9.6839e+001
  1.5529e+000
  9.2193e-001
  2.6682e+000
  5.7143e+000
  1.5491e+000
  6.4469e+001
  9.8746e-001
  4.3611e+000
  4.6440e+001
  2.4372e+001
  5.2584e+000
  1.7083e+001
  2.8270e+002
  7.0352e+000
  6.7066e+001
  1.0016e+001
  5.7264e+001
  7.3310e+000
  1.4818e+002
  1.3601e+002
  1.6545e-001
  1.9863e+002
  1.0556e-002
  2.0832e+000
  1.1314e+003
  2.0298e+001
  6.1319e+000
  5.4820e+002
  3.6476e+001
  7.2642e+001
  5.5978e+000
  2.4804e+002
  3.6586e+000
  2.3393e+001
  3.7985e+001
  1.2116e+002
  4.7108e+001
  7.4882e+000
  1.1212e+002
  3.5783e+002
  4.4950e+001
  2.7297e+001
  4.5654e+002
  5.1575e+000
  3.6260e+001
  5.2049e+001
  6.9269e-001
  3.9212e+002
  5.9975e+001
  2.0070e+001
  2.0313e+000
  1.5881e+001
  3.4496e-001
  1.8970e+001
  5.6520e+001
  1.0736e+001
  2.7168e+001
  2.9278e+000
  2.8856e+000
  5.5088e+000
  2.0872e+001
  6.1911e-002
  8.7009e+001
  2.5972e+000
  1.2799e+002
  4.9683e-001
  2.4051e-001
  4.5390e+001
  2.7372e+001
  1.0481e+000
  3.7001e+002
  1.8354e+000
  1.5394e+002
  4.3198e-002
  2.1424e+001
  3.9535e+000
  1.2685e+001
  2.1186e-001
  6.2537e+000
  3.8465e+001
  2.1410e+001
  1.7552e+000
  4.8433e+001
  2.0123e+000
  1.5766e+001
  2.7089e+002
  6.9250e+002
  1.6614e+002
  4.1956e+001
  3.0692e+001
  7.4737e-001
  9.0334e+001
  9.4597e+000
  4.3037e+001
  4.2713e+001
  2.2564e+002
  2.4429e+002
  3.2927e+001
  5.9608e+001
  2.4313e+001
  7.9706e+001
  3.6453e-001
  3.1074e+001
  4.4141e+001
  1.6608e+001
  1.3030e+002
  4.8540e+002
  1.8015e+001
  3.4904e+001
  2.0914e+001
  1.7166e+000
  9.0482e+002
  1.3781e-001
  2.7565e+001
  1.5477e+002
  3.7420e-001
  3.6774e+000
  7.8721e+001
  8.2627e-001
  9.5539e-003
  2.6049e+001
  1.6351e+001
  1.5248e+002
  6.1276e+000
  4.5461e+001
  2.4973e+001
  3.2102e+000
  8.8767e+000
  7.7456e+000
  4.1380e+001
  5.5773e+000
  3.3632e+002
  3.0356e+001
  1.2520e+002
  2.6417e+000
  6.3917e+000
  7.9931e+001
  1.2805e+002
  1.5088e+000
  5.7694e+001
  4.4909e-001
  1.4050e+001
  1.6791e+002
  2.2511e+001
  7.2040e+000
  1.0070e+002
  3.1836e-001
  7.9060e-001
  7.8305e+000
  1.4429e+001
  5.2114e+000
  2.4226e+000
  5.3193e+002
  3.5340e+001
  4.3719e+001
  4.6867e+001
  1.3553e+002
  1.5033e+002
  5.0734e+000
  3.3489e+001
  3.7504e+000
  1.7560e+001
  1.0316e+001
  4.8441e+000
  5.1525e+001
  3.0057e+000
  1.4609e+003
  1.5610e+000
  6.7267e+000
  2.5009e+001
  9.9487e+000
  3.6098e+001
  6.7384e+000
  7.0430e-001
  1.6725e+002
  1.3429e+002
  4.1545e+002
  2.3012e+000
  4.6248e+001
  3.2630e+000
  7.8913e+001
  6.8949e+001
  1.0390e+001
  5.4032e+001
  6.9060e+001
  1.7130e+001
  1.5849e+001
  1.2504e+002
  1.1950e+001
  2.4083e+002
  7.2179e+000
  3.2842e+002
  9.3927e-001
  8.8385e-001
  2.1489e+002
  7.0294e+000
  9.1613e-001
  1.1939e-001
  5.0577e+001
  4.4824e+002
  2.9537e+001
  2.0478e+002
  1.4423e+000
  9.8441e+001
  1.2045e+001
  1.6667e+001
  2.8396e+002
  1.1585e+003
  1.6276e+001
  5.3234e+002
  7.0261e+001
  1.3816e+001
  1.0322e+002
  1.4811e+002
  1.2497e+001
  1.1667e+002
  3.2338e+001
  2.3640e+002
  2.7779e-001
  3.7553e+001
  1.7449e+001
  1.2972e+003
  2.5033e+002
  1.6804e+002
  1.2779e+001
  7.0421e+000
  6.3478e-001
  1.4503e+000
  7.3059e+000
  3.0285e+000
  1.2522e+002
  3.0640e+001
  4.4215e+001
  2.8741e+000
  6.5885e+002
  6.8814e+001
  2.6793e+002
  1.6200e+001
  1.6052e+002
  1.4586e+002
  1.3079e+000
  1.8532e+001
  1.9470e+000
  8.7159e+001
  1.3544e-001
  6.9471e+001
  3.4938e-001
  1.8873e+002
  2.2093e+001
  1.5671e+001
  4.2140e+000
  4.1717e+001
  1.3747e+002
  2.8598e+000
  3.2033e+001
  4.2107e+001
  5.0814e+002
  5.5513e-002
  1.4886e+000
  2.3735e+000
  4.9008e+000
  7.1931e-001
  1.2689e+001
  2.9075e+001
  5.1881e+000
  1.2175e-001
  4.5514e+002
  7.8076e+000
  3.3612e+001
  3.9898e+001
  6.8635e+000
  1.5635e+002
  5.8308e+000
  2.9682e+002
  1.3118e+003
  4.5534e+001
  5.9428e+000
  3.5596e+001
  2.1866e+002
  6.3716e+002
  8.2137e+001
  6.1920e+002
  1.4952e+001
  1.5960e+001
  1.8255e+002
  1.3547e+001

