   0.8912
   1.0377
   1.8374
   1.0203
   0.8512
   0.9850
   1.5075
   1.5447
   0.7533
   0.4555
   0.7812
   0.4052
   1.2723
   1.7466
   0.6645
   2.0934
   0.9247
   0.7171
   1.7780
   1.9262
   0.8099
   0.1323
   0.5364
   1.5571
   0.4539
   1.0065
   1.2899
   1.5592
   1.2373
   1.1858
   0.2799
   0.8189
   1.0664
   0.6923
   1.3046
   0.5170
   1.4853
   1.0175
   0.9409
   0.8775
   0.6135
   0.3097
   0.7823
   0.5247
   0.7548
   1.4586
   0.6315
   0.4599
   0.7730
   1.2841
   2.2018
   1.3839
   1.3867
   1.1986
   0.8319
   1.5108
   1.4327
   0.7140
   0.4156
   1.6541
   0.3881
   1.0173
   0.9643
   1.7205
   1.4559
   1.3374
   1.9443
   0.8408
   1.3440
   0.4414
   1.4598
   0.8810
   0.8750
   0.3976
   1.4442
   0.8536
   0.7689
   0.9668
   0.7335
   1.4650
   1.4372
   0.3663
   0.9202
   0.5258
   0.9029
   0.7196
   0.4037
   0.4994
   0.9807
   0.5877
   1.3548
   2.3651
   0.1117
   1.7662
   0.6411
   1.4795
   1.7543
   0.9996
   0.8944
   0.8443
   0.4710
   1.5021
   1.5625
   0.6126
   1.7108
   1.2260
   2.0085
   0.4687
   0.6300
   0.6462
   0.2696
   0.9697
   0.7844
   1.6051
   1.4851
   3.2109
   0.7225
   0.8990
   1.5737
   0.3687
   1.4057
   0.9409
   1.3088
   0.5743
   1.2724
   0.4940
   0.5459
   0.9945
   0.6415
   2.0313
   0.5578
   0.2931
   0.3917
   0.8299
   1.1426
   0.8178
   0.8288
   0.9466
   1.6910
   0.9021
   1.6895
   0.9905
   0.9496
   1.5823
   0.5310
   1.5652
   1.4279
   1.4062
   1.5801
   1.3151
   1.2552
   0.8035
   1.4376
   0.8334
   0.6056
   2.6178
   3.0836
   1.6441
   0.6115
   1.3568
   0.1497
   1.0290
   1.9362
   0.4830
   1.0851
   0.6800
   0.3618
   0.7533
   0.9016
   0.7050
   0.7881
   0.3256
   1.4397
   0.2605
   0.4152
   0.3263
   0.3603
   1.2624
   1.0727
   0.7270
   0.9739
   0.3396
   2.3812
   1.0681
   0.2463
   0.9376
   1.0751
   0.8328
   0.5142
   1.2968
   1.1094
   0.8626
   0.7378
   1.1337
   0.5255
   0.3436
   1.0602
   0.9235
   0.6682
   0.9884
   0.3800
   0.5366
   0.2838
   1.1937
   0.7334
   1.5800
   0.6743
   0.4060
   1.0931
   1.1456
   0.8562
   0.6811
   0.8598
   0.4469
   0.3256
   1.3434
   0.7322
   0.7403
   1.0769
   0.3749
   0.9624
   0.9587
   0.9992
   1.1050
   0.7870
   1.1879
   1.6665
   2.1947
   1.3253
   0.7976
   1.0817
   1.5266
   0.6801
   1.5378
   1.3484
   1.3033
   1.0711
   1.4767
   0.8786
   1.9680
   2.1819
   0.7343
   1.0461
   0.1269
   0.7379
   1.2106
   0.9051
   0.5060
   1.2324
   1.2943
   1.8212
   1.0515
   0.8463
   0.7120
   1.6671
   0.8367
   1.1419
   0.9610
   1.3283
   0.9442
   1.0236
   1.8750
   0.6609
   0.8280
   1.3831
   0.4102
   1.1920
   1.7003
   0.7914
   0.6337
   1.0081
   1.3023
   0.4878
   0.7700
   0.8673
   0.7411
   1.7714
   0.4628
   1.7982
   0.7917
   0.8992
   0.9936
   1.2931
   1.2319
   0.3739
   1.1431
   0.6802
   0.5465
   0.6055
   1.8172
   0.4565
   1.9641
   0.8570
   0.4306
   0.8326
   0.3953
   1.2067
   1.2784
   0.9793
   1.1277
   1.4778
   1.3409
   0.1497
   0.6377
   3.1184
   1.0884
   0.9904
   1.1558
   0.4117
   0.8632
   0.8451
   0.4982
   1.2201
   0.7203
   0.3526
   0.8313
   1.0128
   0.7056
   1.0169
   2.1395
   0.9425
   1.4070
   0.4117
   0.8054
   0.8135
   0.4232
   0.2947
   1.2578
   0.6990
   0.9187
   0.9815
   0.8195
   1.4490
   2.3077
   1.4887
   0.8966
   0.7860
   1.2118
   1.1840
   0.2274
   0.9894
   1.1728
   0.5279
   0.5681
   2.1127
   0.6460
   1.4380
   0.7941
   1.0654
   0.4617
   0.4936
   1.2225
   1.7452
   1.9764
   0.4208
   1.6697
   0.6480
   1.8420
   0.7718
   0.8512
   1.4132
   0.4327
   0.6333
   0.8534
   0.3444
   0.3669
   1.1778
   0.4284
   0.5572
   0.9558
   1.2731
   0.6499
   0.8793
   1.0356
   0.6008
   0.6853
   0.5073
   0.9230
   0.1808
   0.6591
   2.0317
   1.2006
   0.2217
   1.2126
   0.5768
   1.8467
   0.5514
   1.2721
   0.4609
   1.2667
   1.8921
   0.3100
   1.7064
   1.2137
   0.7540
   1.3205
   0.3875
   0.7467
   0.5462
   0.8136
   0.9398
   0.9316
   1.2073
   0.7465
   0.6524
   0.4030
   1.4692
   0.3653
   0.7333
   1.1633
   1.7838
   2.9026
   0.8524
   0.6311
   1.0670
   0.6263
   1.1576
   0.9674
   1.4481
   0.9982
   0.8222
   1.0657
   0.1155
   1.5174
   1.1088
   0.7299
   0.8257
   1.1025
   0.4128
   1.2776
   1.1914
   1.7906
   0.5683
   0.7039
   0.9591
   0.5297
   0.7421
   1.3033
   0.7537
   0.9177
   2.5762
   1.0346
   0.7116
   0.9525
   0.5408
   2.0493
   0.8730
   0.4103
   0.4778
   1.8858
   0.7345
   0.5702
   0.8130
   0.5183
   0.8366
   0.5223
   0.7648
   1.0058
   0.6828
   0.5796
   0.6787
   0.5037
   0.6412
   0.7367
   0.6690
   1.2760
   2.9120
   0.6888
   0.2637
   0.9982
   0.5571
   0.4043
   1.1467
   1.0513
   0.6860
   0.8357
   0.5529
   1.3732
   0.8492
   0.3174
   1.3396
   1.1579
   1.4284
   2.3118
   0.5406
   1.5898
   0.8462
   1.8511
   0.7895
   0.6105
   1.2885
   0.6822
   0.3550
   0.6234
   0.6945
   1.3580
   1.7613
   1.1316
   1.0782
   1.1272

