  1.0609e+001
  3.7802e-001
  1.2487e+001
  2.2204e+000
  1.1501e+002
  4.1726e-001
  1.5890e+002
  1.1648e+002
  3.8371e+002
  3.9022e+002
  3.5183e-001
  8.4669e+001
  1.7528e+000
  3.9597e+000
  1.2364e+002
  1.6840e+000
  1.2562e+001
  1.5750e+002
  4.2359e+001
  6.9949e+002
  6.3016e+000
  3.7975e+000
  4.9553e+001
  7.2739e+001
  2.7230e-001
  5.1860e+001
  4.4179e+002
  9.7471e+000
  2.2345e-002
  8.1454e+002
  3.5639e+002
  1.2551e+000
  3.4098e+000
  3.3370e+000
  4.2666e+002
  3.2940e+000
  3.0567e+002
  4.2733e+001
  6.3727e+001
  1.2410e+002
  3.3912e+000
  2.6994e+002
  3.4469e+001
  1.4985e+001
  5.6703e-001
  1.9724e+002
  1.8328e-001
  3.6975e+001
  7.4340e-001
  2.9428e+000
  1.2064e+002
  1.1975e+002
  4.8305e+000
  1.0344e+001
  5.2560e+000
  5.0651e+002
  1.0673e+000
  3.1536e+000
  4.2821e+002
  3.7956e+002
  2.1279e+002
  2.2447e+001
  5.0508e+001
  8.2664e-002
  3.1235e+001
  6.1139e+002
  4.2745e+002
  6.3406e+001
  5.0615e+002
  5.1791e+001
  4.2577e-001
  8.1593e+001
  4.7043e+001
  1.1453e-001
  1.8595e+000
  1.0735e+002
  9.7730e+000
  2.1388e+001
  6.3169e+001
  3.9831e+001
  1.0617e+002
  3.2495e-001
  3.9677e+002
  1.4081e+000
  3.1716e+001
  1.2761e+001
  4.1646e+000
  1.1030e+000
  2.3358e+000
  9.0061e-001
  3.0144e+001
  1.7914e+002
  3.6064e+000
  7.1470e+000
  1.3892e+002
  6.7873e-001
  3.3344e+001
  7.8538e+000
  7.0717e+000
  4.8039e+000
  3.0059e+000
  3.5733e+000
  5.6616e+001
  2.4121e+000
  5.4904e+000
  1.1782e+000
  4.2755e+002
  2.2770e+001
  1.7719e+001
  2.3893e-001
  4.0760e+002
  4.3297e+001
  2.1020e-001
  4.3020e+001
  1.3483e+001
  2.9155e+000
  1.5595e+001
  3.2604e+002
  7.6556e+001
  4.1301e+002
  2.5146e+001
  1.2533e+001
  4.9075e+000
  6.7362e-001
  4.3589e+001
  1.8475e+002
  1.2954e-001
  1.8914e+002
  4.0194e+001
  3.5637e+001
  1.0235e+002
  9.8337e+000
  6.0677e-001
  1.3468e+001
  4.5870e+001
  4.8206e+001
  8.6177e-001
  1.2502e+001
  4.6309e-001
  3.1621e+001
  4.5170e+000
  5.7309e+000
  6.1290e+000
  7.8518e+001
  1.0856e+001
  3.5701e+001
  5.7170e+000
  1.7240e+001
  1.4740e+000
  1.5688e+001
  3.8208e+001
  7.8220e-001
  1.1918e+001
  6.3317e+000
  3.6065e-001
  1.6748e+003
  5.7799e+002
  3.8073e-001
  1.6930e+000
  5.9866e+001
  9.0228e+002
  1.7271e+000
  1.0175e+001
  6.6566e+000
  5.1358e+002
  1.6066e+001
  1.9041e+002
  7.7836e+000
  5.8563e-001
  7.0084e+001
  7.9679e+000
  1.1941e+000
  3.1889e+002
  5.8855e+001
  3.3857e+001
  3.2560e+002
  9.2216e-001
  7.1616e+001
  1.8938e+000
  2.5580e+002
  4.6132e+002
  1.3324e+001
  7.3440e-001
  7.1790e-001
  3.2531e+000
  3.8240e+002
  2.0580e+001
  6.1019e+000
  2.9731e+000
  8.0579e+001
  7.4014e+000
  5.8624e-001
  1.3590e+002
  2.2101e+002
  1.8289e+002
  1.6715e+001
  4.2834e+002
  2.1982e+002
  4.1106e+000
  1.7829e+001
  1.0986e+001
  2.0696e+001
  1.2052e+002
  1.5168e+001
  3.0479e-001
  1.3865e+001
  1.9007e+002
  6.6931e+002
  3.8051e+001
  2.3112e-001
  3.2964e+000
  5.8455e+001
  4.9895e+001
  2.7053e+000
  7.1409e-001
  4.1419e+000
  1.2639e+000
  4.9827e+001
  9.1954e+000
  4.7404e+002
  2.4950e+002
  2.8259e+001
  1.5635e+001
  1.1707e+002
  5.5882e+000
  1.6648e+002
  1.0663e+002
  9.3438e+000
  2.9958e+001
  1.1648e+000
  1.1143e+001
  3.2156e-002
  5.1755e+001
  1.1430e-001
  1.0014e+001
  1.2229e+003
  2.1827e+002
  8.7908e+000
  9.4541e-002
  1.6807e+001
  6.4407e+001
  7.5697e+000
  6.5342e+000
  1.3252e+000
  1.0142e+001
  7.3177e+002
  4.5521e+000
  3.6971e+000
  5.7953e-001
  2.4320e+000
  7.0520e+000
  1.9600e+002
  4.1996e+001
  1.1608e+002
  8.7663e+000
  1.9703e+001
  5.9242e+001
  3.0769e+000
  7.8942e+001
  5.9238e+002
  1.4696e+000
  4.0226e+001
  1.9364e+001
  7.9851e+001
  1.0154e+001
  1.0283e+003
  2.3025e+000
  2.1193e+000
  1.3961e+000
  2.1558e+001
  6.2981e-001
  3.2214e+001
  5.3960e+001
  8.9851e+001
  1.0382e+000
  7.6006e+001
  1.7407e+001
  2.9750e+001
  7.7316e+001
  1.8699e+002
  1.1988e+001
  1.1423e+000
  2.6855e+001
  3.6189e+001
  2.5927e+001
  3.2244e+001
  1.0657e+002
  4.7596e+001
  9.9017e-001
  1.2718e+000
  1.5091e+000
  6.4665e-001
  1.8678e+001
  5.9973e+000
  1.7998e+001
  2.3750e+002
  1.2940e-001
  2.3571e+001
  3.7140e+001
  7.0243e+001
  1.0678e+000
  1.0787e+000
  2.3530e+001
  4.0153e+002
  2.1826e+000
  2.5470e+001
  5.1989e+001
  1.3214e+001
  3.5475e+002
  2.3554e+000
  1.7938e+001
  4.4563e+002
  5.1993e+002
  3.8679e+000
  2.8614e+000
  2.1542e+001
  2.6794e+000
  7.3870e+001
  1.3814e+002
  9.0119e+001
  3.9192e+001
  1.5611e+001
  5.3755e+002
  5.5890e+002
  7.2491e+001
  1.5448e+001
  2.6263e+002
  1.6109e+002
  6.6780e+001
  3.0885e+000
  5.3586e+000
  4.9475e+001
  6.4261e-001
  2.1470e+002
  1.5822e+002
  3.9023e+001
  2.2890e-001
  3.7655e+001
  5.3788e+001
  4.7625e+001
  1.0485e+001
  2.2681e+000
  1.0736e+002
  3.3927e+002
  3.2843e+001
  2.7086e-001
  4.2269e+000
  4.1617e+000
  7.3823e+000
  1.2968e+002
  2.7806e-001
  4.3968e+001
  1.5609e+001
  2.3418e+002
  4.1290e+000
  1.9546e+001
  5.1055e+000
  1.2350e+002
  1.1090e+001
  4.7792e-001
  5.1890e+002
  1.8855e+001
  3.2598e+001
  4.1888e-001
  2.4350e-001
  2.4332e+001
  2.3183e+000
  6.3976e+001
  2.6400e+002
  1.2381e+001
  2.3948e+000
  1.3192e+000
  7.1572e+000
  4.6497e+001
  3.9124e+002
  2.3922e+000
  1.1103e+001
  1.6533e+002
  2.6172e+001
  6.5671e+000
  3.5322e+000
  8.0470e+002
  4.3120e+000
  4.4761e+002
  2.1975e+001
  1.1823e+000
  2.5908e+001
  4.1580e-001
  7.4948e+000
  3.8279e+002
  1.9665e+000
  4.4945e+001
  1.0263e+002
  5.3913e-001
  9.0201e-001
  1.8773e+001
  4.4263e+002
  2.2426e+001
  7.6687e+000
  3.6541e+001
  6.8401e+000
  2.6812e+000
  5.0934e+002
  8.7282e+000
  7.3194e+000
  5.4931e+001
  2.8350e+001
  1.5471e+002
  2.7121e+002
  2.8970e+001
  8.1912e+002
  3.6905e+001
  4.7291e-001
  2.2404e+001
  3.9749e-001
  2.3705e+001
  8.1699e+000
  3.6270e+001
  6.4655e+000
  5.0454e-001
  8.8512e+000
  2.1397e-001
  1.3577e+001
  1.7045e+001
  1.1265e+002
  5.8130e+000
  6.9544e+002
  1.3531e+002
  1.1659e+001
  6.0044e+000
  3.3070e+000
  2.4785e+001
  1.1311e+002
  5.2328e+000
  4.0647e-001
  3.2890e+000
  6.1609e+000
  2.3922e+001
  5.3500e+001
  4.9175e-001
  1.8128e+002
  7.6901e+000
  1.0219e+002
  1.3974e+001
  3.0101e+002
  9.8801e-001
  5.0266e-001
  4.5852e+002
  6.0014e+001
  9.4092e+001
  6.3409e+002
  5.7059e+000
  9.6991e+000
  6.8082e+000
  1.1133e+002
  5.7044e-001
  1.1847e+000
  4.3531e-001
  3.2806e+000
  1.2102e+002
  5.1788e+000
  3.7535e+001
  3.7350e+002
  2.1036e+002
  1.7450e+001
  2.2664e+000
  6.7025e-002
  8.7688e+001
  1.0502e+000
  2.0810e-001
  5.8545e+000
  2.4629e+002
  2.0268e-001
  1.6197e+001
  9.1678e+000
  1.9907e+001
  3.8097e+002
  2.7391e+001
  1.5668e+001
  2.9035e-002
  9.7962e+000
  4.1944e+001
  1.5217e+000
  9.6018e-002
  1.8115e+002
  4.5084e+000
  6.3200e+000
  1.0557e+000
  6.9536e+002
  1.0541e+001
  5.4595e+001
  3.6878e+002
  1.4640e+001
  7.7828e+002
  2.0990e-001
  1.5623e+000
  1.8568e+000
  1.5471e+001
  1.2356e+002
  2.9501e+002
  3.7944e+000
  4.5034e+002
  1.3097e+002
  9.0424e+000
  1.1448e+000
  3.3578e+000
  7.3570e+002
  2.7907e+002
  4.1172e+001
  3.5130e+000
  1.6062e+002
  4.7311e+000
  2.2213e+001
  1.0226e+000
  2.7609e+001
  3.1684e-001
  1.2379e+001
  1.2633e+002
  4.2095e+002
  3.8519e+000
  4.7138e+000
  9.6649e+001
  3.7878e+002
  7.9472e+000
  1.0325e+002
  5.9183e+000
  1.9714e+001
  2.7426e+000
  5.2301e+000
  9.3291e-001
  9.9287e-001
  7.0240e+001
  3.0303e+001
  1.2799e+001
  6.1909e+001
  1.3433e+002
  1.6378e-001
  1.5926e+001
  1.9788e+002
  2.5951e+001
  5.6383e+001
  2.2570e+001
  2.2210e+000
  2.4391e+000
  2.2811e+001
  1.4492e+002
  1.7221e+000
  3.5789e+002
  1.1186e+002
  2.3299e+002
  2.9658e-001
  4.8889e+000
  4.0934e+001
  1.1953e+000
  1.3885e+000
  2.4821e+000
  2.6552e+000
  1.5107e+001
  2.0356e+001
  5.1024e-001
  6.9204e+001
  6.6478e+001
  7.9393e+001
  6.1278e+001
  3.0228e+001
  2.0768e+000
  4.7031e+001
  3.6438e+001
  1.9189e+002
  3.2234e+002
  2.3340e+001
  2.1303e+001
  1.5581e+002
  6.1760e+000
  1.1626e+001
  1.1225e+003
  3.7481e+001
  1.1033e+002
  1.3665e+002
  3.4799e+002
  3.7681e+001
  7.5870e+000
  2.3798e+000
  5.3290e+000
  1.4581e+001
  3.5664e-002
  1.0788e+003
  1.6739e+001
  4.1000e-002
  3.1649e+001
  1.3677e+001
  8.1551e+002
  4.9988e+001
  1.8652e+001
  2.7003e+001
  3.1199e-001
  3.0804e+002
  8.0948e-001
  2.6761e+002
  1.2888e+001
  1.1037e+001
  5.5385e+002
  1.5056e+001
  8.7019e+000
  1.3269e+002
  6.2271e+001
  7.9966e+001
  1.2162e+002
  2.0916e+001
  8.6892e+001
  2.7076e-001
  7.4707e-002
  9.4467e+000
  6.7352e-001
  6.0680e+000
  4.1551e+001
  4.0380e+001
  1.1635e+002
  5.0371e+001
  1.4648e+000
  3.2284e+000
  3.7867e+002
  4.3578e+001
  5.3042e+000
  4.6416e-001
  2.6914e+000
  2.7983e+002
  5.6247e+001
  5.7460e+001
  4.6601e+001
  3.5621e+000
  9.9009e+001
  1.2309e-001
  4.0169e+000
  1.1649e+002
  2.4886e+002
  1.3803e+001
  5.3916e+002
  9.2834e+000
  6.7342e+001
  8.0389e+001
  4.9816e+001
  2.3167e+001
  7.5117e+001
  4.4892e+001
  1.2666e+001
  3.7639e+002
  1.7894e-001
  4.2224e+000
  8.6709e-001
  1.0672e+003
  9.4544e+001
  1.2614e+000
  1.0878e+001
  8.1476e+000
  5.4856e-001
  3.9396e+001
  5.7680e-001
  9.3779e-001
  1.6941e+001
  7.6414e+001
  2.8176e+002
  1.9507e+001
  1.7460e+001
  1.0402e+002
  2.5341e-001
  2.6733e+000
  5.2477e+002
  9.6350e+001
  4.0688e-001
  1.7805e+002
  1.6508e+000
  3.4353e+002
  5.4035e+001
  1.8953e-001
  5.8380e+001
  1.2844e+001
  2.9334e+001
  2.4177e+001
  1.0641e+001
  1.6242e+002
  3.9117e+000
  4.0219e-001
  7.0666e+001
  2.3416e+002
  9.4953e-001
  3.8589e-001
  4.0956e+002
  4.5232e+001
  3.0332e+000
  8.1388e+001
  1.8607e+000
  3.4238e-001
  1.0884e-001
  1.7819e+002
  9.9031e-001
  1.6517e+001
  3.8768e+000
  1.9065e-001
  1.9188e+000
  1.8566e+000
  6.4682e+000
  2.3924e+002
  3.2820e-003
  2.6129e+000
  9.0910e+000
  2.3732e+000
  7.2683e+001
  1.0759e+002
  6.4603e+002
  2.6528e+000
  1.6788e+001
  1.5310e+001
  3.7829e+000
  2.4326e+002
  1.0883e+002
  1.3934e+001
  2.7459e+001
  6.0228e+001
  1.1968e+003
  2.1956e+001
  8.1793e+000
  2.2865e+000
  2.5495e+002
  8.8507e+001
  2.7676e-001
  1.0456e-002
  2.8953e+001
  1.4432e+002
  1.5108e+000
  7.0788e+000
  9.7843e+000
  1.4214e+001
  2.1540e-001
  4.1361e+000
  7.7341e+000
  9.4435e+000
  2.5603e+001
  3.4508e-001
  7.3779e+002
  1.7227e+000
  8.0449e-001
  9.2502e+002
  4.6461e-001
  1.3305e+002
  4.5814e-001
  1.6891e+002
  2.2197e+001
  1.6282e+001
  1.0303e+002
  3.8974e+000
  4.0199e+002
  1.9317e+000
  1.3440e+002
  3.3147e+001
  2.7245e+001
  6.3011e+002
  9.4255e+002
  2.2865e+001
  2.8074e+002
  3.3642e+002
  2.0350e+001
  4.3621e+000
  1.9971e+000
  1.3231e+002
  8.5471e+000
  2.3577e-002
  2.2432e+002
  3.0191e+000
  1.3574e+002
  1.2328e+001
  3.2557e-001
  5.5050e+001
  1.2484e+002
  9.6528e+000
  8.2006e+001
  4.7528e+001
  6.0404e-001
  1.3231e+002
  3.4254e+001
  6.7518e+001
  8.0554e+000
  2.5630e+001
  5.9801e-002
  4.2415e+000
  3.0728e+000
  3.7253e+002
  2.7454e+000
  7.9011e+000
  1.2425e+002
  5.8444e+000
  1.1347e+001
  7.9773e+000
  7.1676e+002
  1.3190e+001
  9.5008e+000
  3.7816e+001
  1.2408e+002
  3.0447e-001
  2.2273e+001
  1.2931e+002
  1.4788e+001
  1.2312e+000
  1.1917e+003
  7.1167e-002
  3.3206e+001
  1.4159e+001
  1.5240e+000
  3.7729e+000
  1.1032e+000
  1.5308e+000
  3.6952e+000
  7.5748e+000
  3.8657e+000
  1.6726e-001
  1.2413e+002
  9.4371e-002
  2.3442e+002
  1.0410e+001
  3.9923e+000
  5.6869e+002
  4.0755e+000
  2.2388e+000
  2.5864e+000
  1.3389e+001
  1.1591e+002
  2.1218e+001
  1.2400e+000
  2.0855e+001
  2.7226e+002
  7.4040e+000
  1.0513e+002
  1.7013e+001
  3.7693e+000
  1.8504e+000
  2.4614e+002
  6.3220e+000
  1.9508e+000
  8.1304e-001
  2.3723e+002
  2.6052e+000
  7.9994e+000
  1.8255e+001
  2.2150e+001
  1.5794e+001
  1.5634e+000
  7.5887e+001
  1.3369e+001
  6.1943e+002
  1.0165e+001
  5.6505e-001
  2.8450e-001
  1.8586e+001
  1.9500e-001
  7.0732e+002
  1.1707e+001
  4.0083e+000
  3.9892e+002
  9.3355e+000
  1.7981e+000
  8.6884e-001
  2.9745e+001
  6.2207e+002
  9.3840e+001
  2.7201e+002
  4.7024e+000
  7.3867e-001
  2.1756e+002
  1.7626e+000
  8.5598e+000
  1.6211e+002
  2.8146e+001
  5.6373e+001
  1.4745e+002
  6.7287e+000
  3.1071e+001
  2.1610e+002
  1.1679e+002
  3.7436e+002
  2.2570e+001
  3.6225e+001
  3.2450e+001
  5.4312e+001
  1.6274e+001
  1.3347e+001
  1.3291e-001
  3.4071e+001
  8.0683e-001
  1.2939e+000
  1.1485e+002
  2.9561e+002
  3.4971e+002
  2.2733e+000
  3.2851e+001
  9.7668e+001
  5.1870e+002
  2.1036e+001
  6.7746e+002
  1.3658e+002
  4.6699e+001
  3.9746e+002
  2.9561e+000
  7.6876e+002
  9.4619e+001
  3.8391e+000
  1.0001e+002
  2.2328e-001
  2.3836e+002
  2.9347e-001
  3.1364e+002
  3.6598e+002
  3.7659e+000
  3.8689e+001
  6.0548e+000
  9.5472e-001
  8.8957e-001
  3.6406e+000
  5.6624e+002
  1.2796e+002
  1.0750e+001
  4.7751e-002
  4.6218e+000
  6.3009e+001
  2.8383e+000
  1.1902e+002
  7.9258e+001
  3.5364e+002
  1.5253e+001
  6.4700e+001
  1.0219e+001
  5.4932e-001
  3.4574e+002
  1.8696e+000
  3.3813e+001
  6.7294e+002
  2.3391e+000
  3.2269e-002
  1.3528e+002
  2.2632e+000
  4.7501e+001
  5.9310e+000
  2.3946e+002
  3.6135e+000
  2.0973e+000
  9.4344e+002
  1.3190e+002
  1.0231e-001
  1.0694e+002
  2.9898e+002
  1.3625e+001
  1.9577e+001
  9.9112e+000
  2.1757e+001
  2.4136e+002
  6.4319e+000
  7.3994e+000
  2.6345e+001
  1.9434e+000
  1.3867e+000
  6.4207e+000
  2.4181e+001
  1.1010e+001
  1.6624e+002
  9.2059e-001
  5.8885e+002
  8.8879e+000
  1.9189e+001
  2.0180e+002
  1.8248e+001
  8.1910e+002
  9.2460e+000
  3.6384e-001
  3.8603e+002
  1.1251e+001
  1.6996e+000
  3.2653e+002
  7.2340e+001
  1.3284e+002
  1.9300e+001
  3.4503e+001
  9.4276e+001
  8.7244e+001
  4.1455e-001
  2.9349e+001
  1.9147e+002
  2.2705e-001
  4.6875e-001
  2.0631e+002
  5.4200e+000
  1.0069e+002
  5.6188e+002
  7.9963e+000
  4.1124e+002
  1.8559e-001
  8.1340e+001
  1.8942e+001
  8.0353e-001
  6.4570e+001
  1.6908e+002
  5.4084e-001

