    0.7029
    0.0565
    0.0199
    1.1234
    0.0033
    0.6514
    0.0209
    0.1952
    0.2024
    0.5159
    0.7735
    0.3422
    0.1190
    0.1406
    0.1151
    0.0857
    0.4234
    0.1198
    0.8396
    0.8312
    0.0153
    1.9123
    0.4367
    0.4041
    0.6924
    0.1748
    0.2610
    0.0445
    0.6836
    0.6733
    0.0376
    1.3179
    3.9712
   10.9368
    0.2901
    0.0614
    0.0234
    0.7704
    1.6159
    3.5418
    2.8699
    1.2137
    3.9628
    0.5426
    4.6767
    1.0981
    0.1860
    0.8556
    1.9773
    0.5268
    0.5371
   43.6146
    0.2733
    0.5502
    0.7785
    0.4269
    0.3239
    0.3939
    1.4845
    3.2227
    0.1693
    0.2150
    0.0978
    0.4584
    0.3183
    0.5753
    1.8904
    0.1150
    0.4587
    0.0933
    3.4572
    0.2612
    0.4808
    1.2227
    2.7638
    0.2037
    0.1512
    0.4883
    0.3747
    1.8871
    0.2864
    1.3631
    1.6270
    0.3451
    0.1965
    0.0234
    0.1529
    0.5829
    0.9466
    0.3064
    1.3676
    0.0789
    2.0478
    0.9078
    0.1724
    0.0946
    0.6854
    0.1009
    0.2958
    0.1118
    0.0371
    0.0010
    0.3290
    0.9895
    1.1345
    0.1803
    0.2352
    2.6884
    0.2244
    0.6534
    1.8134
    0.8841
    2.6369
    0.4207
    0.2939
    5.1803
    7.9794
    1.2750
    1.8349
    0.9471
    0.0712
    0.4926
    0.0896
    1.8863
    0.0414
    0.1075
    0.4099
    0.2708
    1.2979
    0.2584
    0.4262
    0.3071
    0.1767
    0.2475
    0.7266
    0.5558
    0.6448
    0.4872
    0.0355
    0.7408
    0.7205
    0.8124
    0.8364
    1.4950
   10.9189
    0.4846
    0.3931
    2.3856
    5.0690
    0.8065
    0.0484
    1.3193
    0.1689
    0.6768
    2.3215
    1.2128
    0.1774
    0.0300
    0.7130
    0.3150
    0.2876
    0.3419
    0.0009
    3.9139
    0.0457
    1.6379
    0.1238
    1.7395
    3.0833
    0.0361
    0.1524
    0.6126
    0.0822
    0.3538
    0.6396
    0.0672
    3.0521
    1.4973
    0.0934
    0.9106
    1.5576
    1.2737
    0.8198
    0.7421
    0.0170
    1.3015
    0.1336
    0.5535
    0.2945
    0.5839
    0.1144
    2.2087
    0.0734
    0.3987
    0.4919
    0.2609
    1.2870
    0.3665
    1.4319
    0.2933
    1.1672
    0.8417
    0.6065
    0.9886
    1.3753
    4.0053
    0.7776
    4.8331
    1.0567
    0.8855
    0.1818
    1.4233
    0.2294
    0.1915
    3.3528
    0.2201
    0.0913
    1.3154
    1.3258
    1.4131
    0.0562
    0.2014
    0.9176
    0.1012
    0.2482
    0.7844
    0.4335
    1.2056
    0.7274
   10.1639
    0.4021
    0.0422
    0.2197
    0.8017
    1.2911
    0.6391
    0.0733
    0.2421
    0.1294
    3.2371
    1.3136
    2.9715
    3.5326
    0.0381
    0.5791
    0.6475
    0.5557
    0.3754
    0.1346
    0.7595
    0.2530
    1.0371
    0.0796
    0.4269
    1.5579
    1.0744
    0.0605
    0.3441
    5.1338
    0.2557
    0.1783
    0.5417
    1.9843
    0.1955
    1.0825
    0.3490
    0.1127
    0.3482
    0.8762
    0.0604
    0.6212
    0.2381
    0.1554
    0.0411
    0.5743
    0.0822
    0.0480
    0.0599
    0.5183
    0.1765
    0.8419
    0.5000
    0.1879
    0.5350
    0.6661
    0.3288
    0.6823
    0.5925
    0.0331
    0.3689
    0.7566
    0.7524
    0.7125
    0.3495
    1.1463
    0.9199
    0.3172
    0.6443
    0.2852
    0.6559
    3.5786
    1.4915
    0.4148
    0.9444
    1.5650
    0.0148
    2.1179
    0.6280
    0.0363
    0.1840
    1.2367
    0.1685
    0.7486
    0.4117
    0.3905
    0.5397
    1.8456
    0.0749
    0.0505
    0.7343
    0.7470
    0.4343
    0.4694
    0.5090
    0.7036
    0.6377
    0.0275
    0.1776
    0.8443
    1.8679
    1.1130
    1.3109
    1.8007
    6.2608
    0.1505
    0.2115
    0.0913
    0.2919
    3.3650
    0.5131
    0.3091
    0.0069
    0.7460
    1.0381
    0.3458
    0.1000
    0.1379
    0.9502
    0.4980
    0.0228
    0.7772
    0.6973
    0.5309
    0.0509
    1.9630
    1.1156
    0.3388
    0.3976
    0.1833
    0.9778
    0.1761
    0.8030
    1.2424
    0.0619
    0.3420
    0.5457
    0.2927
    0.3628
    0.0349
    0.1382
    0.1791
    1.7516
    0.0182
    0.7865
    0.8961
    0.5604
    0.0659
    0.3086
    0.5165
    0.8458
    0.5644
    0.0145
    0.2615
    1.9297
    0.6929
    1.0635
    0.3069
    0.1157
    1.2616
    0.2708
    0.1234
    0.9147
    0.2301
    0.1763
    0.3534
    0.2561
    0.7755
    1.1370
    0.9882
    0.4055
    0.7766
    1.2356
    0.8128
    0.0074
    1.7179
    0.1897
    1.0799
    0.2508
    1.0535
    1.6453
    0.2259
    0.5082
    2.5216
    0.3776
    0.8014
    0.4461
    0.6397
    0.3794
    0.0348
    0.4313
    0.5849
    0.6979
    0.5026
    0.6849
    1.2789
    1.7182
    0.2708
    0.2297
    0.0563
    1.3239
    0.2820
    0.6595
    0.1126
    0.4691
    0.2388
    2.3213
    1.1533
    0.0156
    0.1049
    0.5847
    1.0452
    1.3278
    4.9565
    0.3912
    0.3546
    3.8264
    1.2522
    0.0663
    1.0137
    0.7653
    0.3460
    0.4382
    5.3136
    0.0049
    3.9668
    0.9411
    0.0386
    0.4554
    0.6770
    0.4000
    0.3488
    0.2492
    0.2566
    1.3633
    1.0027
    0.1096
    4.5125
    0.5110
    0.4031
    0.3769
    1.9272
    0.2822
    0.1947
    0.2559
    0.3494
   15.6873
    1.2288
    0.8220
    0.7165
    2.7152
    0.0173
    2.1834
    0.6271
    2.9216
    0.2848
    0.1847
    0.2452
    0.4673
    0.2895
    0.1035
    0.0005
    0.4939
    2.1669
    1.9116
   10.7012
    0.2963
    0.7422
    0.8034
    0.1517
    0.7844
    0.0008
    1.3642
    0.8630
    1.1086
    0.0384
    0.4211
    1.9822
    0.8467
    3.1084
    1.3229
    5.2351
    0.0816
    0.5179
    0.2458
    0.0295
    0.3809
    2.5908
    0.5154
    0.0346
    0.5664
    0.4865
    0.0237
    0.7399
    0.4780
    0.9277
    0.3982
    0.8861
    0.4150
    0.4919
    0.6033
    0.9812
    0.4649
    0.7498
    0.2342
    0.5180
    1.0022
    0.7765
    0.5994
    0.1220
    1.3360
    0.1516
    0.0742
    0.0139
    1.7881
    0.0910
    0.0217
    2.9126
    0.9066
    0.0113
    0.1904
    1.3727
    0.0549
    0.1683
    0.2315
    2.9195
    0.6791
    0.0988
    0.8487
    2.7213
   19.1924
    0.3078
    0.7750
    0.3351
    0.4197
    0.1986
    0.2254
    0.6168
    0.3404
    0.4516
    0.8162
    0.4499
    0.5725
    0.6586
    0.0890
    0.3206
    2.3968
    0.6161
    2.2657
    4.6496
    1.6666
    1.1891
    0.3013
    0.0193
    0.0984
    0.8998
    0.0948
    0.8421
    0.0254
    0.6181
    0.2380
    0.0239
    0.6206
    0.2697
    0.6897
    0.6200
    1.6652
    0.4759
    0.2205
    0.2759
    0.0051
    0.2728
    0.0222
    0.8918
    0.3297
    0.6100
    0.0983
    4.4587
    1.5532
    0.0527
    0.2514
    1.1348
    0.3969
    0.8293
    1.9172
    0.2096
    1.1524
    3.8334
    0.1255
    0.2329
    0.1941
    0.4029
    3.6713
    0.9759
    0.1422
    0.2133
    0.2907
    0.0807
    0.9889
    0.4009
    0.0791
    0.9011
    0.5411
    0.4364
    3.4800
    0.1209
    0.2172
    0.5166
    2.2931
    0.8247
    0.4658
    0.5528
    0.7572
    0.2788
    2.4639
    0.3510
    0.0177
    0.2406
    0.9142
    0.0828
    0.1143
    0.4229
    0.3743
    0.3466
    2.0567
    1.5668
    0.3557
    0.4466
    0.1542
    1.1781
    1.4397
    0.1393
    0.3620
    2.2567
    0.0475
    0.3067
    3.1481
    1.0299
    3.9287
    0.0149
    0.2488
    0.8684
    0.2784
    0.6338
    2.6334
    2.2283
   11.0407
    0.8618
    1.2683
    0.2450
    0.3000
    0.8257
    2.0836
    0.0880
    0.7259
    0.1615
    0.1886
    1.0495
    0.0407
    0.0320
    0.2045
    0.2687
    0.8840
    0.3577
    0.4200
    0.1477
    0.9943
    0.1312
    0.7789
    0.6932
    0.8984
    0.3259
    0.4231
    0.5849
    0.0610
    0.0499
    6.8564
    0.2853
    0.1712
    0.0204
    0.0333
    0.2824
    0.3233
    0.7537
    4.3549
    0.3319
    0.0275
    0.2029
    0.6200
    0.1262
    0.0465
    0.3018
    0.6922
    0.1704
    1.9793
    5.4574
    0.3037
    0.5043
    0.1285
    3.1260
    0.3225
    0.6609
    0.9236
    2.3957
    0.3280
    0.7284
    0.3265
    1.6005
    0.4377
    0.7980
    0.2682
    0.8158
    1.1393
    2.1704
    0.6689
    0.0064
    0.0372
    0.3803
    0.1174
    0.5339
    0.0849
    0.5535
    0.0228
    1.2897
    0.5072
    0.4838
    0.8550
    0.6260
    0.4801
    0.6858
    1.2957
    2.7107
    0.2586
    1.6841
    1.8660
    1.5069
    0.6193
    0.4953
    4.5687
    0.6317
    0.0763
    0.4168
    1.7548
    0.7081
    0.7759
    4.2272
    0.3854
    0.4304
    0.9867
    0.9702
    0.2033
    0.5107
    1.4049
    1.2204
    0.3349
    1.4856
    2.5618
    0.6262
    0.2832
    0.0874
    1.2241
    0.2972
    0.9871
    0.1881
    0.8919
    1.5242
    0.4626
    3.3150
    0.0752
    0.1477
    1.4741
    1.1726
    0.5760
    1.9887
    0.3326
    0.0058
    1.1764
    0.3223
    3.9168
    0.0774
    0.1012
    6.8443
    1.8981
    1.2994
    0.4334
    1.1413
    0.0191
    3.2617
    0.3997
    0.2093
    0.0567
    1.8578
    1.3863
    0.0697
    5.6389
    0.7623
    0.2171
    0.4891
    0.7875
    0.9167
    1.5042
    0.3831
    0.2211
    2.1788
    4.5227
    0.0452
    0.6489
    0.1879
    0.5813
    0.0748
    0.7320
    0.3613
    0.1266
    0.0388
    0.1470
    0.0177
    0.2119
    0.0320
    0.5579
    0.2838
    0.2408
    0.2605
    0.0820
    0.2366
    0.0906
    0.2366
    0.0175
    0.0902
    0.8634
    0.1641
    0.7292
    0.9923
    0.1747
    1.1604
    2.0509
    0.6258
    3.0313
    0.3560
    0.1369
    0.0268
    0.2634
    1.2026
    0.1833
    7.3839
    0.5455
    0.1793
    0.6593
    0.4588
    1.5938
    0.7280
    0.3167
    0.3437
    2.3071
    2.4554
    0.0070
    2.1679
    0.5112
    1.2370
    2.6659
    0.3394
    1.6680
    0.7502
    0.0361
    0.1108
    0.1083
    0.0960
    1.0233
    0.1940
    0.1013
    1.3198
    0.2052
    0.4754
    0.1871
    6.8781
    0.5980
    0.2432
    4.0567
    0.1286
    0.6513
    0.5162
    0.5182
    0.9438
    0.0047
    0.1373
    0.0157
    0.1265
    0.4918
    1.9699
    0.3716
    1.7569
    0.3564
    0.8635
    0.2563
    0.2802
    0.0820
    0.0473
    0.1965
    1.9101
    0.3287
    0.5043
    0.4928
    0.0053
    0.0946
    0.3775
    0.1497
    0.0193
    0.0875
    0.6784
    0.5637
    0.0964
    0.1057
    0.4077
    0.2366
   31.9025
    0.9318
    0.0867
    7.4199
    1.5383
    0.8478
    0.5316
    0.3406
    0.6464
    0.2178
    0.5636
    0.0678
    1.1066
    0.2552
    0.7894
    1.4329
    0.1041
    0.5914
    0.5898
    6.6877
    0.8243
    0.1868
    0.3094
    0.0092
    0.5921
    0.1284
    0.3226
    0.2616
    0.4619
    2.6498
    1.3136
    0.0983
    0.5534
    0.9035
    0.5502
    0.2971
    1.3217
    0.6891
    0.3066
    0.4414
    0.9418
    0.0124
    0.4942
    1.5646
    0.8921
    0.6645
    0.4361
    0.3228
    0.3215
    1.4608
    0.3052
    2.3345
    0.4047
    0.0337
    0.8501
    0.3488
    0.5379
    5.7004

