  1.1349e+002
  4.2651e+002
  5.8432e+000
  2.8141e+002
  9.5019e+000
  4.7456e+000
  8.9466e+001
  2.0834e+000
  4.1288e+000
  2.7154e+000
  8.5715e+001
  6.8581e+001
  4.1641e+001
  3.7498e+000
  2.1796e+000
  3.0901e+002
  2.4080e+000
  1.7810e+001
  1.3918e+000
  8.5660e+000
  2.6923e+002
  2.4650e+001
  2.9535e+002
  1.3324e+001
  1.3950e+002
  1.3177e+002
  4.8831e+002
  6.8225e+000
  3.1834e+002
  2.6099e+002
  3.7360e+000
  4.3884e+001
  2.6245e+000
  3.9059e+000
  9.7493e+001
  4.0840e-001
  1.9748e+001
  2.0212e+001
  1.7522e+002
  4.6504e+000
  2.4691e+001
  1.2168e+000
  1.6156e+001
  2.2401e+001
  5.0243e+000
  5.2222e-001
  1.1786e+002
  2.8463e+002
  2.3115e+002
  2.9303e+001
  2.3270e+002
  1.9687e+001
  7.0802e+001
  2.3786e+001
  1.3352e+001
  2.0598e+000
  5.5703e+001
  7.1651e+002
  5.8482e+001
  5.3050e+000
  5.7991e+001
  1.4997e+000
  1.7476e+002
  1.1364e+000
  6.8404e+000
  5.9020e+002
  2.2702e+000
  1.9855e+000
  3.8887e+000
  2.4913e+000
  3.7543e+002
  6.7282e+000
  1.7603e+002
  1.6943e+000
  1.1107e+001
  8.8442e-001
  5.0711e+000
  5.9513e+000
  9.6557e+001
  2.7288e+001
  1.2425e+000
  6.2661e+002
  1.7876e+002
  7.7808e+000
  6.8842e-001
  9.7096e-001
  4.3203e+000
  1.2920e+001
  5.1338e+002
  1.5025e+001
  9.0457e+001
  6.1614e+001
  3.2902e+001
  5.8561e+000
  1.8836e+002
  5.2938e-001
  2.7610e+002
  1.0098e+001
  7.9188e-001
  1.0501e+002
  7.4796e+001
  4.2809e+001
  1.7039e+000
  1.7680e+001
  2.0969e+002
  3.2153e+000
  1.3287e+002
  2.1342e+001
  1.3820e+001
  4.9649e+000
  3.5432e+001
  2.6583e+001
  2.5771e+000
  3.5265e+002
  6.7912e+000
  1.4437e+002
  3.0016e+002
  1.0481e+001
  1.3293e+001
  2.2421e+001
  3.8433e+001
  2.7360e+000
  4.5983e+001
  2.1271e+000
  3.0299e+001
  9.9278e+001
  6.5400e+001
  1.9140e+000
  2.0797e+001
  1.4301e+000
  7.0326e+000
  2.1495e+002
  2.0101e+001
  1.0061e+000
  3.9916e+000
  1.0514e+002
  1.2935e+001
  5.2169e+000
  1.3773e+002
  6.2963e+000
  3.0115e+002
  3.9202e+002
  8.2657e+001
  8.5244e+000
  1.2892e+002
  9.7312e+000
  1.1215e+000
  2.7734e+002
  1.5430e+001
  3.1518e+000
  4.8332e+001
  2.1046e+002
  3.3706e+000
  2.7477e+000
  7.8941e-001
  3.8821e+001
  6.7973e+001
  7.7319e-001
  1.4491e+002
  1.6517e+002
  1.0247e+002
  5.6735e+001
  8.0718e+001
  2.5843e+000
  5.2768e+000
  1.9119e+001
  1.0225e+002
  4.1056e+001
  8.2196e+000
  9.8502e+001
  1.1961e+002
  2.1999e+000
  2.5369e+000
  1.8318e+000
  4.9965e+001
  7.0509e+001
  3.7093e+001
  6.2412e+000
  8.4873e+001
  2.9640e+000
  7.5256e+001
  3.0720e+001
  1.0326e+001
  9.0969e+001
  2.3851e+000
  2.0206e+001
  6.0385e+001
  5.5601e+001
  2.6367e+000
  3.8027e+002
  1.7373e+002
  6.7951e+001
  1.0147e+002
  4.9698e+002
  2.0358e+000
  1.7367e+002
  5.0808e+000
  1.2818e+001
  7.8677e+001
  5.4444e+000
  9.9533e+001
  2.4476e+001
  1.6364e+002
  3.3389e+002
  2.3862e+002
  6.8177e+001
  3.2835e+002
  1.2026e+002
  2.5040e+001
  3.7752e+002
  1.9771e+000
  1.9553e+000
  1.3473e+002
  1.1234e+001
  1.6615e+002
  3.4438e+001
  8.7139e+001
  3.9039e+001
  6.4701e+000
  1.7301e+002
  3.2464e+001
  1.3813e+000
  2.2903e+000
  2.2029e+002
  3.1309e+001
  3.8423e+000
  3.6527e+000
  6.1947e+001
  1.3776e+001
  8.6286e+001
  9.5677e+001
  4.3675e+001
  3.3942e+002
  2.2280e+002
  1.5845e+000
  4.3355e+000
  2.0927e+002
  1.7007e+000
  5.8907e+001
  2.2850e+002
  3.4973e+002
  4.0965e+002
  1.6751e+002
  4.6351e+001
  2.6559e+001
  6.0908e+000
  2.3663e+001
  5.6634e+000
  2.8041e+001
  3.0796e+002
  4.4254e+000
  1.7618e+002
  1.8273e+001
  1.4366e+001
  1.0581e+002
  6.2312e+002
  4.6832e+000
  3.5139e+001
  1.1566e+002
  8.6360e+001
  3.5253e+001
  6.1269e+001
  4.1944e+001
  2.1477e+000
  1.1229e+001
  1.0834e+002
  6.2232e+001
  1.4279e+002
  2.9260e+002
  2.3034e+002
  1.1151e+002
  8.8895e+001
  2.9620e+002
  5.0433e+001
  1.7075e+001
  1.1812e+002
  7.2147e+000
  1.4647e+000
  5.8548e+001
  1.1059e+002
  3.7066e+002
  2.9937e+000
  4.6466e+001
  2.7492e+002
  3.1523e+002
  4.2881e+002
  3.0237e+000
  8.6718e+000
  3.9289e+002
  6.5891e+000
  3.8270e+002
  1.9052e+001
  5.1792e+002
  2.6931e+000
  5.3977e+000
  1.2849e+001
  1.5639e+002
  4.0250e+002
  2.0876e+002
  4.2431e+000
  5.0584e+001
  8.4253e+001
  3.1937e+001
  3.4346e+001
  1.0111e+002
  1.4166e+002
  2.4048e+001
  6.2602e+000
  3.4678e+000
  3.4992e+002
  2.3518e+000
  2.7755e+000
  2.8482e+002
  1.4912e+002
  5.6307e+000
  2.5125e+000
  3.4999e+001
  6.3199e-001
  1.8778e+000
  9.9296e+001
  3.0045e+000
  2.5922e+000
  2.6698e+000
  1.0597e+002
  3.7911e+002
  5.6102e+001
  8.4223e+000
  3.4383e+002
  4.5004e+001
  1.0727e+002
  4.9011e+001
  6.3891e+001
  1.0123e+002
  7.1609e+000
  7.6782e+001
  2.2230e+002
  1.6302e+002
  4.5301e+002
  1.0450e+001
  1.0558e+001
  3.0454e+001
  3.0059e+001
  4.0670e+001
  1.0856e+001
  5.5472e+001
  1.7522e+002
  9.9714e-001
  2.7341e+002
  3.8393e+000
  6.1126e+001
  1.7613e+002
  1.3111e+002
  1.6594e+001
  2.5637e+000
  2.6318e+002
  4.4239e+000
  7.9377e+001
  3.7790e+002
  2.6783e+001
  8.2481e+001
  3.9258e+002
  4.4530e+000
  3.8319e+001
  1.2674e+002
  1.4767e+002
  9.9334e-001
  3.5077e+000
  7.1458e+001
  3.0900e+001
  6.2295e+000
  4.4017e+001
  1.1633e+000
  6.5088e+001
  1.1067e+001
  3.5227e+000
  7.5066e+001
  4.9072e+001
  1.2120e+002
  2.6321e+000
  2.2936e+002
  2.0415e+000
  2.0063e+002
  2.5294e+001
  5.2824e+001
  5.0674e+001
  8.0674e+000
  2.9917e+001
  3.4136e+000
  2.7914e+000
  4.0026e+001
  6.3438e+002
  3.3472e+002
  1.4461e+001
  3.7860e+000
  2.5032e+001
  5.3696e+001
  1.3637e+001
  7.2248e+001
  3.5999e+001
  1.6960e+002
  1.6217e+002
  2.3510e+000
  1.2137e+002
  2.3711e+000
  8.3263e+001
  2.9082e+000
  8.4681e-001
  3.9729e+002
  3.2229e+001
  9.2728e-001
  7.6737e-001
  3.1150e+000
  2.4739e+002
  3.1416e+001
  2.2781e+001
  8.7383e+001
  1.4579e+001
  2.1059e+000
  2.5541e+002
  2.5943e+000
  9.0323e+001
  4.3294e+002
  2.5356e+001
  7.1258e+000
  1.1686e+002
  9.5981e-001
  1.5640e+001
  2.6304e+000
  3.7750e+002
  3.7312e+000
  2.9229e+002
  1.5113e+001
  7.9391e+000
  3.0192e+000
  3.0546e+000
  8.9831e+001
  4.0427e+001
  8.3621e+000
  6.6602e+001
  1.3597e+000
  3.0824e+001
  3.0422e+001
  2.9917e+001
  2.1833e+001
  1.6173e+000
  7.0603e+000
  4.7650e+001
  5.2905e+001
  1.2838e+001
  2.3558e+002
  3.6450e+000
  3.6188e+001
  4.3342e+002
  1.2256e+002
  5.0444e+000
  1.1979e+000
  5.7187e+001
  3.5962e+001
  1.6207e+000
  1.0056e+001
  1.3856e+002
  5.4837e+000
  1.7351e+001
  3.5602e+002
  2.6348e+001
  1.6095e+001
  2.4397e+000
  2.7607e+001
  2.0226e+002
  2.0541e+000
  7.8580e+001
  3.2500e+002
  1.8632e+002
  9.6283e+001
  1.8112e+002
  1.8753e+002
  3.7176e+001
  6.7524e+001
  2.7723e+002
  3.5524e+002
  4.2258e+002
  3.0332e+000
  2.8321e+002
  1.8879e+002
  7.5755e+001
  1.4182e+001
  1.1588e+002
  6.1719e+000
  6.9128e+000
  1.5584e+002
  1.2260e+002
  1.3537e+002
  1.5923e+002
  3.4151e+001
  1.1223e+001
  1.8823e+002
  6.6872e+001
  1.2581e+002
  1.2561e+001
  1.2913e+002
  8.1514e+001
  2.7375e+001
  1.0413e+000
  4.0976e+000
  1.4958e+001
  1.9155e+002
  3.2341e+002
  3.5629e+000
  6.5860e+001
  1.4227e+002
  3.9127e+001
  3.0925e+002
  2.6845e+002
  9.7697e+001
  2.8970e+002
  2.3325e+000
  1.5424e+002
  1.2641e+000
  2.6580e+001
  1.4344e+001
  2.4244e+002
  2.3629e+000
  1.8972e+000
  3.4844e+002
  2.3744e+001
  4.4095e+002
  8.0145e+001
  1.2246e+001
  4.8050e+002
  5.3753e+001
  2.4856e+002
  1.1173e+002
  1.1384e+001
  1.1143e+000
  1.9975e+002
  8.8010e+001
  2.2466e+002
  3.0146e+001
  1.6605e+001
  1.6184e+002
  1.3745e+002
  1.1588e+000
  1.1105e+000
  1.6166e+002
  1.4001e+001
  3.0688e+002
  1.7178e+000
  2.9718e+002
  6.7561e+000
  2.9208e+002
  3.8195e+002
  3.2579e+002
  5.2883e+001
  1.7349e+002
  4.2623e+000
  4.2482e+001
  2.6571e+002
  7.5332e+002
  6.4767e+002
  2.1171e+001
  6.5440e+001
  1.1077e+002
  4.8005e+000
  2.4973e+001
  2.5218e+002
  1.1591e+002
  8.2403e-001
  9.3651e+001
  3.1107e+002
  5.4657e+001
  3.1384e+002
  1.6286e+002
  2.4854e+002
  3.1707e+002
  1.9260e+001
  1.3071e+001
  1.7019e+002
  3.2667e+002
  1.0341e+001
  4.8388e+002
  3.8548e+000
  1.2166e+001
  4.4947e+000
  8.9534e+001
  2.5971e+000
  6.4751e+001
  6.4858e+000
  7.8811e+000
  3.7067e+002
  9.3076e+001
  9.2148e+001
  2.6322e+002
  8.9948e+001
  3.7975e+000
  1.5061e+001
  3.8226e+002
  1.5873e+000
  6.3099e+001
  1.9028e+000
  5.4035e+000
  2.0402e+001
  1.9077e+002
  2.0228e+002
  1.1914e+002
  5.2171e+000
  6.0647e+002
  1.8043e+002
  2.3956e+001
  9.1887e+000
  1.8787e+001
  1.0057e+002
  5.7935e+002
  1.1791e+002
  3.7697e+001
  6.9341e+001
  3.5881e+000
  3.0605e+001
  1.2410e+002
  3.3416e+001
  1.3007e+002
  1.0251e+000
  3.1007e+002
  3.7943e+001
  1.4767e+000
  2.0880e+002
  2.3617e+002
  1.7906e+000
  4.6957e+001
  2.9224e+000
  5.7383e+000
  6.7963e+001
  3.2477e+001
  4.4798e+001
  1.8245e+000
  3.0055e+000
  2.7058e+000
  6.0646e+000
  1.9840e+002
  1.2876e+002
  6.1111e+001
  1.7641e+002
  3.2069e+000
  3.4884e+001
  5.6065e+000
  9.9152e+000
  5.5362e+000
  2.8428e+001
  1.0019e+001
  1.1508e+002
  2.8290e+000
  1.5496e+002
  2.0445e+002
  9.3329e+001
  6.5547e+000
  1.4882e+001
  2.7614e+002
  4.4877e+001
  9.2646e+001
  4.3273e+001
  3.7661e+002
  5.5646e+000
  1.0082e+001
  5.0088e+001
  1.1684e+001
  2.2004e+001
  1.3654e+001
  2.3636e+001
  1.1895e+001
  2.6901e+002
  1.7207e+001
  3.9591e+001
  7.5501e+001
  2.9052e+000
  9.8956e+000
  8.2954e+001
  1.1481e+002
  2.6780e+002
  5.3802e+002
  2.0590e+000
  1.3375e+002
  4.7990e+001
  3.2081e+001
  1.2173e+002
  1.9968e+001
  9.5307e+001
  1.1349e+001
  1.4343e+001
  4.0585e+000
  1.4346e+002
  1.0688e+000
  5.1281e+000
  2.7826e+001
  2.0628e+002
  2.7678e+001
  1.8586e+002
  7.7645e+000
  1.5578e+002
  7.0030e+001
  4.9883e+002
  1.6724e+000
  1.5029e+001
  1.7683e+001
  1.3695e+000
  9.4439e+001
  2.8143e+001
  3.6558e+001
  6.2908e+000
  2.1329e+002
  9.3488e+000
  3.2224e+002
  6.2696e-001
  8.6871e+000
  4.3695e+000
  3.2027e+002
  1.3474e+001
  7.4720e+002
  4.9775e+001
  7.2009e+000
  1.3269e+002
  5.3216e+002
  7.5458e-001
  1.8260e+001
  2.0472e+002
  3.3929e+000
  3.2009e+001
  4.9048e+001
  1.1346e+000
  5.0752e+000
  8.6766e+000
  5.3186e+000
  1.9165e+002
  2.3876e+002
  1.0423e+002
  4.2360e+001
  1.3109e+000
  2.1001e+001
  3.4092e+000
  3.7247e+002
  1.9325e+002
  9.6877e+001
  3.5954e+001
  4.9413e+002
  5.8709e+000
  5.9728e+001
  3.4497e+002
  6.2292e+001
  1.8953e+001
  4.5838e+000
  1.1413e+002
  2.7151e+001
  1.5937e+000
  1.0500e+002
  6.6392e+000
  1.0026e+002
  7.9842e+001
  1.5654e+002
  6.6404e+000
  7.9754e+001
  4.0055e+001
  1.8355e+002
  6.6093e+002
  4.2805e+001
  2.2383e+002
  1.4446e+002
  1.4329e+000
  2.3128e+000
  1.9405e+001
  2.2408e+000
  3.6614e+000
  2.8229e+002
  2.1869e+002
  1.2654e+002
  1.4327e+002
  1.7491e+002
  1.4682e+002
  2.6898e+001
  1.0044e+001
  1.3819e+002
  9.3452e+001
  3.2840e+000
  1.1364e+002
  1.0209e+001
  7.1390e+001
  1.9834e+001
  4.4100e+002
  1.6218e+000
  6.7338e+001
  4.2345e+002
  1.4954e+001
  1.1291e+002
  3.7020e+001
  4.0849e+001
  7.6592e+001
  6.5732e+000
  4.9840e+000
  4.4072e+001
  4.9455e+001
  2.2629e+001
  3.4372e+001
  1.1192e+001
  1.8628e+000
  4.4985e+001
  1.6663e+001
  8.3191e+001
  7.2168e+001
  4.6186e+001
  3.0797e+002
  2.4120e+001
  7.6637e+001
  9.3193e+000
  2.7180e+001
  1.3347e+000
  1.6564e+001
  1.5214e+000
  6.2072e+001
  3.2568e+000
  2.9912e+000
  2.2403e+002
  1.1284e+000
  1.3439e+002
  2.1222e+002
  4.6755e+000
  2.4757e+002
  5.4701e+000
  1.8797e+002
  1.3021e+002
  1.1632e+002
  2.5303e+000
  3.0500e+000
  1.1371e+002
  4.1638e+000
  3.8749e+000
  5.3471e+002
  2.4348e+000
  2.6132e+002
  9.1064e-001
  8.5606e+001
  1.8747e+001
  1.1069e+002
  1.3121e+000
  1.6866e+000
  4.7886e+000
  4.0187e+001
  8.7040e+000
  4.0681e+002
  1.4688e+002
  1.4173e+002
  6.1520e+000
  2.0448e+002
  1.7000e+000
  9.3598e+001
  3.3984e+001
  2.3684e+000
  1.2598e+002
  1.6541e+002
  9.1502e+001
  3.0174e+002
  2.6738e+002
  1.1560e+001
  8.4438e+001
  7.2378e+001
  1.3294e+000
  2.8337e+002
  3.5241e+001
  3.7358e+002
  3.4229e+001
  2.3118e+000
  1.9443e+002
  3.2451e+002
  6.6641e+000
  1.0720e+002
  1.7591e+002
  7.2760e+001
  6.3980e+001
  9.7765e+000
  5.0400e+000
  7.8057e-001
  9.2914e+000
  3.6818e+002
  6.0038e+001
  8.3809e+001
  1.3711e+000
  6.2927e+001
  7.1829e+000
  4.2332e+001
  1.0535e+002
  6.7041e+000
  5.4402e+002
  1.4531e+001
  7.7028e+002
  1.0354e+001
  1.7114e+001
  1.3052e+001
  4.5912e+002
  4.3558e+001
  1.6489e+002
  1.9320e+002
  5.2060e+000
  1.6446e+000
  3.0598e+002
  5.3344e+001
  3.4774e-001
  4.0854e+001
  1.9639e+001
  6.1025e+001
  6.1103e+000
  1.1528e+001
  1.9850e+001
  3.2102e+001
  2.8022e+002
  2.1998e+002
  1.8497e+001
  3.0416e+001
  7.3516e+000
  4.5479e+002
  6.4123e+001
  2.4421e+001
  2.9980e+002
  2.2041e+002
  1.1357e+002
  6.7415e+001
  2.1932e+002
  7.7756e+000
  4.5147e+000
  5.4487e+001
  1.1651e+002
  3.9947e+001
  2.3194e+000
  5.4873e+000
  3.8257e+001
  2.4649e+002
  3.4164e+000
  1.6074e+000
  7.9745e+000
  3.8826e+002
  3.8017e+001
  2.8888e+001
  4.7126e+001
  2.0519e+000
  2.5865e+002
  1.5868e+002
  1.1683e+001
  5.4660e+001
  9.7333e+001
  5.4624e+001
  9.4813e-001
  5.4334e+001
  1.9716e+002
  3.8868e+002
  1.2367e+002
  2.5980e+000
  1.0435e+002
  3.9012e+001
  1.2551e+000
  1.4479e+001
  1.7762e+002
  8.9484e+001
  8.8273e+000
  2.3939e+002
  1.0669e+002
  9.7529e+000
  1.6500e+001
  2.6969e+002
  2.4811e+001
  1.5368e+001
  5.5081e+000
  9.9245e-001
  8.2210e+001
  2.3877e+002
  2.6736e+001
  1.8194e+002
  1.5108e+000
  3.1273e+002
  1.2970e+002
  3.5447e+001
  6.2332e+002
  4.8581e+001
  4.4415e+002
  8.8444e+001
  2.9674e+001
  1.6799e+002
  5.0224e+000
  1.8015e+000
  7.1652e-001
  3.7110e+000
  4.3035e+002
  3.3595e+001
  4.1102e+002
  1.6025e+001
  3.1934e+000
  1.5046e+000
  1.4271e+002
  2.0008e+002
  1.4202e+001
  1.5864e+002
  4.7276e+002
  3.4098e+002
  2.0049e+001
  3.1997e+002
  5.8645e+000

