    0.0496
    1.1471
    1.3204
    0.0387
    0.1030
    5.6786
    0.3622
    0.1223
    0.4870
    2.2484
    0.4036
    0.3478
    5.0523
    0.0503
    0.3947
    0.0531
    0.0269
    0.6855
    0.0445
    0.7089
    0.9941
    0.1670
    0.0065
    0.1762
    0.0655
    0.3524
    4.6026
    0.8719
    1.6823
    0.2069
    0.1638
    0.8146
    1.0610
    0.3474
    0.2899
    0.0302
    0.3550
    0.4428
    0.1638
    1.1913
    2.8313
    0.2480
    0.1180
    0.3173
    1.2227
    0.3724
    1.0809
    0.3270
    0.2217
    0.5120
    0.0047
    0.0957
    0.9630
    0.2533
    0.7093
    2.2627
    1.9358
    5.9417
    1.2477
    0.2962
    0.0360
    0.9630
    1.6451
    0.0597
    0.6543
    0.4936
    0.4252
    0.3603
    0.1071
    0.4201
    2.9855
    0.6067
    0.0940
    0.0442
    0.7868
    0.5144
    0.6765
    1.4873
    0.1603
    1.3882
    0.0397
    0.8583
    0.5042
    0.0998
    0.5086
    0.1406
    0.5363
    0.2369
    9.4697
    0.4506
    0.6117
    0.0687
    0.3120
    0.4756
    0.0208
    0.2692
    0.2970
    0.2675
    0.3108
    1.0500
    0.1490
    0.1336
    4.7202
    0.5228
    0.1656
    0.0741
    2.8305
    0.2796
    0.2441
    0.6676
    0.2576
    1.7088
    0.0022
    0.8497
    0.5116
    1.1540
    1.0508
    0.2434
    0.2417
    0.2945
    0.9127
    0.6840
    0.0425
    0.4557
    0.4062
    0.1368
    0.2682
    0.2745
    0.0948
    0.1645
    0.0875
    1.2655
    0.1207
    0.0782
    0.1165
    1.7894
    0.4971
    0.0795
    0.1638
    0.0912
    0.6132
    0.0562
    0.0661
    0.3408
    9.1288
    0.0647
    0.0222
    0.5243
    0.9754
    0.2161
    0.1354
    7.9716
    0.4675
    0.3684
    0.1852
    0.1655
    0.4247
    0.1061
    0.4877
    0.1504
    0.1402
    7.2833
    0.1591
    1.2787
    0.3896
    0.9608
    2.5541
    0.0760
    0.8313
    0.7908
    1.0332
    1.8641
    0.4524
    0.1600
    1.2523
    4.9605
    0.0550
    0.2068
    0.0904
    0.2813
    3.3166
    3.1742
   15.9571
    0.1268
    3.3785
   11.4800
    0.1270
    0.5122
    0.6462
    0.5654
    0.8589
    1.9402
    2.3376
    0.1394
    0.2646
    0.7217
    0.4113
    0.0857
    0.1149
    0.4168
    0.1423
    0.0205
    0.1627
    0.4774
    1.7518
    0.2426
    0.2881
    0.1110
    0.0272
    0.0178
    1.5179
    0.8848
    2.4899
    0.3826
    0.1830
    4.3134
    0.1313
    0.0101
    0.1026
    0.0818
    1.1964
    0.1964
    4.1724
    4.8783
    0.1802
    0.9474
    0.7628
    0.2455
    0.6424
    0.2466
    0.1218
    0.0879
    0.1224
    0.1660
    0.0198
    0.1979
    0.0681
    0.4889
    0.3384
    0.2510
    0.1036
    1.1665
    0.0147
    0.4946
    0.3858
    0.8099
   24.7521
    0.5258
    0.3236
    1.6415
    0.7647
    0.0404
    0.3480
    0.2457
    0.0793
    0.6170
    0.1358
    0.0377
    0.8573
    0.3835
    6.2612
    1.5746
    1.3123
    0.7382
    0.0356
    0.4737
    0.3560
    0.0414
   10.6911
    0.2275
    5.6150
    0.3816
    0.0101
    1.2936
    0.0307
    2.3180
    2.6569
    0.0045
    0.0176
    0.0180
    3.6442
    6.2513
    0.0693
    0.3005
    0.8438
    9.1744
    0.3331
    0.9341
    0.6231
    0.4762
    0.0043
    0.0399
    0.7387
    0.1888
    0.0508
    0.1342
    0.4637
    0.1623
    0.2237
    0.4244
    0.1208
    0.1149
    0.1337
    0.1227
    0.7326
    0.0946
    0.0501
    0.1830
    0.2256
    1.0945
    0.4053
    5.6375
    1.0904
    0.0993
    0.3451
    0.0247
    0.6849
    0.0071
    1.2691
    0.4539
    0.2267
    0.3122
    0.8746
    0.0850
    0.0048
    0.0528
    0.0956
    2.4228
    0.2692
    0.9373
    0.1003
    0.0560
    0.2702
    0.6979
    0.3267
    2.7951
    0.0916
    0.1660
    0.0923
    0.0751
    0.7009
    0.1504
    0.1972
    1.6606
    1.3443
    0.0942
    0.5167
    1.0102
    0.0015
    0.1518
    0.6508
    0.4999
    1.3902
    0.4950
    0.2525
    0.2053
    0.4046
    0.1362
    1.5866
    0.4393
    0.4813
    3.8477
    0.0015
    3.2918
   11.4676
    1.0402
    0.8051
    1.1062
    4.6605
    0.0723
    0.0199
    0.3457
    0.6366
    0.1603
    0.1647
    7.0280
    0.5075
    0.1306
    0.4997
    1.3296
    1.9446
    0.0642
    0.5076
    0.1176
    0.3883
    0.5868
    4.5367
    0.0840
    0.5727
    1.0754
    0.0741
    0.0993
    1.3325
    0.6383
    1.1004
    0.1753
    0.0089
    0.0719
    0.1557
    0.7204
    0.4543
    0.3633
    0.1076
    0.9561
    1.0958
    0.0925
    0.2095
    0.2021
    0.4256
    0.9959
    0.5750
    0.1282
    0.4055
    1.0831
   11.7145
    0.1634
    4.1299
    0.2016
    0.0786
    0.6307
    0.1839
    0.6251
    0.6731
    0.1639
    0.7112
    1.0790
    0.1651
    0.8622
    0.4912
    0.3899
    1.9848
    3.1188
    0.1374
    0.3245
    3.2332
    0.1379
    0.2336
    0.1705
    0.0321
    0.2366
    1.4883
    0.6132
    0.1034
    5.9702
    1.2257
    1.1967
    0.3347
    0.3186
    1.3579
    0.2899
    3.9830
    0.1809
    0.3941
    0.0501
    0.4951
    0.1558
    0.3589
    0.3733
    0.0100
    0.1264
    0.1343
    0.1587
    0.0480
    0.1514
    1.4597
    0.0140
    0.0967
    3.4440
    0.2627
    1.3150
    0.9799
    2.3477
    0.1374
    0.3414
    5.3414
    1.1545
    0.3186
    0.3318
    3.0807
    0.1571
    0.6992
    0.5009
    0.1499
    0.0556
    0.2375
    0.4933
    0.7240
    0.1273
    0.2863
    0.0174
    0.8734
    0.1198
    0.3675
    0.7972
    2.2610
    0.7484
    0.7818
    0.5867
    0.1861
    0.1966

