   0.6966
   0.6624
   0.6535
   0.6030
   0.3033
   0.5459
   0.9100
   3.2426
   2.4040
   1.1255
   0.3435
   0.8302
   1.1818
   0.4909
   0.8798
   0.7016
   0.5070
   0.7204
   2.3454
   0.7483
   1.3566
   0.9374
   0.9872
   0.4540
   0.4596
   0.5218
   0.6068
   0.4185
   1.2926
   0.9532
   1.2137
   1.3029
   0.8612
   0.4852
   0.3177
   0.9623
   0.5356
   1.9099
   1.5736
   0.3664
   0.8016
   1.6617
   0.5051
   1.4766
   1.2886
   0.5399
   1.8288
   0.4298
   0.9056
   0.1596
   1.1167
   1.5323
   1.1980
   0.5986
   1.4396
   1.0290
   0.7641
   0.9389
   0.6134
   2.0523
   0.9443
   0.7210
   1.0929
   1.3206
   0.8587
   0.8169
   0.3774
   0.8929
   0.9331
   0.4351
   0.8784
   2.8121
   1.7219
   0.9200
   1.1924
   0.8498
   0.5994
   1.5702
   1.3578
   0.9706
   0.3480
   1.1208
   1.0063
   0.9320
   0.9093
   1.6093
   1.0094
   0.4193
   0.8377
   1.9857
   0.7933
   0.5557
   0.9385
   1.9011
   1.0586
   3.0998
   0.4004
   0.9942
   2.7608
   0.9264
   0.7998
   1.1594
   1.2420
   1.0373
   0.6029
   1.6066
   0.6970
   0.9425
   0.1047
   1.3450
   0.4439
   0.7236
   0.7092
   1.8930
   0.8318
   0.5352
   0.4398
   1.5219
   0.7133
   1.0370
   0.2145
   0.3877
   0.6635
   0.2726
   2.4109
   1.1378
   0.8913
   0.7809
   0.8796
   1.7756
   1.2190
   0.5819
   0.9477
   2.0466
   0.8542
   0.5115
   1.6335
   1.0319
   0.5414
   0.6823
   0.4537
   1.6417
   0.6508
   0.7128
   0.3018
   0.3815
   1.1165
   0.7855
   0.5283
   1.9281
   0.5840
   0.8436
   0.6647
   0.2991
   0.6884
   0.5344
   0.7761
   1.3224
   0.8371
   1.0603
   0.7366
   1.4536
   0.5305
   0.3348
   2.2190
   0.4233
   2.0661
   0.9399
   0.4658
   0.1259
   1.3040
   0.6106
   0.3981
   1.0107
   0.3992
   1.5189
   0.6760
   1.3875
   0.4105
   0.9176
   0.8093
   0.7551
   0.5661
   0.5542
   0.5056
   2.2490
   0.3293
   1.3051
   1.3007
   0.7043
   0.5663
   0.1940
   1.2459
   0.5978
   0.8645
   1.0843
   1.4995
   0.2315
   1.9063
   0.6113
   2.7166
   0.2650
   0.1904
   1.8164
   0.9606
   0.2819
   0.7769
   0.1097
   1.0731
   1.7959
   2.0212
   0.8487
   0.9025
   0.1831
   2.4162
   2.1460
   0.6312
   0.9256
   0.6749
   0.9710
   0.4154
   0.2610
   0.6221
   0.2839
   1.3106
   1.0774
   0.8315
   0.6106
   0.8546
   0.7483
   0.7306
   0.9237
   0.6298
   1.2796
   0.8354
   1.2497
   0.5340
   0.6667
   0.5662
   0.4622
   1.9586
   1.6179
   0.7633
   0.2530
   1.1093
   1.9962
   1.4462
   0.7698
   0.3785
   2.4985
   0.7031
   0.9530
   0.4931
   1.4678
   0.7851
   2.3952
   0.6338
   0.8917
   0.3182
   0.6533
   1.3936
   3.3290
   0.9044
   0.7134
   1.0453
   1.2198
   0.7407
   1.0479
   0.9507
   1.8137
   1.5238
   0.6311
   0.9363
   0.7351
   0.6991
   1.1500
   0.6962
   1.0543
   0.7890
   1.5038
   0.4140
   0.7033
   0.5097
   0.1705
   0.7105
   0.4354
   0.7238
   0.1967
   0.3210
   0.8486
   0.9729
   0.9864
   3.5158
   0.3619
   0.9858
   0.9722
   0.9137
   1.0181
   0.7214
   0.3486
   0.8814
   0.5932
   0.5605
   0.7693
   0.4309
   3.2966
   0.1961
   0.9837
   0.3672
   0.5341
   0.8645
   0.7997
   1.6296
   0.5453
   2.3722
   0.5347
   0.3107
   0.5858
   1.0019
   2.0539
   2.1208
   1.0068
   0.7569
   1.2888
   1.7115
   0.8349
   2.8748
   0.7687
   0.5753
   0.9944
   0.4327
   1.3668
   1.0001
   0.2874
   0.3849
   0.3437
   1.4768
   2.3366
   0.5175
   0.5802
   1.5500
   0.5917
   1.5989
   0.9594
   0.6807
   0.9377
   0.9903
   2.7453
   1.9591
   0.9458
   0.7550
   2.7573
   0.9728
   0.9874
   0.4712
   0.2341
   1.7464
   1.3069
   2.4289
   0.7855
   1.5533
   0.7120
   0.6867
   0.6130
   1.3082
   1.7778
   1.5827
   0.7114
   1.1681
   0.7011
   0.3532
   0.5380
   1.1987
   1.2118
   0.5822
   0.7962
   0.9329
   0.2054
   1.0925
   0.3471
   0.4526
   0.5036
   1.4169
   0.5486
   1.4240
   2.7803
   0.4054
   1.7232
   0.4568
   1.0670
   2.0032
   1.4929
   1.2114
   0.6569
   1.2025
   1.8561
   1.1494
   0.7057
   0.9471
   2.6913
   0.5662
   0.7354
   0.8017
   0.6568
   0.4053
   0.7919
   1.7323
   1.1808
   0.3159
   1.2233
   0.9263
   0.4982
   0.5729
   0.5180
   0.4282
   0.2152
   1.4669
   0.6761
   0.4065
   0.9359
   1.3350
   2.0414
   1.1610
   1.1074
   0.6815
   0.5970
   1.9467
   0.5296
   0.3122
   0.9396
   0.5966
   0.7309
   2.5316
   1.1484
   0.9862
   0.3349
   1.3806
   1.1447
   1.7528
   0.6439
   0.5349
   0.7994
   2.7294
   0.8053
   2.4616
   1.3688
   0.5783
   1.5315
   0.5068
   0.3966
   1.4148
   0.5590
   0.8178
   0.3699
   0.8725
   1.0652
   0.4856
   2.7673
   1.2283
   0.6578
   0.2948
   0.4723
   1.9089
   0.7836
   0.4490
   0.9939
   0.2703
   1.0723
   3.7717
   0.6426
   1.2239
   0.8110
   0.8718
   0.8493
   0.5989
   1.0082
   2.5735
   0.4064
   0.3630
   0.9373
   1.3863
   0.7634
   0.7211
   1.6990
   1.6914
   0.6185
   1.8476
   1.9821
   1.9377
   0.9456
   1.1638
   0.8358
   0.5760
   0.7924
   1.0886
   1.1489
   2.0651
   1.5220
   0.6450
   0.9870
   0.6508
   0.1239
   0.3210
   0.5925
   0.7067
   0.6924
   1.3362
   1.0804
   1.3310
   1.1764
   0.9237
   0.8064
   1.3236
   0.3841
   0.5027
   0.7464
   0.8761
   1.3450
   0.7458
   1.0832
   0.1861
   0.4069
   2.0391
   0.4434
   2.8799
   0.8507
   0.9898
   1.4296
   1.2166
   1.2854
   1.4680
   0.4656
   0.7264
   1.5439
   1.1549
   0.4299
   1.7406
   2.7252
   0.9071
   1.5419
   0.2369
   0.8612
   0.6224
   0.4804
   0.9163
   0.8547
   1.6332
   0.8067
   0.6806
   0.3485
   0.9801
   0.2720
   1.0152
   1.1178
   0.7491
   1.0548
   0.5174
   0.4171
   0.6643
   3.1793
   0.8353
   1.9674
   1.0112
   1.3507
   0.3756
   0.7032
   1.3620
   0.2779
   0.3958
   0.7925
   0.7827
   1.2695
   1.3028
   0.6622
   2.4239
   0.3945
   1.3380
   0.2676
   0.7981
   0.3006
   1.1393
   0.5156
   0.5903
   1.3503
   1.1603
   1.7937
   0.8436
   0.5587
   0.9725
   0.2359
   1.2439
   0.9255
   0.3843
   0.2647
   0.3819
   1.3774
   0.6591
   1.5373
   1.3023
   0.8234
   0.6248
   0.2777
   2.2424
   0.9774
   0.5698
   0.6752
   0.8862
   0.5393
   0.8562
   0.4002
   1.2846
   0.5719
   1.2976
   1.4144
   0.5849
   0.9973
   0.7072
   1.3141
   0.5958
   1.4661
   1.3186
   0.5409
   1.3854
   0.5180
   1.1005
   0.4389
   0.8567
   1.3145
   0.8006
   0.5307
   0.6992
   1.2868
   1.8154
   0.6310
   1.4476
   0.4304
   1.7574
   0.8264
   1.3079
   1.0546
   0.9137
   0.8979
   1.1890
   2.2106
   0.5367
   1.3900
   1.5998
   0.2675
   0.9265
   0.6180
   0.7301
   0.3438
   0.4915
   0.7037
   0.1289
   0.2040
   1.0765
   0.5834
   1.9786
   0.3280
   0.6284
   0.6166
   1.5446
   0.9090
   1.1247
   0.4820
   0.5196
   1.4079
   1.7263
   0.4581
   1.1079
   0.2060
   0.6889
   0.2186
   0.8006
   1.2208
   1.3310
   1.5934
   1.3595
   1.5427
   1.3449
   0.6864
   1.3730
   0.3129
   0.4914
   1.4900
   0.5303
   1.7429
   0.8111
   0.7761
   0.3338
   0.3835
   0.8016
   0.4530
   0.2960
   0.6783
   2.7831
   0.2953
   0.7134
   1.8823
   0.8227
   0.9902
   1.2351
   0.2801
   0.9132
   1.1414
   0.7952
   0.7221
   0.7381
   0.5570
   0.7383
   1.1970
   0.3538
   0.8982
   0.4546
   3.1292
   0.5217
   1.1523
   0.3577
   0.7207
   1.3998
   0.6064
   1.1669
   1.7164
   0.5369
   1.1254
   2.1183
   1.7020
   2.9532
   1.1866
   2.8236
   0.8168
   0.8749
   1.3609
   1.0750
   0.8107
   0.6732
   0.3600
   0.7003
   0.5287
   0.6800
   0.5221
   0.6561
   1.1921
   0.5930
   1.7933
   1.4166
   0.3350
   1.1333
   0.2398
   1.0603
   4.5985
   0.9449
   0.7240
   1.3253
   2.0397
   1.1514
   0.6543
   1.1869
   0.7663
   0.2858
   0.5377
   1.5353
   1.6003
   0.7982
   0.7435
   1.2030
   0.8970
   0.6332
   0.6675
   0.4708
   2.8830
   0.6022
   0.8378
   0.8578
   0.4249
   1.1177
   0.2738
   1.4758
   1.5910
   0.1729
   1.2387
   1.2322
   0.5677
   0.3080
   0.9698
   1.4732
   0.6562
   1.2274
   1.4802
   0.5647
   0.6053
   0.9597
   0.6621
   1.0444
   0.8064
   1.1887
   0.7117
   0.1936
   0.3376
   1.7307
   0.4726
   1.0941
   0.4345
   0.4401
   0.9024
   0.3965
   0.5872
   0.9058
   1.0965
   0.2872
   1.1284
   1.0268
   0.5840
   1.0278
   0.4468
   0.7945
   0.5422
   1.6946
   0.7220
   0.6503
   0.9362
   0.4749
   0.5777
   2.1205
   0.2621
   0.9091
   1.2100
   0.8649
   0.1653
   0.3581
   0.5582
   0.7341
   1.8988
   0.5251
   0.5345
   1.1565
   1.0423
   1.2170
   3.5929
   0.8548
   1.2380
   1.4069
   0.7904
   0.5666
   0.6992
   1.5479
   1.8605
   0.4812
   0.9083
   1.1044
   0.7646
   1.7395
   2.0203
   2.0235
   1.0213
   0.6368
   1.1696
   0.8095
   0.5577
   2.0839
   0.8075
   1.1560
   1.9872
   0.3728
   1.8941
   1.8727
   1.4177
   0.8332
   0.7177
   0.9261
   1.0060
   1.9747
   1.2322
   2.0994
   0.8262
   1.0588
   1.1815
   1.4320
   2.1346
   0.7328
   1.2646
   1.2498
   0.7641
   2.2206
   0.5221
   0.5170
   1.4480
   1.5957
   0.8092
   0.3639
   0.6216
   1.1541
   0.7037
   0.6773
   1.6595
   0.9364
   0.6339
   1.2948
   0.7607
   0.7906
   1.3556
   0.1668
   0.8569
   1.6980
   1.0546
   2.0076
   1.7907
   0.6323
   0.5172
   0.7057
   1.2822
   0.6856
   0.6218
   1.7595
   0.7568
   0.7470
   0.9383
   1.6941
   1.0161
   0.6726
   0.1912
   0.6702
   0.7143
   0.5196
   0.7172
   0.3516
   1.8400
   1.9297
   0.2090
   0.6546
   2.4417
   0.7518
   0.3752
   1.0720
   2.3565
   0.7855
   0.5270
   2.0909
   0.9681
   0.6109
   0.5868
   1.0013
   0.9449
   0.8164
   0.5583
   3.6860
   0.7416
   0.7846
   0.8707
   0.8739
   1.0649
   1.3822
   1.6504
   1.3798
   2.2547
   0.6935
   1.2932
   0.9468
   0.7928
   0.8270
   1.2627
   0.7502
   1.9112
   1.0644
   1.7263
   1.2491
   1.0269
   1.2155
   0.6959
   2.6149
   0.5604
   0.4589
   1.2609
   0.7195
   0.6628
   0.4908
   0.7534
   0.3765
   0.6105
   0.9603
   0.4066
   0.8703
   1.0934
   0.7326
   0.3449
   2.1227
   0.3390
   0.2610
   1.1934
   1.0596
   1.2090
   0.3452
   0.6281
   0.8204
   0.3386
   1.9808
   1.3974
   1.4025
   0.5705

