   2.1044
   1.1178
   0.8788
   1.0692
   0.8137
   1.0126
   1.8923
   1.8740
   1.3082
   2.2490
   0.3283
   0.4555
   1.2021
   1.0806
   0.6730
   0.9810
   0.7569
   1.9939
   0.5847
   0.4763
   1.0122
   1.4325
   0.9651
   0.6451
   0.3585
   1.2316
   0.8661
   0.2491
   0.5470
   0.4817
   1.7680
   1.6469
   0.6838
   0.6336
   0.8492
   0.2145
   0.4833
   0.7479
   1.6699
   1.1236
   0.3535
   0.8790
   0.8063
   0.5632
   0.3857
   0.9433
   1.4306
   1.9764
   0.8544
   1.0691
   0.4467
   1.3148
   0.6897
   0.3710
   1.1400
   1.4273
   0.7184
   1.3459
   0.5918
   0.6122
   2.0042
   0.7062
   0.3909
   1.2504
   2.1182
   0.3473
   0.3583
   2.5912
   1.1637
   1.0850
   0.5327
   0.9137
   0.5666
   0.5897
   1.4596
   0.6064
   0.4311
   1.5721
   0.8198
   0.6199
   1.6159
   0.5463
   1.1138
   1.4802
   0.6061
   1.4967
   1.2099
   0.4229
   0.8806
   0.7425
   2.0906
   1.5961
   2.3474
   0.4194
   0.8888
   0.7672
   1.3830
   0.7317
   1.1560
   1.9054
   0.6551
   0.4320
   0.6160
   0.1507
   1.5691
   0.9128
   1.4268
   0.3594
   0.5708
   0.5567
   1.0952
   1.1953
   0.8300
   0.6214
   1.0423
   0.4460
   0.5729
   0.9745
   0.9150
   0.4282
   1.3511
   0.8892
   1.4615
   1.1756
   0.9854
   0.3634
   0.6312
   1.3369
   1.1328
   0.4429
   1.3872
   0.6323
   1.1099
   2.4345
   0.8901
   1.2229
   0.3974
   0.2152
   0.7385
   1.0999
   0.5745
   0.7393
   2.3012
   0.5329
   0.9980
   0.8870
   1.3358
   0.4772
   0.9046
   0.6866
   2.0769
   1.8898
   0.6386
   1.1818
   1.6126
   0.9820
   0.7596
   0.8006
   1.1026
   0.5493
   1.0056
   0.7105
   2.5069
   1.9311
   1.5291
   1.4772
   1.1036
   1.2350
   0.7867
   0.7862
   0.5188
   0.8463
   1.2907
   0.4031
   0.3930
   1.8997
   0.8859
   0.6179
   1.2839
   0.4329
   1.4285
   0.9613
   1.4676
   0.7342
   0.7209
   1.1725
   0.7602
   1.3918
   0.6012
   0.8938
   1.9989
   0.6468
   0.8954
   0.9499
   0.6939
   1.5573
   1.0786
   1.6476
   0.8412
   0.4089
   1.1453
   1.4134
   0.9757
   2.6784
   1.5745
   0.5058
   0.9604
   0.9925
   1.5937
   0.4106
   0.6630
   1.4945
   1.2303
   0.5524
   1.3922
   0.5526
   0.9004
   1.2269
   0.6179
   1.6723
   0.5532
   2.0715
   0.7713
   0.8348
   1.1265
   0.8400
   0.4574
   1.0614
   1.5330
   1.0953
   0.8574
   0.8090
   1.2767
   0.8972
   1.0584
   0.4086
   0.6370
   1.0956
   1.2642
   0.3557
   1.1806
   0.6180
   0.6494
   2.3308
   0.3811
   1.2274
   0.8958
   2.1582
   0.1592
   1.0421
   1.2443
   1.5170
   1.2494
   0.8649
   1.5604
   0.4023
   1.2320
   1.0736
   0.7299
   0.2722
   0.4901
   1.0158
   2.0220
   1.3385
   1.9564
   0.9756
   1.6249
   1.4062
   0.7899
   1.0315
   1.4459
   1.2161
   1.6517
   0.8077
   1.0124
   0.7753
   1.3892
   0.6354
   1.4651
   0.7758
   0.7052
   0.2124
   1.0297
   1.9555
   0.5011
   0.6089
   0.6004
   0.2955
   0.5517
   0.9830
   1.6084
   1.3668
   1.4572
   1.8277
   1.4863
   1.4149
   1.5435
   0.3265
   1.0272
   0.2868
   1.6881
   1.3469
   1.7564
   1.5050
   0.2739
   1.2189
   0.3976
   0.5967
   0.7189
   0.3450
   0.7485
   1.0869
   2.2702
   0.6000
   1.2854
   1.8786
   1.0741
   1.3436
   0.6576
   1.4695
   1.0155
   1.4868
   1.0280
   0.3631
   0.4809
   0.2195
   0.4596
   1.6619
   1.6448
   1.1659
   1.2884
   1.2415
   1.1469
   0.2491
   1.3833
   0.4624
   2.0758
   0.6498
   0.7899
   1.5955
   0.9304
   0.2750
   1.4068
   1.6783
   1.1106
   1.5491
   0.9539
   1.0917
   1.0158
   0.5791
   0.7257
   1.1248
   1.6488
   0.2839
   1.3686
   0.3930
   0.9619
   1.9872
   0.5019
   1.0783
   0.6729
   1.1984
   0.4292
   0.6537
   1.3673
   1.4194
   2.0557
   0.6073
   0.1950
   0.6679
   0.6655
   0.9758
   0.5458
   1.0224
   0.6856
   1.1210
   1.2181
   0.7665
   0.8810
   0.3606
   1.8645
   0.5976
   1.3573
   0.3571
   0.6406
   0.9765
   1.1587
   1.0069
   0.9145
   0.6333
   0.7341
   0.5984
   1.8915
   0.5358
   1.6732
   0.9399
   1.6566
   0.7539
   0.3124
   1.4474
   0.8950
   0.7588
   0.6039
   1.1642
   0.8257
   0.8100
   0.6428
   0.9738
   1.2733
   0.3919
   1.5246
   0.5941
   0.2843
   0.7490
   1.2825
   0.8572
   0.3964
   0.9730
   0.6876
   1.1313
   1.1577
   0.4062
   1.0792
   1.6717
   0.3338
   1.6241
   0.8642
   1.2699
   1.1070
   0.7508
   0.4766
   1.3803
   1.7703
   0.8443
   1.5021
   1.6058
   0.7726
   0.3976
   1.1530
   1.3786
   0.9759
   0.7359
   1.4467
   1.6273
   0.4610
   1.3265
   1.2498
   0.8441
   1.1977
   0.9279
   0.3089
   0.5249
   0.3662
   0.4591
   0.3387
   1.4483
   0.5971
   0.9151
   1.0545
   0.6605
   0.7328
   0.5074
   1.1644
   0.6392
   0.6306
   1.1194
   0.3925
   0.8851
   1.2844
   0.7429
   1.5456
   1.2703
   0.3754
   0.6339
   2.5138
   0.1507
   0.3688
   0.7839
   0.9603
   2.3006
   0.5147
   1.4185
   1.3842
   0.7680
   0.3375
   0.2839
   1.8076
   0.4255
   0.8373
   1.6575
   0.7951
   0.3105
   0.7565
   0.4921
   0.8635
   0.2421
   0.9982
   0.6390
   1.2630
   1.5469
   1.8858
   1.0485
   0.8126
   0.7520
   0.6350
   0.4303
   0.8932
   1.4349
   0.1670
   1.1219
   0.8091
   0.8023
   0.2612
   0.5282
   0.2461
   0.9641
   0.8955
   0.5013
   0.5935
   0.8876
   1.4550
   0.9885
   0.3709
   1.2409
   1.5632
   0.9043
   0.5001
   1.3807
   0.8225
   1.0683
   0.9140
   0.9955
   0.6334
   0.7999
   0.9494
   1.4269
   1.0319
   1.2132
   1.8348
   0.8876
   0.6425
   1.5099
   0.6768
   1.5625
   0.2731
   0.7512
   0.6020
   0.8960
   0.9584
   1.1091
   1.3737
   1.9832
   0.8837
   1.1568
   1.0098
   1.1224
   0.8365
   0.5674
   0.6856
   1.6969
   0.7320
   1.0185
   0.7077
   0.6386
   0.5603
   1.3386
   1.0604
   0.5891
   0.6539
   1.1445
   0.9132
   0.4974
   2.0372
   0.6724
   0.3651
   0.3566
   0.9844
   1.1446
   0.5076
   1.0459
   0.8142
   0.5496
   0.8783
   0.6953
   0.4490
   1.0657
   1.5677
   0.8130
   0.7803
   0.8339
   1.7481
   1.0076
   1.0064
   0.5913
   0.5692
   0.5424
   1.3460
   0.6908
   1.4449
   0.8740
   0.6785
   0.6568
   0.4172
   1.1049
   0.2062
   0.4269
   0.4987
   1.4707
   0.7757
   1.1124
   0.3593
   0.3497
   2.6632
   0.6348
   1.3975
   1.5130
   0.3804
   0.9515
   0.4894
   1.5297
   1.3690
   0.4304
   0.3758
   0.9984
   1.2403
   0.4521
   0.6915
   0.5661
   0.9078
   0.7539
   1.0965
   1.8245
   0.6404
   1.0876
   1.1922
   0.3746
   0.2717
   0.5370
   1.5982
   0.4588
   0.4039
   1.2910
   0.5018
   0.4051
   0.5305
   0.8874
   1.1451
   1.0749
   0.3364
   1.2171
   1.1135
   1.0683
   1.5981
   0.3838
   0.7991
   0.8161
   1.2874
   1.1221
   0.7394
   0.5667
   0.5223
   1.6000
   1.6845
   1.6830
   1.2913
   0.4023
   0.4826
   0.5947
   0.9933
   0.3544
   0.3539
   1.8399
   0.8934
   0.4124
   2.0464
   0.8678
   1.2178
   0.3640
   0.7953
   0.4076
   0.6476
   1.0752
   0.9446
   1.2742
   0.7677
   1.7092
   0.8630
   0.5426
   0.2949
   0.6725
   0.6479
   0.2231
   1.5328
   1.0294
   0.6557
   0.4396
   1.0685
   0.4937
   1.3462
   1.7913
   1.2189
   0.4130
   1.4094
   1.2368
   1.9613
   1.2908
   1.1601
   0.3242
   0.9571
   1.4072
   1.1625
   0.4540
   1.1411
   1.1880
   0.7180
   0.5898
   1.2638
   1.8037
   0.6309
   1.3478
   1.4583
   1.0373
   1.0477
   0.5091
   0.7613
   0.4924
   1.2478
   1.0151
   0.6409
   1.7063
   1.4189
   0.7837
   1.5446
   1.1219
   2.2776
   1.5943
   0.5488
   1.4936
   0.8426
   0.9869
   0.6288
   1.8761
   0.6520
   0.7228
   2.0751
   1.7058
   0.6360
   0.7074
   0.9207
   0.5671
   0.7013
   0.7109
   0.5772
   1.2056
   2.3327
   1.4060
   1.5651
   1.2638
   1.4610
   0.8685
   3.2729
   0.4136
   0.2629
   1.0471
   1.7379
   1.7957
   0.7350
   0.7961
   1.3540
   0.7571
   0.9155
   1.0090
   0.3378
   0.9544
   0.7246
   0.5991
   0.7984
   0.4189
   0.7062
   0.7522
   1.0704
   0.6786
   1.3373
   0.9147
   0.7411
   1.4180
   0.7171
   1.3536
   1.3609
   1.1533
   1.6144
   0.7136
   1.1053
   1.2016
   0.8772
   0.7625
   0.6582
   0.5698
   1.3314
   0.4814
   1.9992
   0.8891
   1.1112
   0.9912
   0.4911
   1.5992
   1.4431
   1.4611
   0.5404
   1.3604
   0.8749
   0.7639
   1.7158
   0.7517
   1.0224
   1.4188
   0.9261
   1.2802
   0.4380
   0.5375
   1.6637
   0.6885
   2.1241
   0.3717
   1.3321
   1.5002
   1.1715
   1.3103
   0.7260
   0.7774
   1.0401
   0.5186
   1.0057
   1.2251
   0.9017
   1.0867
   0.8858
   1.4720
   2.0814
   1.2541
   0.8144
   0.5515
   0.6160
   1.3240
   0.4745
   0.6813
   0.3137
   1.3813
   1.9789
   0.4339
   1.0193
   2.8732
   1.4902
   0.6438
   2.4982
   0.7891
   0.8391
   1.4082
   0.3602
   1.1170
   0.2986
   1.5297
   0.3723
   0.9281
   0.9946
   0.4343
   1.5547
   0.7087
   0.7566
   1.4762
   0.5410
   0.6806
   2.1986
   0.6462
   0.7733
   1.3641
   1.0434
   0.8069
   0.4316
   0.9096
   2.2873
   0.6024
   0.6353
   1.2140
   1.7023
   0.9040
   1.0973
   0.4394
   0.6601
   0.5697
   1.1957
   0.7958
   0.7938
   0.4892
   1.1774
   0.4502
   0.9915
   0.4711
   1.6061
   1.6706
   1.0794
   1.6947
   0.5087
   0.9651
   0.4469
   1.7426
   1.6144
   0.4847
   0.9276
   0.9227
   2.2151
   1.9223
   0.4920
   1.4004
   1.5049
   1.2318
   0.8482
   0.2022
   1.0575
   0.6910
   0.4365
   1.2291
   0.3945
   1.0872
   2.0983
   0.3814
   1.3313
   0.5628
   0.9405
   0.4297
   0.9284
   1.3917
   1.0936
   1.6965
   0.5457
   1.0087
   0.7703
   0.6793
   1.7795
   3.5310
   1.5215
   0.2128
   0.9550
   1.0717
   1.2174
   0.8442
   0.5743
   0.8743
   1.0857
   0.5940
   0.5987
   1.5843
   1.4672
   0.3548
   1.7821
   1.1754
   0.8848
   0.7634
   0.7119
   1.0950
   1.2390
   0.9320
   1.1158
   1.5117
   0.8754
   1.1397
   0.6793
   1.9736
   0.8401
   1.0256
   2.5568
   1.6962
   0.7235
   1.4821
   1.6622
   1.1937
   0.8633
   0.7349
   0.8128
   0.8895
   0.5189
   1.0793
   0.6330
   0.5730
   1.1850
   0.8771
   1.5141
   2.7765
   0.5837
   0.8608
   0.7757
   1.4661
   1.0020
   1.8874
   0.6990
   1.6221
   1.0396
   0.3749
   0.8065
   0.8239

