   1.0076
   0.1976
   2.6558
   0.2951
   1.1133
   1.2835
   1.5989
   0.3477
   0.0899
   0.7972
   0.0290
   0.0520
   0.0474
   0.2069
   0.4821
   0.3615
   1.0822
   0.0155
   1.3055
   0.0190
   0.0012
   1.0329
   0.0687
   0.3974
   1.1109
   0.3134
   0.7199
   3.5692
   0.3234
   0.5648
   1.6326
   0.2579
   0.4117
   0.0984
   0.9114
   0.6478
   0.7219
   0.0248
   0.2695
   0.3812
   0.7605
   0.6974
   1.5541
   0.3049
   5.0513
   0.5574
   0.9484
   0.4372
   0.3050
   2.4061
   0.3113
   2.1910
   1.4439
   0.5251
   0.9469
   1.4327
   0.0287
   2.1351
   0.0503
   0.4769
   1.0967
   1.3390
   0.2224
   1.0663
   2.3773
   1.1448
   0.4989
   0.7748
   0.4182
   1.6763
   0.5021
   0.9858
   1.6933
   0.3150
   0.4656
   0.0813
   1.1758
   1.1601
   0.6016
   0.6707
   0.8766
   0.0335
   0.0167
   0.0387
   3.5183
   2.1967
   1.6525
   0.1987
   0.8513
   0.2029
   1.4505
   2.1985
   0.1740
   2.7773
   0.1486
   0.2690
   0.6390
   1.1422
   3.4045
   1.6342
   0.3790
   1.3633
   1.4482
   0.6793
   0.3153
   1.2573
   0.7487
   1.8867
   0.8585
   0.9154
   1.4363
   2.2763
   0.4596
   0.6129
   0.8110
   2.5070
   0.5250
   0.6462
   0.2466
   1.2066
   1.5109
   0.9973
   0.2053
   1.1981
   0.4617
   1.0274
   1.0429
   0.8942
   0.4735
   1.3450
   1.0495
   0.5568
   0.2935
   0.7557
   0.1725
   1.0429
   0.6137
   1.2045
   0.5739
   0.3897
   0.5766
   0.1150
   0.0239
   0.8700
   0.0869
   0.4236
   1.6278
   0.3437
   2.0532
   0.3272
   0.4642
   2.3030
   0.6707
   0.1923
   1.4057
   0.4780
   0.8363
   0.1886
   0.0236
   0.8018
   0.9154
   0.1963
   0.1146
   0.1910
   2.0260
   1.3997
   0.3533
   1.3162
   0.2736
   2.2503
   0.0423
   2.0653
   0.2635
   0.3664
   0.5919
   0.7405
   0.4616
   0.0433
   0.3737
   2.7759
   2.8968
   1.4414
   0.0273
   0.4573
   1.2086
   2.2232
   0.3129
   0.2503
   0.3790
   0.6956
   0.0004
   2.5240
   0.7148
   0.1491
   0.2853
   0.1245
   0.5932
   0.1332
   0.5341
   0.3696
   0.0418
   3.6174
   0.5486
   0.6567
   0.9699
   0.4398
   0.3646
   0.0286
   1.6194
   1.0791
   0.8621
   3.6176
   0.0062
   0.3813
   0.5109
   0.0614
   0.1909
   0.4233
   0.1074
   0.6649
   0.4925
   0.2314
   0.8925
   3.3123
   0.4034
   0.0397
   0.8996
   1.1692
   2.9604
   0.3682
   1.1535
   0.3360
   2.2038
   4.2568
   2.7959
   0.0888
   0.5192
   0.7997
   0.4787
   0.3793
   0.0859
   1.0431
   0.7001
   0.3283
   2.8761
   2.0657
   0.0114
   0.1279
   0.3800
   0.5864
   1.5892
   0.0017
   0.5216
   0.3729
   1.2780
   0.6345
   2.5007
   2.8917
   0.3482
   0.5535
   0.0864
   1.4895
   0.7557
   0.1508
   0.6244
   2.3876
   3.1374
   0.8263
   0.0298
   1.7607
   2.1572
   0.0682
   0.2015
   2.3585
   1.9249
   2.9214
   0.6428
   0.6516
   1.9866
   0.3404
   0.2624
   1.7887
   1.0335
   2.0899
   2.1909
   0.0714
   1.8019
   0.6557
   0.0413
   1.7956
   1.0178
   2.0709
   0.3254
   0.9195
   0.1439
   0.6694
   0.7352
   0.5649
   1.4268
   0.8556
   1.6035
   0.8930
   1.4806
   0.3600
   0.9061
   0.5449
   1.4239
   0.0054
   0.2808
   2.0735
   0.3021
   0.3890
   0.5783
   0.3146
   0.1362
   2.3775
   0.2595
   0.4674
   0.5333
   0.1584
   2.7770
   0.2555
   0.1932
   0.1067
   2.8003
   0.2105
   3.7564
   5.0104
   2.9393
   0.0829
   0.3751
   1.0046
   1.9206
   0.3702
   0.0168
   0.2401
   0.7622
   0.4654
   0.5752
   0.0668
   0.5087
   0.7406
   5.6561
   0.2040
   0.6374
   0.3982
   0.1266
   0.0213
   0.6475
   1.3116
   0.6875
   0.7317
   1.1823
   1.0974
   0.0953
   0.2253
   0.0696
   1.6045
   0.0281
   0.6225
   0.9315
   1.0809
   0.6154
   1.8863
   0.8344
   0.6808
   0.0795
   0.6859
   1.9569
   0.6205
   0.7624
   1.4325
   0.3200
   0.0730
   0.3985
   2.8565
   0.2723
   1.2643
   0.2831
   0.7368
   0.8956
   0.3234
   3.0887
   0.5172
   1.7125
   0.3297
   0.8838
   1.0928
   0.6028
   0.4061
   0.4409
   0.9565
   0.8480
   0.9608
   0.4453
   0.0551
   1.6639
   0.1898
   0.6642
   1.9923
   1.7956
   1.2949
   3.2441
   1.2449
   0.1849
   0.6053
   0.1749
   1.4379
   0.2062
   0.3879
   0.1509
   0.2716
   0.8171
   0.2058
   0.0190
   1.3298
   0.1151
   1.5815
   0.8659
   1.1494
   0.4900
   1.6299
   1.2764
   4.5577
   3.6540
   0.3492
   0.0249
   0.3322
   4.8219
   1.1412
   2.4928
   1.9264
   0.2688
   1.0766
   0.7886
   1.8800
   0.1173
   1.9846
   3.6901
   1.1074
   3.6778
   2.1492
   0.8412
   0.1917
   0.3796
   2.4377
   0.3906
   0.3265
   0.0402
   0.1905
   0.7638
   1.1322
   3.5803
   0.2860
   0.5343
   0.0568
   2.9859
   0.1771
   0.3975
   0.8969
   0.1125
   3.1880
   0.1604
   0.3106
   2.5490
   0.7919
   0.1397
   0.0015
   0.0510
   0.4242
   0.6851
   0.7594
   0.0070
   0.4697
   0.1685
   1.0104
   2.7974
   0.8729
   0.8184
   1.3150
   3.4953
   1.9229
   0.6851
   0.3003
   1.3278
   0.1403
   1.6807
   5.9913
   0.3336
   0.3660
   1.4706
   0.2217
   1.5843
   2.1884
   1.7969
   2.1530
   1.5475
   0.0505
   1.3519
   1.1561
   0.9833
   1.8572
   0.2268
   0.9153
   0.9422
   1.3612
   0.0008
   0.1672
   0.3433
   2.5972
   3.6957
   2.4368
   1.1676
   0.1268
   0.6554
   2.9630
   3.1997
   1.0517
   0.1432
   1.0805
   0.6666
   0.2567
   0.7528
   2.7182
   0.4839
   0.9591
   0.6496
   0.2810
   2.6708
   5.2716
   0.3418
   0.3911
   0.8920
   0.7967
   0.5937
   1.6005
   0.8617
   0.0047
   0.3121
   1.5144
   0.9199
   0.3796
   0.0669
   1.5239
   0.1060
   0.1353
   0.0717
   0.5269
   0.1359
   0.5500
   0.5470
   0.2864
   0.7898
   1.1369
   0.0306
   3.4258
   1.0312
   0.2285
   2.5801
   0.1436
   0.0172
   1.7155
   2.2823
   0.3911
   0.4883
   0.1578
   1.9430
   1.4130
   0.0277
   0.3347
   0.6437
   0.8070
   0.6721
   0.6342
   3.3592
   1.5606
   0.2638
   0.7498
   3.0014
   3.6041
   1.7848
   0.1003
   1.0204
   2.0151
   0.9916
   2.9309
   1.8999
   0.3698
   0.7508
   0.2502
   0.5802
   0.1538
   0.2096
   0.7050
   0.1710
   0.6249
   1.5737
   1.7536
   0.6279
   0.0886
   1.4816
   2.1335
   0.7099
   0.5895
   0.5057
   0.4464
   0.3730
   0.3671
   2.7671
   1.0243
   0.5087
   0.0483
   1.9543
   1.9124
   0.2012
   0.5134
   3.4257
   0.8341
   0.0954
   1.6848
   0.0785
   2.2099
   3.2396
   1.1277
   1.2785
   0.5237
   1.2507
   1.5676
   1.1084
   0.0674
   0.4004
   3.4976
   3.0358
   2.1189
   1.6495
   0.5005
   0.1104
   0.1298
   1.3845
   0.2886
   0.1812
   0.8294
   0.6411
   0.5356
   0.1579
   1.8737
   0.1608
   0.6013
   0.2484
   0.9448
   1.5944
   1.7027
   1.6432
   1.0986
   0.1771
   0.3293
   0.9338
   0.0737
   0.6865
   0.2078
   1.4977
   0.0773
   0.2672
   4.3324
   0.2244
   0.5191
   0.2460
   2.8614
   4.6897
   1.2633
   1.0400
   0.2462
   0.7912
   0.1836
   0.3659
   0.1029
   1.3633
   0.9401
   0.7795
   0.6341
   0.0985
   0.0382
   0.5015
   0.8769
   0.3152
   1.1722
   0.5045
   1.2178
   0.7828
   1.4992
   1.2849
   0.3901
   0.1300
   0.2103
   1.9590
   0.0626
   0.0209
   3.4305
   0.2718
   0.2525
   4.0573
   3.4338
   0.6923
   0.9208
   0.0873
   0.8823
   0.2972
   0.1358
   0.3847
   0.4288
   1.5966
   1.6393
   0.2641
   2.1683
   0.2828
   1.4759
   2.2524
   3.4037
   0.7750
   0.7896
   1.4093
   0.4925
   0.0707
   1.1088
   0.4750
   0.3768
   0.3212
   0.0520
   1.5556
   2.0980
   0.2822
   1.0094
   0.1989
   0.3321
   1.5066
   0.2162
   2.7719
   0.2546
   0.0767
   2.1193
   1.2342
   0.1565
   0.9295
   0.6322
   0.3125
   0.8534
   2.0619
   0.0386
   0.0492
   0.3718
   0.3493
   0.3450
   0.6554
   1.4259
   2.3246
   0.1300
   2.1703
   0.0283
   1.8738
   0.2459
   2.8459
   0.7002
   3.2716
   0.1744
   0.5044
   1.5329
   1.0386
   0.0990
   0.0749
   0.1448
   3.7793
   0.9661
   0.4305
   1.1815
   0.0680
   2.2559
   1.0497
   0.5738
   0.5135
   2.3218
   0.0161
   1.3612
   0.4220
   0.7423
   0.0437
   0.6735
   0.2755
   0.1043
   0.1391
   0.3566
   1.4966
   0.7139
   0.7384
   0.3584
   2.1405
   0.5874
   0.0995
   0.6493
   0.2170
   0.3073
   0.2074
   0.4176
   0.7060
   1.4843
   1.7805
   0.3377
   1.5166
   1.0064
   0.3953
   1.0746
   0.0062
   0.9938
   0.0112
   0.4068
   0.6260
   0.1480
   0.2225
   0.4738
   0.4249
   0.1500
   1.4300
   0.4090
   0.3264
   1.7794
   1.6276
   1.8153
   0.7614
   1.2674
   0.0936
   0.1174
   0.4529
   0.6149
   1.8235
   1.6474
   0.3040
   5.1383
   0.2067
   0.9155
   0.6704
   2.0633
   1.1927
   0.2137
   1.3013
   0.4449
   0.0460
   0.6985
   1.5963
   0.1899
   0.9189
   2.5330
   2.0770
   0.5801
   1.0013
   1.6172
   0.3791
   0.5995
   0.2686
   0.2819
   3.9575
   0.4668
   3.4314
   1.3799
   0.8205
   0.3540
   0.1756
   1.7267
   1.9630
   0.0158
   1.2720
   0.9188
   0.0763
   0.8177
   0.0437
   0.1687
   3.0044
   0.9174
   0.0944
   0.5078
   0.1609
   2.1023
   0.4863
   0.6563
   0.7376
   0.4211
   0.3592
   1.5281
   0.1962
   2.3775
   2.7446
   0.2542
   2.0115
   0.1457
   0.1864
   3.3148
   0.9392
   3.3863
   0.4829
   0.6369
   1.3803
   1.2653
   1.6900
   1.1160
   1.4755
   0.0326
   0.2502
   1.0887
   0.1133
   1.3415
   2.3618
   2.0200
   0.1501
   0.8661
   3.3379
   0.0828
   0.6828
   6.0860
   1.1280
   0.9818
   1.2741
   1.3112
   0.0815
   0.3117
   1.3630
   0.7844
   3.6480
   0.0814
   1.9596
   0.6063
   2.0339
   0.6035
   3.0461
   0.4151
   0.4903
   0.0834
   0.6118
   0.0526
   0.3706
   1.3631
   1.5290
   0.6923
   1.1326
   0.5524
   2.8523
   1.6363
   0.2187
   0.5561
   0.3576
   0.1118
   0.2829
   1.8038
   1.9477
   0.4805
   0.1161
   0.8392
   2.2071
   1.5277
   2.5966
   0.2473
   4.2462
   1.9736
   1.3585
   0.0259
   4.4607
   2.5650
   4.0616
   4.6873
   0.8262
   0.2027
   0.6567
   0.5952
   0.2852
   0.4130
   0.5407
   0.2211
   0.3017
   0.0282
   0.6444
   0.6551
   0.1604
   0.6398
   3.3067
   0.7801
   1.8964
   1.1411
   2.6269
   0.1079
   0.6003
   2.2591
   0.5725
   1.3091
   0.6119
   0.1979
   1.6853
   0.1401
   0.1938
   0.0249
   0.7993
   0.2921
   0.0161
   0.1469

