  9.8538e-001
  3.2663e-001
  5.5680e-002
  4.8546e-001
  3.2143e-001
  2.2887e+000
  1.1024e-001
  1.0199e+000
  4.5216e-001
  7.1098e-001
  3.3053e-001
  1.1676e+000
  2.7353e-001
  1.9387e-001
  1.1527e+000
  9.9350e-001
  9.6694e-001
  1.4051e+000
  2.0957e+000
  8.2036e-001
  4.7431e-001
  1.6145e-002
  1.5802e+000
  1.9894e+000
  2.7489e+000
  2.9456e+000
  7.3486e-001
  6.9797e-001
  7.6503e-001
  2.7711e+000
  1.1412e+000
  2.6431e-001
  1.8897e+000
  5.9347e-001
  3.3445e+000
  4.7450e-003
  3.3582e-001
  1.0484e-001
  3.2212e-001
  6.2924e-001
  9.2801e-001
  2.2830e+000
  8.5627e-001
  1.0115e+000
  9.7609e-001
  1.8602e+000
  6.5648e-001
  1.4878e+000
  1.7155e+000
  5.0380e-001
  1.3958e+000
  5.9019e-001
  3.7999e-002
  1.0278e+000
  3.6826e-001
  3.4267e-001
  1.7739e+000
  9.7793e-002
  1.3906e+000
  1.7539e-001
  8.3205e-001
  1.5043e+000
  5.8734e-002
  1.9091e-001
  1.3028e+000
  1.0112e+000
  1.1970e-001
  4.7998e-001
  2.4169e+000
  4.8624e-001
  4.7087e-001
  1.5321e+000
  8.5112e-001
  2.5174e+000
  3.6564e-001
  5.9039e-002
  9.4068e-001
  1.0975e-001
  6.0445e-001
  2.9896e+000
  4.5780e-001
  8.5566e-001
  9.3698e-001
  1.0677e-001
  1.2332e-001
  6.6628e-001
  1.5298e-002
  2.6522e-001
  1.8379e-001
  9.3227e-002
  2.8491e+000
  6.7617e-001
  3.9056e+000
  1.8061e+000
  6.9328e-001
  1.0064e+000
  8.5416e-001
  4.6849e-001
  2.6724e+000
  2.6151e+000
  3.2426e-001
  1.6538e-002
  6.8304e-002
  2.7037e+000
  8.5938e-001
  4.1388e-001
  1.8292e+000
  8.9285e-001
  1.5259e+000
  1.4578e+000
  2.4578e-001
  2.6918e+000
  1.2458e+000
  8.3608e-001
  2.4848e-001
  8.4918e-001
  7.2156e-001
  1.9369e-001
  1.4338e+000
  1.6600e+000
  1.4985e+000
  1.4017e+000
  1.1170e+000
  1.4603e-001
  7.5158e-001
  1.6220e+000
  2.0619e-001
  1.0172e-001
  1.2184e+000
  5.1421e-001
  1.2658e+000
  3.1876e+000
  1.2593e+000
  1.1155e+000
  1.0688e-002
  4.2166e-001
  2.7750e-001
  5.7233e-001
  1.7060e+000
  2.0283e+000
  1.8181e+000
  1.0692e+000
  4.9684e+000
  7.1649e-001
  1.4374e+000
  1.2912e-001
  3.0295e+000
  2.0943e+000
  3.0684e+000
  1.9632e+000
  9.0268e-001
  2.5020e+000
  8.1987e-001
  1.4163e+000
  2.8089e+000
  8.3153e-001
  2.3843e-001
  8.7627e-001
  6.1217e-002
  3.4981e-002
  2.4458e+000
  1.6971e+000
  1.2729e-001
  2.7252e+000
  1.4250e-001
  1.8010e+000
  8.4677e-001
  2.1549e-001
  5.5525e-002
  1.7102e-001
  3.9085e-001
  6.3475e-001
  3.4288e+000
  2.4216e-001
  1.3534e-001
  1.9381e+000
  3.1166e-001
  8.6007e-001
  3.2457e-001
  2.2611e-002
  5.8661e-001
  5.7710e-001
  1.6239e-002
  1.0332e-001
  1.1242e-001
  2.5208e+000
  7.1859e-001
  1.3996e+000
  5.6076e-003
  1.4735e+000
  4.6414e+000
  2.6570e-001
  1.8585e+000
  8.6329e-001
  5.1612e-001
  4.7774e-001
  1.1121e+000
  1.8008e-001
  4.1004e-001
  1.5760e-001
  1.2357e+000
  2.7837e-001
  1.6875e+000
  1.7614e+000
  1.7127e-002
  2.5891e+000
  3.6548e-001
  1.4453e+000
  5.9949e-001
  4.4539e+000
  9.7438e-002
  1.4876e+000
  1.7749e+000
  9.9344e-001
  4.9383e-001
  3.9733e+000
  9.2263e-001
  1.3171e+000
  4.8207e-001
  6.3396e-001
  2.7372e-001
  2.7694e-001
  1.6540e-002
  4.0223e-001
  4.6112e-001
  5.5779e-002
  1.1378e+000
  8.3748e-001
  5.2930e-002
  2.0786e-001
  2.3092e-001
  9.9198e-001
  2.4080e+000
  7.9215e-001
  2.5946e-001
  2.9947e-002
  1.3640e+000
  1.0257e+000
  2.3123e-001
  1.2397e+000
  6.5646e-001
  1.7698e+000
  1.3827e+000
  1.3587e+000
  7.7724e-001
  2.6372e+000
  5.1370e-001
  9.1593e-002
  1.4442e-001
  2.6775e-001
  6.0637e+000
  1.1521e-001
  1.8001e-001
  1.8780e+000
  2.0602e+000
  1.7769e-001
  2.4467e+000
  1.0361e-002
  3.6158e+000
  3.2088e-001
  2.5045e+000
  6.1302e-001
  4.2742e-001
  2.1246e+000
  1.1864e-002
  3.8777e-001
  7.3518e-001
  4.3188e-001
  1.2635e+000
  2.2285e-001
  7.4136e-001
  3.8857e-001
  1.7152e+000
  8.3251e-001
  1.6616e+000
  5.4165e-001
  1.9283e-001
  1.1795e+000
  2.3636e+000
  3.0215e-001
  3.3427e-001
  6.5537e-001
  6.9264e-001
  4.0533e-001
  1.0267e-001
  1.0917e+000
  1.9712e+000
  1.2513e+000
  2.4383e+000
  6.0769e-001
  7.9122e-001
  4.4128e-001
  8.3352e-001
  1.3815e+000
  2.6644e-001
  5.4076e-001
  7.1839e-001
  4.5115e-001
  2.1193e+000
  1.9207e+000
  2.9999e-001
  1.0610e+000
  6.2742e-001
  5.3788e-001
  2.1515e+000
  1.4121e+000
  1.2891e+000
  6.1316e-002
  2.1906e+000
  2.0156e+000
  6.8979e-001
  2.0337e+000
  7.2800e-001
  6.8174e-001
  1.7326e-001
  3.0499e-001
  1.3580e-001
  1.2183e-001
  3.4008e-001
  3.0710e-001
  3.8945e-001
  8.2198e-001
  8.2799e-001
  1.3775e+000
  1.4029e-001
  3.3945e-002
  2.7126e-001
  2.5593e-001
  3.3420e+000
  6.5013e-001
  2.9307e-002
  1.6127e+000
  4.1948e-001
  7.4101e-001
  2.6584e+000
  1.1929e+000
  5.8858e-001
  3.3698e+000
  1.3213e+000
  2.6294e-001
  4.1388e+000
  1.3507e+000
  4.1270e+000
  3.6414e-001
  1.9639e-003
  2.9037e+000
  6.6006e-001
  4.7003e-002
  1.1098e-002
  6.8803e-001
  2.2321e-001
  4.0733e+000
  1.3047e+000
  4.6368e-001
  6.8338e-001
  6.5724e-002
  1.8153e+000
  1.4730e+000
  8.1763e-001
  1.1522e-001
  1.6655e-001
  7.7427e-001
  6.3975e-001
  9.9401e-002
  8.8838e-002
  7.4441e-001
  3.4104e-001
  9.7752e-001
  1.0711e+000
  9.2444e-001
  3.5999e-001
  5.7892e-001
  8.3039e-001
  2.9185e-001
  8.6045e-001
  5.3656e-001
  7.1264e-001
  3.9906e-001
  4.8067e-001
  1.5674e-001
  4.7478e-001
  3.3058e-001
  1.1465e-001
  2.3462e+000
  5.4127e-001
  3.8896e-001
  6.0883e-002
  1.8201e-002
  1.2858e-001
  2.2250e-001
  4.1971e+000
  2.8062e-001
  5.4090e-001
  4.5412e-002
  7.7477e-001
  2.0036e+000
  2.4944e+000
  2.1110e+000
  4.9459e-001
  8.3212e-001
  1.4857e-001
  1.3959e+000
  3.5191e-001
  1.3895e-001
  9.6461e-001
  1.9862e+000
  1.2544e+000
  1.7117e+000
  1.5899e-001
  5.8846e-002
  7.6721e-002
  6.9775e-001
  3.8047e-001
  1.3586e-001
  1.1180e+000
  1.8391e+000
  6.5544e-001
  9.3862e-002
  2.4504e-002
  5.7813e-001
  4.5577e-001
  3.4828e+000
  2.2313e+000
  2.8225e+000
  1.7928e+000
  1.2370e+000
  2.4754e+000
  1.0034e-001
  4.1716e-001
  1.8961e-001
  7.1681e-001
  9.0561e-001
  1.7120e-001
  1.5494e+000
  3.5928e-002
  2.3140e-001
  5.1218e-001
  1.2194e-001
  1.6035e+000
  8.8039e-001
  2.4188e-001
  8.5225e-001
  1.4672e+000
  1.6431e-002
  1.7036e-001
  4.4732e+000
  1.8022e+000
  6.7967e-001
  3.4479e-001
  6.8556e-001
  2.1510e-001
  5.0760e-001
  1.8197e-001
  1.5047e+000
  4.2358e-001
  9.7814e-003
  8.1977e-003
  9.0427e-001
  5.1993e-001
  7.4635e-001
  1.1977e+000
  2.8100e-002
  7.2769e-001
  8.3008e-001
  8.3191e-001
  9.1434e-001
  2.7962e+000
  3.6361e+000
  1.3984e+000
  2.0475e+000
  7.4869e-001
  2.6751e-001
  4.5961e+000
  6.1060e-001
  8.2989e-001
  2.6377e-001
  3.0716e+000
  1.9053e-002
  2.2099e+000
  8.5456e-001
  9.0807e-001
  2.1959e+000
  3.7998e+000
  3.2524e+000
  7.6684e-001
  1.3584e+000
  2.0048e-001
  6.3486e+000
  1.2495e+000
  3.1201e-001
  1.7389e-001
  5.5190e-001
  1.1702e-001
  8.2570e-001
  1.0299e+000
  1.2178e+000
  8.7902e-001
  1.3688e+000
  2.2973e-001
  9.3019e-001
  6.8320e-001
  3.1657e+000
  5.5658e-002
  3.1566e-001
  3.0379e-001
  3.1255e-001
  2.7985e+000
  1.8739e-001
  4.0174e-002
  2.1757e-001
  5.1326e-002
  3.8271e-001
  2.0614e-001
  2.0151e+000
  1.0927e+000
  2.1898e+000
  6.2814e-002
  1.6260e+000
  5.5810e-002
  4.2481e+000
  5.8468e-001
  8.3724e-001
  2.9165e+000
  7.6479e-001
  1.2523e+000
  2.6421e-001
  1.8557e+000
  4.4390e-001
  4.3570e+000
  9.3513e-001
  1.5100e+000
  1.9738e+000
  4.0189e-001
  8.0514e-001
  1.3293e+000
  2.7840e-001
  3.1643e-001
  1.6334e+000
  2.5418e-002
  7.1062e-001
  3.8629e+000
  3.7852e-001
  4.0327e-001
  3.1076e-001
  4.1037e-001
  6.2460e-001
  5.1203e-001
  6.6887e-001
  2.2362e-002
  9.3771e-001
  6.4704e-002
  6.6207e-001
  1.0295e+000
  2.4672e-002
  1.2294e+000
  4.0718e-001
  3.1716e-001
  2.3231e+000
  1.6470e-001
  3.0991e-001
  2.0749e-001
  8.6182e-001
  9.0646e-001
  2.1720e+000
  3.1163e-001
  8.7821e-001
  9.9817e-001
  5.4502e-002
  1.7638e+000
  2.8659e-001
  3.0759e+000
  1.7325e+000
  4.1295e-002
  1.0040e+000
  1.0623e+000
  8.0216e-001
  8.1610e-001
  1.5979e+000
  1.1030e+000
  2.6673e+000
  5.7925e-002
  1.8672e-001
  2.4094e-001
  1.1173e+000
  1.2220e+000
  1.0116e+000
  1.3367e+000
  4.9237e-002
  7.9018e-001
  4.8991e-001
  6.1283e-001
  1.3481e-001
  5.9598e-001
  3.6494e+000
  4.7367e-001
  1.6532e+000
  4.3039e-001
  1.9177e+000
  3.5293e-001
  1.8686e+000
  4.8547e-001
  4.3416e-001
  1.3434e+000
  1.1487e+000
  2.0910e+000
  2.2748e-001
  5.8740e-001
  1.5313e+000
  1.0157e+000
  3.2759e-001
  1.4043e+000
  9.4134e-001
  3.3380e+000
  7.6611e-001
  6.9284e-002
  1.7573e+000
  1.2724e+000
  1.5251e-001
  1.3600e+000
  2.7752e+000
  3.6907e-001
  1.7556e-001
  3.4481e+000
  7.0792e-001
  4.4498e-001
  2.3553e-001
  1.2296e+000
  2.4179e-001
  1.7860e+000
  9.0622e-001
  4.3454e-001
  3.5527e-002
  7.3816e-001
  5.7719e-001
  1.1707e+000
  5.5038e-001
  2.6063e+000
  3.3834e-001
  9.1773e-001
  1.6585e-001
  3.4037e-001
  3.2460e-001
  1.3008e+000
  5.7336e-002
  5.6906e-001
  1.1769e+000
  1.7229e+000
  5.3494e-002
  2.1038e+000
  3.6907e+000
  2.9077e+000
  6.6926e-001
  7.8353e-002
  9.0711e-002
  6.8700e-001
  1.0677e+000
  3.2298e+000
  9.5884e-001
  6.6072e-001
  9.7821e-001
  2.0305e-001
  2.6218e+000
  2.6707e-001
  4.2803e-001
  8.4806e-001
  4.7897e+000
  2.7410e-001
  1.4425e+000
  8.0666e-001
  2.4625e+000
  6.3697e-001
  6.8902e-001
  2.7627e+000
  1.7008e-001
  5.0317e-002
  4.5951e-001
  8.9141e-001
  4.5332e+000
  2.1738e-001
  6.4827e-001
  2.7657e-001
  7.1179e-001
  3.5242e+000
  1.0368e+000
  5.1288e-001
  2.7141e-001
  1.6194e+000
  1.4345e+000
  5.4397e-002
  6.6273e-001
  1.7290e-001
  3.9846e-001
  8.8523e-001
  8.2160e-002
  2.8744e-001
  1.0208e+000
  1.1169e-002
  3.2756e-002
  5.5459e-001
  3.5660e-001
  7.6829e-002
  3.2199e+000
  3.6956e-001
  2.1740e-001
  7.9332e-001
  7.1655e-002
  7.6112e-002
  5.0272e-001
  3.8807e-001
  6.3883e-002
  6.0866e-001
  8.2910e-002
  9.2761e-001
  3.0674e-001
  1.7947e-001
  1.3201e+000
  4.0501e+000
  5.2351e-001
  6.7066e-001
  3.2367e-001
  5.1503e+000
  2.4658e+000
  1.0018e+000
  7.4443e-001
  2.3206e+000
  7.7298e-001
  1.7174e-001
  2.8654e+000
  1.8412e-001
  2.2907e-001
  5.9002e-001
  2.7295e-001
  1.3681e+000
  1.4784e+000
  1.1143e+000
  2.0577e+000
  4.2762e-001
  2.8115e-001
  1.1769e-001
  1.4278e+000
  3.5154e+000
  6.3131e-001
  6.8750e-001
  7.2825e-001
  1.2573e+000
  2.8320e+000
  1.2668e-001
  2.3560e-001
  1.3253e+000
  7.6454e-001
  1.0501e+000
  1.0564e+000
  4.4821e-001
  8.1062e-002
  6.6470e-002
  2.4549e-003
  7.0878e-002
  6.9466e-001
  6.3602e-001
  1.1920e+000
  7.6377e-002
  9.3163e-001
  1.9072e-001
  1.0229e-001
  6.6859e-001
  6.2341e-001
  8.1951e-001
  1.4490e+000
  1.2681e+000
  6.8623e-001
  5.4704e-001
  1.7584e-001
  1.9573e+000
  4.8047e-001
  3.3038e-001
  9.0750e-006
  2.0370e-001
  1.3277e+000
  1.1173e+000
  1.7634e-002
  3.9531e-001
  1.7875e-001
  6.4709e-001
  6.1432e-001
  2.1675e-001
  1.9525e+000
  3.5661e+000
  7.8463e-001
  8.3919e-002
  7.1578e-001
  6.8644e-002
  5.6466e-002
  3.1271e-001
  5.5783e-001
  1.1980e+000
  2.3275e+000
  1.0946e+000
  4.3619e-003
  4.7074e-001
  6.1231e-001
  1.4732e-001
  2.7394e+000
  1.0088e+000
  2.8665e-001
  9.2934e-001
  3.4391e-001
  8.5363e-001
  2.3092e+000
  2.4403e-001
  7.7276e-001
  1.7635e+000
  3.6819e+000
  1.8709e-001
  2.2568e+000
  7.2328e-001
  2.1548e+000
  6.2600e-001
  2.7748e-001
  2.5532e+000
  2.1901e+000
  2.8327e+000
  5.7898e-001
  2.7453e-001
  2.1221e-001
  1.3046e+000
  9.6566e-001
  4.1811e-001
  7.5927e-001
  9.3678e-001
  7.7485e-001
  6.0317e-001
  5.2402e-001
  5.3767e+000
  4.3151e-001
  3.5144e-001
  5.5742e-001
  1.5259e+000
  2.2154e+000
  7.1121e-001
  5.5884e-001
  1.1693e-001
  1.1187e+000
  2.4648e-001
  1.6365e+000
  1.0991e+000
  5.7287e-001
  4.3203e-001
  3.1414e-001
  1.3190e-002
  1.2843e+000
  2.8389e+000
  7.7597e-001
  9.4164e-001
  4.5746e-001
  1.8526e+000
  1.5416e-001
  1.6617e+000
  1.4206e-001
  1.2440e-001
  1.9371e-001
  1.2029e+000
  7.8861e-002
  3.5981e+000
  5.9967e-002
  5.4665e-001
  1.3950e+000
  2.7021e-001
  2.4822e+000
  1.4176e+000
  1.5581e-001
  1.3923e+000
  3.0717e-003
  1.6966e+000
  2.2608e+000
  2.6657e+000
  6.5869e-001
  1.3589e-001
  5.1319e-001
  1.0124e-001
  1.8045e+000
  2.1222e+000
  2.3034e-001
  1.9478e-001
  1.6729e+000
  1.7019e+000
  4.1909e-001
  2.5628e-004
  9.2459e-001
  2.0962e-001
  2.2199e-002
  1.3840e+000
  1.3097e-001
  6.1225e-001
  4.8733e+000
  3.7005e-001
  4.8209e-002
  4.4809e-001
  4.1758e-001
  1.9747e-001
  1.6073e+000
  8.5233e-001
  2.4195e-001
  3.8828e-001
  4.1687e-001
  1.2827e-001
  1.2513e+000
  8.9959e-001
  1.9443e+000
  8.5015e-001
  2.2779e-001
  1.4333e-001
  1.0897e+000
  4.0380e-002
  1.4655e+000
  6.0969e-001
  4.2284e+000
  7.9403e-001
  4.4293e+000
  2.8104e-002
  2.0060e+000
  7.4148e-001
  5.0514e-001
  5.6743e-003
  4.0506e+000
  2.6409e-001
  5.5173e-001
  1.8626e+000
  2.7873e+000
  5.4129e-001
  1.0189e+000
  4.3034e-001
  2.6879e-001
  3.4828e-001
  7.8904e-001
  1.0203e-001
  7.9304e-001
  1.5180e-001
  2.5285e+000
  5.6771e-001
  2.3914e+000
  3.1303e-001
  1.3854e+000
  3.6365e-001
  5.9993e-001
  7.6941e-002
  6.4395e-001
  1.3970e+000
  2.2150e+000
  5.0061e-001
  1.3457e-001
  1.8784e-001
  1.1180e-001
  1.3207e+000
  2.0957e-001
  1.3213e-001
  4.6921e-001
  5.0004e-002
  7.2332e-003
  1.8086e+000
  1.9550e-001
  2.0940e+000
  5.7293e-001
  2.2308e+000
  1.2546e+000
  2.6809e+000
  1.1854e+000
  1.6656e+000
  3.1492e-001
  3.0514e-001
  1.7925e+000
  1.5685e+000
  1.3157e+000
  9.9795e-001
  1.5797e+000
  4.8813e-001
  5.4432e-001
  3.6498e-001
  1.7899e+000
  2.5570e-001
  2.1276e-001
  7.6147e-002
  9.3537e-002
  8.3735e-002
  1.6372e-001
  1.9622e+000
  2.8044e-001
  2.3182e+000
  1.8022e+000
  3.4507e-001
  9.2243e-001
  4.9183e+000
  2.6145e+000
  2.3361e-001
  4.9304e-001
  1.2679e+000
  9.8529e-002
  5.4278e-001
  1.1413e-001
  2.1813e+000
  1.7717e+000

