   0.6666
   1.8035
   1.2091
   0.0153
   0.4215
   2.1489
   1.0161
   0.8517
   0.4341
   0.8161
   0.0524
   1.7902
   1.0757
   0.3285
   0.0135
   0.0114
   0.7453
   1.2844
   0.0232
   0.0446
   0.0241
   0.3800
   0.0752
   2.6985
   1.2772
   0.0948
   0.3302
   0.3947
   0.5364
   1.1626
   0.8658
   2.0597
   1.8845
   0.4043
   0.2705
   0.4414
   0.0913
   1.1269
   1.5058
   0.7023
   0.6205
   0.5597
   1.1564
   0.0450
   1.8920
   0.5516
   1.7558
   2.8437
   0.2312
   1.3886
   0.3753
   0.3225
   2.3327
   1.2489
   1.3078
   1.9284
   2.9886
   1.6094
   0.2252
   0.2909
   0.2549
   1.6347
   0.2805
   1.5144
   0.1524
   0.6432
   0.8995
   0.1357
   2.4173
   0.1599
   0.8714
   1.1347
   0.2286
   0.3644
   0.6809
   0.4290
   0.2500
   0.1652
   1.6925
   0.9938
   0.6105
   0.4032
   0.6522
   0.3882
   1.2675
   0.5232
   4.9847
   0.1966
   0.5299
   2.2516
   0.4658
   0.9656
   0.2481
   0.5367
   0.0629
   0.4559
   1.7979
   0.1450
   5.0506
   0.4700
   1.4638
   0.0565
   0.1581
   0.7703
   2.1457
   1.9013
   2.7237
   0.4846
   0.4692
   0.1972
   2.7768
   0.2366
   1.2102
   0.3271
   0.2431
   0.5203
   1.0664
   0.4665
   0.1039
   0.8425
   0.0712
   0.0288
   4.4120
   0.1715
   0.2966
   0.3319
   0.0871
   0.4419
   0.8259
   0.4118
   0.0661
   0.4034
   0.3566
   0.4310
   0.4527
   1.5874
   0.8658
   0.5557
   2.8992
   0.1460
   0.6297
   0.0344
   1.0052
   1.3147
   0.0852
   0.2670
   3.1131
   0.7546
   0.0189
   1.0162
   3.1847
   0.1928
   0.6221
   0.3780
   3.4290
   0.7678
   0.5431
   0.9305
   0.7456
   0.6851
   0.0665
   0.2125
   0.2917
   4.3526
   0.1013
   1.0485
   1.3331
   0.7913
   2.3944
   1.6569
   0.2476
   0.1134
   0.1700
   0.0562
   0.9501
   0.9385
   1.4995
   0.8711
   0.6585
   1.1316
   0.1837
   0.8741
   0.2493
   0.1650
   1.2903
   0.2642
   0.1381
   0.8119
   2.6116
   0.7982
   1.0681
   1.0617
   1.5197
   0.4388
   1.5026
   0.0376
   0.1113
   0.0764
   1.2407
   0.6545
   0.4127
   0.0245
   1.1629
   0.2648
   0.7211
   0.1895
   1.2287
   0.1368
   1.1442
   0.8621
   0.2414
   0.6695
   1.8043
   0.5296
   0.6137
   0.4832
   0.8740
   0.0754
   1.3069
   0.8110
   0.6896
   0.6232
   0.3344
   0.5804
   0.2101
   0.6027
   0.4724
   0.5477
   1.2897
   0.1246
   0.3419
   0.8100
   0.2135
   0.2640
   0.2463
   0.2272
   0.3231
   0.5648
   0.0784
   2.1700
   0.1646
   0.1413
   0.3856
   1.4968
   0.7155
   2.7761
   0.1912
   0.4862
   2.7676
   0.0676
   0.0456
   1.6428
   0.6935
   0.0076
   2.2487
   0.0893
   0.0862
   0.9751
   0.8788
   0.0872
   1.3668
   0.0680
   0.4526
   5.0781
   0.9580
   0.2909
   0.0413
   1.0229
   0.8729
   0.5914
   0.1026
   1.3871
   0.4814
   0.3042
   0.8251
   0.7189
   1.6568
   1.3883
   0.7169
   0.1249
   1.3481
   0.0892
   1.1976
   0.2004
   0.8045
   0.1927
   0.1689
   0.1733
   1.0683
   1.0553
   0.1948
   1.0759
   0.4250
   0.5942
   0.1636
   0.1790
   0.9711
   0.1959
   4.8940
   0.8324
   0.3101
   0.1890
   1.9961
   0.7533
   0.2258
   0.0710
   0.1373
   1.4028
   0.9848
   0.1963
   1.0219
   0.1478
   1.1552
   2.3732
   0.5071
   0.1741
   2.6342
   0.8064
   4.3485
   3.4241
   0.7287
   1.0904
   1.2262
   0.2944
   1.8878
   0.2059
   1.3377
   0.3658
   2.4604
   0.1091
   2.4396
   0.2613
   0.4950
   3.4588
   2.2406
   0.6650
   0.3192
   0.1205
   0.9674
   0.8672
   0.3300
   0.1758
   1.5979
   0.6832
   3.2343
   1.2109
   0.8586
   2.8439
   0.3106
   0.0197
   0.0990
   0.5741
   2.7648
   1.3005
   1.2017
   2.9264
   0.6040
   0.2073
   0.1206
   0.1155
   3.3840
   0.5469
   6.5581
   0.3038
   1.7234
   0.1473
   2.2676
   0.6334
   0.5175
   1.3568
   2.4331
   0.0433
   0.9771
   0.7271
   0.0584
   2.2450
   0.2229
   0.7665
   2.8541
   3.0347
   0.2387
   0.7834
   0.0921
   2.5271
   1.4350
   1.7973
   0.1638
   0.5384
   1.4143
   0.6912
   0.6988
   0.7762
   0.2819
   0.6256
   0.9856
   0.6630
   2.4640
   0.8123
   0.4230
   0.9801
   0.8098
   3.0516
   0.3304
   1.2926
   0.7568
   0.0336
   2.0387
   0.6353
   0.7143
   0.0397
   2.1030
   2.3378
   0.0117
   1.1379
   0.8513
   1.6654
   0.2582
   1.7736
   3.7238
   0.2116
   0.5980
   0.5069
   2.1939
   0.3013
   0.4348
   0.2635
   0.1070
   0.2706
   4.0594
   0.0188
   2.5668
   0.6780
   1.8216
   1.0649
   1.0547
   1.2263
   2.0773
   0.5317
   1.4481
   0.3209
   0.2315
   0.6955
   1.8862
   0.1575
   2.3945
   0.2049
   0.7308
   0.3547
   0.3856
   0.2087
   0.7687
   1.4278
   1.3959
   0.6859
   0.7311
   0.3495
   0.4858
   0.4782
   0.0274
   0.7352
   0.9162
   1.2493
   0.1164
   2.5581
   0.8600
   2.9564
   0.2545
   0.5703
   1.1911
   0.4965
   0.5154
   0.0003
   1.2448
   0.7224
   1.5323
   0.3475
   0.8343
   0.5979
   0.5000
   0.9066
   0.6925
   1.2679
   2.4400
   0.3084
   1.5819
   0.4844
   0.7424
   0.4726
   0.5448
   0.7781
   0.6918
   0.1239
   0.5701
   0.2359
   0.1935
   1.1765
   1.2399
   1.9008
   2.6115
   0.7387
   0.4898
   0.6756
   1.4783
   3.1250
   1.6446
   0.0246
   1.6311
   0.2407
   6.1934
   0.5527
   0.9193
   0.2662
   0.0982
   2.4453
   1.1987
   1.7854
   0.0372
   0.8428
   2.4937
   1.3527
   0.7296
   1.9788
   0.1316
   1.7753
   1.6616
   0.1235
   0.7553
   2.1972
   1.0953
   2.7673
   0.7870
   0.2885
   2.3085
   0.5661
   0.5397
   1.1094
   0.3256
   1.2319
   4.0250
   0.5347
   0.0040
   0.7361
   1.7035
   1.4901
   1.0378
   0.9859
   0.9005
   0.8068
   0.8623
   0.1954
   4.2898
   1.1814
   0.0036
   0.8890
   1.1770
   1.8366
   0.2781
   0.5939
   0.1330
   0.1062
   0.3004
   0.6533
   1.5042
   1.0196
   1.4733
   0.4978
   0.0663
   0.3487
   0.9829
   2.1271
   1.2135
   0.9281
   0.3257
   0.4662
   0.1069
   0.1606
   0.2716
   1.0216
   0.0338
   1.2260
   0.2922
   1.1081
   0.5031
   0.3680
   2.1844
   0.8064
   1.5737
   0.4790
   0.9158
   1.5209
   1.1565
   0.1486
   0.7208
   0.7165
   0.4212
   0.7600
   0.8985
   1.3888
   0.7213
   1.4848
   1.2852
   0.5093
   1.7895
   0.3300
   1.0757
   2.3007
   0.0872
   1.9257
   0.1304
   0.0791
   4.7855
   1.1004
   0.3762
   0.3926
   0.0334
   0.4862
   0.0138
   0.2452
   0.7380
   5.1451
   0.7994
   0.3595
   1.2454
   2.1476
   0.3116
   1.0656
   0.7254
   1.0607
   1.0196
   0.6979
   1.9134
   0.5544
   3.3641
   2.9253
   1.7996
   1.6689
   2.1145
   0.8128
   0.5616
   0.1753
   2.0788
   0.3686
   0.0426
   0.5086
   1.2332
   0.0817
   0.4028
   1.4421
   0.2640
   0.2801
   0.3200
   2.8197
   2.0343
   0.4760
   0.5315
   0.6036
   2.5297
   1.8355
   0.1520
   3.8598
   1.3627
   4.3598
   2.0691
   1.0925
   0.2568
   0.1967
   1.0938
   1.8115
   0.3268
   1.2093
   0.0551
   1.0122
   1.0500
   0.4926
   2.3621
   1.3047
   0.6302
   1.4949
   0.0146
   0.3411
   0.5499
   0.3161
   0.1260
   0.6437
   0.7983
   1.2753
   0.6308
   0.7970
   0.0103
   0.3874
   0.9166
   1.3710
   2.0553
   2.8565
   2.0699
   0.3830
   1.6105
   2.2561
   0.9844
   0.6230
   0.4580
   0.2757
   0.5216
   0.9504
   1.0886
   0.0091
   1.1541
   0.9656
   0.5240
   0.8085
   2.2842
   0.7314
   0.3626
   0.3566
   0.1004
   1.9030
   0.6096
   0.6445
   0.1477
   0.2409
   0.4987
   2.1300
   1.7349
   1.4826
   0.0615
   0.0082
   1.4905
   0.4923
   1.4942
   0.5792
   0.5002
   0.3467
   0.2628
   1.0512
   0.9709
   0.0674
   0.0413
   0.1894
   1.5222
   0.3580
   1.2311
   0.3126
   0.1169
   1.5174
   0.5730
   0.6909
   0.8727
   1.8488
   1.5986
   0.0499
   1.1155
   0.4819
   1.2166
   0.9214
   1.2984
   2.1975
   0.6684
   1.4555
   1.3700
   1.3765
   1.2272
   0.4404
   0.9196
   1.1176
   0.2394
   0.7883
   0.7151
   0.2465
   1.7927
   0.4629
   0.5011
   1.6844
   1.6810
   1.0877
   3.4756
   0.3958
   0.4122
   0.3142
   0.0717
   1.5011
   0.3178
   1.2884
   1.3483
   0.0623
   0.2432
   3.8601
   0.2856
   0.4986
   0.3655
   0.2194
   0.9581
   0.6093
   0.4849
   0.0365
   1.1982
   0.7873
   0.5075
   0.0544
   0.4402
   1.1055
   0.5877
   2.1672
   0.5506
   0.5784
   0.2433
   3.0441
   1.8397
   0.5639
   0.1652
   0.6531
   2.1699
   0.6947
   2.3519
   2.1295
   1.3080
   0.9259
   2.0553
   0.8659
   0.8851
   0.1001
   0.2313
   0.9705
   1.2932
   1.5594
   0.2061
   3.6173
   4.4070
   2.0793
   0.3402
   0.1186
   0.5999
   0.4582
   0.0569
   0.2422
   0.9516
   3.6565
   2.5842
   5.1549
   0.9826
   0.6502
   1.6293
   0.0775
   0.1225
   1.1942
   0.1059
   0.5542
   3.2723
   0.5522
   0.6180
   1.8823
   1.5741
   0.3793
   2.1206
   1.3343
   1.6335
   0.5053
   0.6091
   0.2449
   5.1195
   0.2602
   1.6321
   1.4402
   1.2608
   0.0986
   3.4415
   1.3081
   1.6719
   3.5113
   0.3714
   0.4119
   2.0287
   1.6007
   0.5233
   0.3721
   1.0814
   0.6000
   3.2311
   0.6606
   3.2575
   2.2831
   1.6905
   1.7886
   3.0025
   0.0693
   2.9450
   0.3506
   0.6540
   1.4701
   1.1230
   0.4827
   0.0127
   1.9120
   0.6655
   0.0093
   1.6715
   1.4353
   0.4850
   0.6307
   1.3131
   1.2465
   0.0499
   0.3072
   3.6471
   0.4683
   0.0303
   0.3173
   0.9940
   1.0106
   1.6422
   0.6976
   0.0016
   0.0062
   0.9438
   0.4630
   1.3319
   1.8462
   0.2542
   0.2727
   1.9357
   0.0366
   1.6471
   0.0293
   3.3809
   0.4872
   1.6501
   0.8152
   3.3678
   0.4859
   0.0344
   0.0892
   1.8620
   2.3790
   2.2521
   0.7983
   1.1051
   1.4199
   0.1090
   4.4267
   1.1684
   2.3063
   0.5711
   0.2488
   1.4394
   0.1422
   0.7082
   2.9469
   1.5121
   0.0417
   0.1124
   0.4939
   0.0819
   0.6360
   1.4279
   1.9842
   1.3802
   0.5576
   0.7451
   1.9973
   0.9506
   1.2926
   0.8658
   0.4024
   1.2701
   0.0024
   0.1515
   1.5599
   0.1829
   0.2291
   2.7384
   0.6006
   0.0268
   1.2581
   0.2866
   0.3792
   1.8812
   0.0479
   0.1792
   0.5607
   0.1885
   1.5598
   0.5882
   0.0819
   4.3796
   0.2552
   0.1669
   0.1172
   1.2881
   1.7374
   0.3151
   0.7231
   2.4644
   1.1435
   1.7061
   2.1756
   2.0672
   0.3569
   0.7998
   0.6390
   1.0181
   0.4124

