    0.6862
    0.1612
   18.4052
    0.0549
    0.0869
    0.0182
    0.0336
    0.0237
    0.4648
    0.1240
    0.0595
    0.3740
    1.1799
    2.2623
    1.1048
    0.4885
    0.4745
    1.7313
    0.8068
    0.6848
    0.1974
    0.0040
    0.0870
    0.5525
    0.3488
    0.4462
    0.0854
    0.5643
    0.6916
    0.7082
    0.3510
    0.0300
    0.2795
    0.0813
    0.3650
    0.2028
    0.9249
    0.1412
    0.0043
   12.9920
    0.2210
    0.7539
    0.0862
    0.3087
    0.5534
    0.0733
    0.4059
    0.3054
    5.3972
    0.0345
    0.2997
    0.1462
    0.0867
    0.0392
    0.8744
    0.0876
    0.1764
    0.4850
    0.3669
   31.0528
    7.0714
    0.5160
    0.1223
    0.2491
    0.6418
    0.4549
    0.1420
    0.3769
    0.3579
    0.2613
    0.1195
    0.1357
    0.5018
    0.3023
    0.0280
    0.3795
    0.1851
    0.0202
    0.6180
    0.0193
    0.2522
    0.3517
    0.2717
    0.0757
    1.2061
    0.2216
    0.1660
    1.5878
    1.2830
    0.4483
    0.1529
    0.2292
    0.1266
    0.0685
    0.0528
    0.3274
    0.2390
    0.2067
    0.0345
    0.0735
    0.1090
    0.2237
    0.2029
    0.5314
    0.0692
    1.0402
    0.9811
    0.0953
    1.5633
    0.0114
    0.5175
    0.2646
    0.1329
    0.2330
    0.0925
    0.0377
    0.2722
    1.0183
    0.0613
    0.2389
    1.2037
    0.5506
    3.3472
    0.4568
    0.9625
    0.8500
    0.5584
    3.5494
    0.3088
    0.1239
    0.2179
    0.1383
    0.0430
    0.0726
    1.0717
    0.1355
    0.4950
    0.7198
    0.0197
    0.4781
    1.0844
    0.2223
    0.0222
    0.7350
    0.3296
    0.2401
    1.1188
    0.0793
    0.1685
    2.4161
    0.0012
    0.0171
    0.0301
    2.0972
    0.0665
    0.3883
    2.0571
    0.0271
    0.4596
    0.7677
    0.1515
    0.4610
    0.0558
    8.1279
    0.6569
    0.1567
    0.1274
    0.0247
    0.0330
    0.2891
    0.1634
    0.0339
    0.7326
    0.0695
    0.0440
    0.1386
    5.7755
    0.0861
    0.6271
    0.6839
    0.7079
    0.1937
    0.6289
    0.1167
    0.3715
    3.4124
    4.1117
    0.2455
    0.2584
    0.3001
    0.6722
    0.8530
    0.2782
    0.5767
    0.4699
    0.2161
    6.2643
    0.1193
    0.1983
    0.5381
    1.1632
    0.0725
    0.6013
    0.1823
    8.0928
    0.0386
    0.6352
    0.4136
    0.7945
    0.6310
    0.5032
    0.0580
    0.0642
    0.0081
    0.1316
    0.3356
    0.4546
    0.3019
    0.1911
    0.1304
    0.8100
    0.6981
    0.0045
    1.8761
    0.0035
    4.8556
    0.6126
    0.3368
    0.1002
    0.5569
    0.4275
    0.0392
    0.5773
    0.5164
    0.2560
    0.0069
    1.2545
    0.1124
    0.4608
    0.7734
    0.3103
    0.7961
    0.4922
    0.0228
    0.1857
    0.4431
    0.4176
    0.4856
    0.5034
    0.0890
    0.0678
    0.6984
    0.0252
    0.1706
    0.1311
   11.3671
    0.1392
    0.6453
    0.0530
    0.6561
    0.2067
    0.1563
    0.2165
    0.2840
    0.1328
    0.0897
    0.1303
    0.0210
    0.1442
    0.0274
    0.0362
    0.1485
    0.3844
    1.6033
    0.4515
    0.0338
    4.3091
    0.5256
    0.3026
    0.5396
    1.7150
    0.1325
    0.2466
    0.0150
    0.0717
    0.0805
    0.1561
    0.3790
    0.7613
    0.6002
    0.6656
    0.4403
    0.4274
    0.0911
    0.7542
    0.0372
    0.2774
    0.6290
    0.0940
    0.7673
    1.3276
    0.4960
    0.1070
    0.0256
    0.0196
    0.5820
    0.3550
    0.1351
    0.0706
   35.7955
    0.1142
    1.1514
    0.3011
    0.0859
    0.7666
    0.4481
    0.7059
    0.4573
    0.0795
    0.1475
    0.0434
    0.4720
    0.4941
    0.9077
    0.4202
    0.1817
    0.2233
    0.1007
    0.1728
    0.2708
    0.1084
    0.3439
    0.1480
    0.3534
    0.1695
    0.5680
    0.1173
    1.8240
    0.0087
   52.4765
    0.1756
    0.0076
    2.6725
    0.5216
    0.2076
    0.1185
    0.1672
    4.3445
    0.6382
    0.3676
    3.4974
    0.4143
    0.3900
    0.3614
    0.1339
    0.0295
    0.1772
    0.7061
    0.1912
    0.0329
    0.0580
    0.1909
    1.3490
    0.1669
    0.7122
    0.1756
    2.5866
    1.1240
    1.2611
    0.1694
    0.1871
    0.5724
    0.2247
    0.2048
    0.4897
    0.0531
    0.2090
    1.5804
    0.1876
    0.0671
    0.6611
    0.1331
    2.8958
    0.0184
    1.7898
    0.1589
    0.3748
    0.0306
    0.6478
    0.1049
    5.0190
    0.0476
    0.0056
    0.5744
    0.6475
    0.6668
    0.1691
    0.2887
    0.1186
    0.4384
    0.1499
    0.0122
    0.1480
    0.2942
    0.0058
    0.4748
    0.2174
    1.1065
    1.9946
    0.2774
    0.0927
    0.0752
    0.1269
    0.0934
    0.5060
    0.0643
    0.2390
    0.5578
    0.5157
    3.1136
    0.3540
    0.1446
    0.2748
    0.1400
    1.8697
    0.0707
    0.1328
    6.1102
    0.9599
    0.6298
    0.0346
    2.7886
    2.3822
    0.0209
    0.8288
    0.1225
    1.1098
    0.6577
    0.6272
    0.1931
    0.5736
    1.8026
    0.0404
    2.6853
    0.3858
    0.2183
    0.6898
    1.2122
    4.0422
    0.1609
    0.5356
    0.0776
    0.1160
    0.1405
    0.0067
    0.6078
    0.4879
    0.3253
    0.2400
    0.3210
    0.3625
    1.7408
    0.2423
    0.0757
    0.2111
    0.1777
    0.0046
    0.2825
    0.1805
    0.3975
    0.1149
    0.9534
    0.0851
    0.0312
    0.1040
    0.0392
    0.3612
    0.2940
    0.1345
    0.1744
    0.0992
    0.2157
    1.2566
    0.4512
    0.1366
    0.1459
    0.2225
    0.1131
    0.3387
    0.0509
    0.6614
    0.0227
    0.7614
    0.6690
    2.2288
    0.4506
    0.4204
    0.2902
    0.4473
    0.2352
    0.2888
    0.3363
    0.0406
    0.0301
    0.7731
    0.3483
    7.5441
    0.0088
    0.3062
    0.5285
    0.2716
    0.4140
    0.3765
    0.4597
    0.0603
    0.0405
    0.0043
    0.6425
   49.7407
    2.3010
    0.0492
    0.0852
    0.5699
    0.0799
    0.1075
    1.3559
    0.0693
    0.1803
    0.7292
    2.8997
    0.4871
    1.1503
    0.2348
    0.1824
    0.2024
    0.2062
    0.5008
    0.5322
    0.8491
    0.2541
    0.4564
    0.6841
    0.6090
    0.4347
    0.2050
    0.1233
   46.5845
    0.0295
    0.9787
    0.4543
    0.8479
    0.1041
    0.0336
    0.3937
    0.2510
    0.0497
    0.0686
    3.5679
    0.0537
    0.0908
    0.1311
    0.1604
    0.4154
    0.8732
    0.3831
    0.7215
    0.5898
    0.5980
    0.2166
    0.0330
    0.3585
    0.3736
    1.7354
    0.1208
    2.3536
    0.0563
    0.3564
    0.7558
    0.3741
    0.6234
    0.2636
    0.2924
    0.2956
    1.0378
    0.9963
    0.0425
    0.2172
    0.7417
    0.0422
    0.2248
    0.7440
    7.1649
    0.3196
    0.2149
    0.6211
    0.5737
    0.1698
    0.1227
    0.3036
    0.0073
    0.0779
    0.1549
    0.0370
    0.5737
    0.0052
    0.0813
    0.0979
    0.1759
    0.7581
    0.4704
    0.1412
    0.3378
    0.0405
    0.2197
    0.2096
    0.5634
    0.0261
    0.2470
    0.2854
    0.8122
    0.0744
    0.3621
    0.2384
    0.1853
    0.7781
    0.3891
    0.1674
    0.7007
    0.4153
    0.4633
    0.2374
    2.9569
    2.3517
    1.1587
    0.1820
    0.0185
    0.3527
    0.3626
    0.0893
    0.1992
    0.0150
    0.6920
    0.2036
    0.0517
    0.6895
    0.6333
    0.8294
   23.6059
    0.4848
    2.6849
    0.6073
    0.0744
    0.1761
    0.3194
    2.6434
    0.2969
    0.2384
    0.0682
    0.0137
    0.1039
    0.0141
    0.3775
    1.9550
    0.1967
    1.1158
    0.2374
    0.0647
    0.7685
    0.1313
    0.9901
    0.6595
    0.2383
    0.5935
    0.4335
    0.4055
    0.8530
    0.2082
    0.8974
    0.4689
    0.5081
   12.4924
    0.6700
    0.2231
    3.6804
    0.0366
    1.0308
    0.4808
    0.4913
    0.0595
    0.2775
    0.1412
    0.1279
    0.4908
    0.6422
    4.1724
    0.1304
    0.0306
    1.3163
    0.5407
    1.4302
    0.1134
    2.2887
    0.2366
    0.6490
    0.0007
    5.4471
    0.4815
    0.3189
    0.4617
    0.0331
    0.2433
    0.6244
    0.2176
    0.3995
    0.0516
    0.2545
    0.7277
   44.3647
    0.1587
    1.7312
    0.7599
    0.1652
    0.0568
    0.4595
    0.1356
    0.5644
    0.0633
    0.0096
    0.1752
    0.0614
    0.3613
    0.0108
    0.2522
    0.2673
    0.0942
    0.1547
    0.1598
    0.5664
    0.1723
    0.5648
    0.2388
    0.3654
    0.0697
    0.1980
    0.2386
    0.0956
    0.4615
    0.4878
    0.0178
    0.2597
    0.2845
    0.1830
    0.3107
    0.3538
    0.1031
    0.1020
    0.4870
    0.6293
    2.5791
    0.2149
    0.1991
    0.1728
    0.2230
    0.7365
    0.1979
    0.1353
   25.2156
    0.2125
    0.2091
    0.5192
    0.4959
    0.0048
    0.0165
    0.1379
    0.1258
    0.1054
    0.3975
   13.7330
    0.3212
    0.6025
    0.0564
    0.1091
    1.3730
    0.2240
    0.3617
    0.1249
    2.7403
    0.1404
    1.2625
    1.5323
    0.2490
    0.0926
    1.1075
    1.6115
    0.8351
    0.3372
    0.0258
    0.9999
    0.1229
    0.6576
   13.1492
    0.1916
    1.5808
    0.3698
    0.4904
    0.3441
    0.2040
   10.2882
    1.0779
    0.0644
    0.4077
    0.5943
    0.0436
    0.3124
    0.3713
    0.1590
    0.1942
    1.9288
    0.0005
    0.3466
    1.1397
    0.1829
    0.1908
    0.0446
    0.3712
    0.0166
    1.2378
    0.1833
    0.1258
    0.3286
    0.1864
    0.2029
    0.0637
    1.8995
    0.0738
    0.2828
    0.1595
    0.0626
    0.1375
    0.5110
    0.1086
    0.1120
    0.9675
    0.2903
    0.0831
    0.1015
    0.0679
    0.1978
    0.2606
    0.2966
    0.6076
    0.9855
    1.0356
    0.3664
    0.4161
    0.5976
    0.3730
    0.0873
    0.1602
    4.9172
    0.2151
    0.4267
    0.0341
    0.1202
    0.1780
    0.3421
    0.3566
    0.0509
    0.2883
    0.1555
    0.7050
    0.0099
    0.2887
    1.2403
    0.0961
    0.4009
    0.2986
    0.0875
    0.2232
    0.1976
    1.6328
    0.0210
    0.3666
    0.5644
    2.8525
    0.1073
    0.4115
    0.4943
    0.3622
    0.4861
    0.1377
    0.1737
    0.6820
    0.5717
    0.3446
    0.3167
    0.2929
    0.2738
    0.0261
    0.3243
    0.3657
    0.0344
    0.8302
    0.2447
    0.4814
   13.5456
    0.3342
    0.4550
    0.0495
    0.0868
    5.9788
    0.2357
    0.1680
    0.2769
    0.0392
    0.1085
    0.0631
   31.4117
    0.1755
    0.2589
    0.1292
    0.0944
    0.0885
    0.0680
    0.0567
    0.3081
    0.2934
    0.0712
    0.0348
    0.6560
    0.0865
    0.1556
    0.2103
    0.0429
    0.9308
    0.2212
    0.2685
    0.2057
    0.2603
    0.0665
    0.6293
    0.2674
    0.2984
    0.7742
    0.0159
    0.2555
    0.5090
   13.5110
    0.0922
    0.4061
    0.1025
    0.0769
    0.1211
    0.8866
    0.2459
    0.1218
    0.1581
    0.1536
    2.0402
    0.0529
    0.0979
    0.7027
    0.5846
    1.3104
    0.2276
    0.0306
    0.5983
    0.6171
    1.0893
    0.6039
    0.5369
    0.1258
    0.8125
    0.2226
    0.6183
    0.1331
    0.1555
    1.7742
    0.0079
    0.7835
    0.3186
    0.0536
    0.1284
    2.5759
    1.0138
    0.0634
    0.0009
    0.2789
    0.8001
    0.0699
    0.2172
    0.3518
    0.0638
    1.0429
    1.9329
    1.2747
    0.1931
    0.3936
    0.0577
    0.6076

