   0.5227
   0.8896
   0.3385
   1.2850
   5.9188
   0.8120
   0.2147
   0.8091
   0.2081
   0.1636
   5.0790
   0.5737
   1.5499
   1.4677
   0.5191
   0.2456
   0.2483
   0.6769
   0.3033
   0.1302
   1.1289
   0.1151
   0.2950
   0.0463
   0.3500
   0.8689
   0.2037
   2.6838
   2.2628
   0.4146
   1.0146
   1.8343
   1.3864
   1.9159
   0.9776
   1.6498
   0.2632
   0.2673
   0.5522
   0.1643
   0.6308
   3.2972
   0.0579
   0.0399
   0.3433
   0.1285
   0.1402
   5.2754
   0.5922
   0.2794
   0.8967
   1.9996
   1.8597
   0.2667
   1.2960
   0.3011
   1.0922
   4.3226
   1.3593
   0.0076
   0.3884
   0.5708
   0.7754
   4.5753
   0.1832
   0.4951
   0.5003
   0.6898
   6.9386
   0.6107
   0.0717
   1.2010
   0.0759
   1.2597
   0.0857
   0.5675
   2.1852
   5.5229
   0.4324
   0.0371
   0.4513
   0.4591
   0.0539
   0.2403
   0.9448
   0.1218
   1.7650
   0.4157
   4.1008
   0.3328
   0.1557
   0.3048
   0.3442
   0.2783
   2.1039
   0.0051
   0.4153
   3.6691
   0.8707
   1.4270
   0.0277
   0.5488
   0.3133
   0.2985
   1.0668
   1.2676
   0.1541
   5.1143
   1.5812
   0.1690
   1.1443
   1.0867
   3.3982
   0.0111
   0.8318
   1.9092
   1.1113
   0.0577
   0.8038
   0.0624
   1.4254
   1.6854
   1.8059
   0.2125
   2.3812
   0.8901
   0.9945
   1.1111
   0.1128
   0.1774
   0.0610
   1.0047
   0.9059
   0.4401
   1.2967
   2.1472
   1.7386
   0.1684
   2.8285
   0.9567
   1.9267
   0.3601
   0.6337
   0.2874
   0.0998
   0.8748
   0.4296
   0.1414
   0.4135
   0.0172
   6.5505
   0.0187
   0.0836
   0.4300
   1.0792
   0.3370
   1.3194
   0.5907
   0.0448
   0.9296
   0.8621
   0.1353
   4.4431
   4.4657
   0.0433
   0.7836
   0.5691
   0.8032
   0.4360
   1.2322
   0.0759
   0.3940
   0.7455
   2.4694
   0.5186
   2.3441
   2.6848
   0.2553
   0.8714
   0.2221
   1.3143
   0.1018
   1.9715
   3.3912
   0.2599
   0.0933
   0.2983
   0.4977
   0.4637
   0.4732
   1.0979
   1.9058
   2.0624
   0.4941
   0.0660
   1.2878
   1.2919
   0.6992
   1.5026
   0.1207
   0.3596
   0.1710
   0.2189
   0.2194
   0.7032
   5.6967
   0.7072
   5.8540
   0.2791
   0.0472
   0.1885
   0.6040
   0.0416
   0.4901
   0.0435
   0.0286
   1.5674
   0.4858
   0.9620
   1.2196
   0.1644
   0.5132
   1.5469
   0.6182
   0.9476
   1.6263
   0.2399
   0.4013
   6.4976
   1.5122
   0.6744
   0.9842
   1.4041
   0.1486
   1.6376
   0.3206
   1.9690
   0.1948
   0.0412
   1.8215
   0.1745
   0.6906
   0.1672
   0.7910
   1.0458
   0.2332
   0.7672
   1.6311
   0.1117
   4.3473
   0.6824
   1.0629
   1.2203
   0.1161
   0.0958
   1.2279
   1.9393
   2.1952
   0.3385
   0.4877
   0.3391
   0.3888
   0.0629
   0.7107
   0.0426
   1.0279
   0.9610
   0.8893
   0.7967
   2.5242
   0.3557
   3.6364
   1.1711
   0.0739
   0.8456
   0.0777
   0.0240
   0.0213
   1.0991
   1.2765
   1.0120
   1.7212
   0.4595
   0.7942
   1.0305
   0.0515
   0.7976
   1.3295
   1.3107
   0.8109
   0.3003
   0.0948
   0.2212
   0.2804
   0.5384
   0.2277
   2.1472
   2.7618
   0.2684
   0.9231
   1.4274
   0.9718
   0.7995
   6.5120
   0.0955
   0.0757
   0.8319
   2.7296
   3.3375
   0.4763
   1.1978
   0.1307
   4.3037
   1.7079
   0.6579
   1.3453
   0.0784
   0.5475
   0.0315
   2.7638
   0.0888
   0.5383
   0.1934
   1.6350
   0.9007
   0.2377
   1.2159
   0.0819
   0.1305
   2.5878
   0.2861
   0.3408
   0.3737
   0.4675
   0.0006
   0.2865
   1.4615
   0.1468
   1.4769
   0.0624
   0.0710
   1.9564
   0.1339
   1.5724
   1.4826
   0.2611
   1.1238
   0.4019
   4.9508
   0.1217
   0.0772
   2.0018
   3.3910
   0.6223
   0.4679
   0.0679
   0.6175
   0.3222
   0.4788
   1.6353
   1.2980
   0.2812
   0.1613
   0.6312
   0.1747
   0.1424
   0.0386
   0.2352
   1.6260
   1.1567
   0.2481
   0.3598
   0.1966
   1.0123
   2.0774
   1.0042
   1.3537
   1.1741
   0.3340
   1.3851
   4.0065
   0.7662
   0.2995
   0.5776
   0.5494
   0.9995
   0.5946
   0.4389
   0.1180
   2.4352
   0.3395
   0.2133
   0.9631
   3.6407
   0.1883
   1.6329
   0.3355
   1.0290
   0.3817
   2.3159
   0.7561
   0.8626
   0.2799
   0.1755
   0.2371
   1.4029
   0.0924
   1.0999
   0.7742
   0.8857
   3.1700
   1.4653
   0.3477
   0.1640
   0.5274
   0.5175
   0.1656
   0.0798
   0.5357
   0.2374
   0.5457
   0.1911
   0.5086
   0.4854
   0.0877
   0.8267
   0.0654
   0.0562
   1.8614
   0.1049
   0.8808
   0.0912
   0.6691
   0.3002
   0.1551
   0.1671
   0.1898
   2.2871
   0.0570
   0.0997
   0.1296
   0.9656
   0.3989
   0.0344
   2.1214
   0.0865
   0.8334
   1.7339
   0.8235
   1.9731
   1.4855
   0.2288
   0.5333
   0.1917
   0.6822
   1.6340
   4.0520
   2.1925
   0.1505
   1.3479
   0.0728
   0.4146
   0.0320
   0.4874
   0.0583
   0.7897
   0.5956
   0.7143
   2.4432
   0.5873
   0.2655
   0.3842
   3.1583
   0.3443
   2.2403
   0.0652
   0.4075
   3.3726
   0.8176
   3.7406
   1.7023
   1.0059
   0.6309
   0.1147
   3.3096
   0.6887
   0.2831
   0.0809
   0.6727
   0.3226
   1.6106
   0.4726
   0.3344
   4.5895
   0.2009
   1.1392
   0.4412
   0.1406
   0.8921
   1.7985
   0.3114
   1.7427
   0.0513
   1.5142
   0.0508
   0.0218
   0.6722
   0.7707
   1.7489
   0.5420
   0.2793
   0.1984
   0.5554
   1.4617
   0.0604
   2.2158
   0.2231
   0.6949
   1.2534
   0.5797
   1.4547
   2.3174
   0.1296
   2.3415
   0.5801
   0.2095
   3.4072
   1.8419
   3.1168
   0.5390
   1.8989
   1.8475
   0.0991
   1.7910
   3.0079
   0.0937
   0.5290
   0.4557
   1.2475
   0.6386
   0.4862
   0.6716
   0.1612
   0.0802
   0.0545
   1.9293
   1.0224
   0.3189
   0.0652
   0.2468
   0.1640
   0.6014
   2.0607
   0.0287
   1.3036
   0.0171
   1.8247
   4.4265
   1.7865
   0.5119
   0.6502
   0.0418
   0.8650
   1.5889
   1.9297
   0.5502
   0.4053
   1.8743
   0.5656
   0.2138
   0.1507
   0.1634
   0.2821
   0.5033
   0.0850
   0.3468
   7.2651
   0.7453
   0.6827
   2.0145
   0.7534
   0.5427
   0.3265
   1.1278
   1.4279
   1.0010
   0.2948
   6.1551
   0.1618
   1.1945
   0.5899
   0.1074
   0.4636
   1.0364
   0.9577
   0.5417
   4.8934
   4.5846
   1.2385
   1.9063
   0.9047
   0.6632
   2.1335
   2.5703
   0.0623
   0.0991
   0.0254
   0.0593
   0.8660
   0.2100
   0.3070
   0.2993
   0.5172
   0.2463
   5.4390
   0.3581
   1.6276
   0.3430
   1.0487
   0.4826
   0.0780
   0.6518
   0.3735
   0.5642
   0.7300
   0.5774
   1.1265
   0.7317
   0.5828
   0.1166
   0.9179
   0.8096
   0.0838
   0.4331
   0.9393
   0.5918
   0.0756
   0.0250
   0.2577
   0.5498
   0.5048
   0.5426
   0.7797
   4.4569
   0.7835
   0.9269
   0.8398
   0.7127
   4.6435
   2.3648
   4.8324
   0.3072
   0.4666
   0.3858
   0.2490
   0.8945
   0.0467
   0.3957
   0.5458
   0.8703
   3.4977
   0.6741
   0.2201
   0.4324
   1.4298
   3.4062
   0.5923
   0.1491
   0.3271
   0.7747
   0.1737
   0.6466
   0.5173
   0.0017
   0.3065
   0.2425
   0.6434
   1.7440
   0.5179
   0.9708
   0.3309
   0.3141
   0.5247
   0.2216
   0.5120
   2.6046
   0.0397
   0.4485
   1.7664
   0.4617
   0.0016
   0.3210
   0.0164
   1.8310
   2.7543
   2.0630
   0.3256
   1.1888
   0.2365
   0.3379
   0.0024
   4.2106
   0.4985
   0.9971
   1.7654
   0.1971
   0.3426
   7.1252
   2.3433
   2.0907
   0.5770
   1.4697
   6.4725
   0.5391
   0.1038
   0.7056
   0.0291
   0.9333
   0.0915
   1.5078
   0.3096
   0.3856
   0.0033
   2.0752
   0.1291
   4.8064
   1.0037
   0.7708
   0.3628
   0.2125
   0.4199
   0.3417
   2.9172
   0.0554
   0.0208
   0.9583
   0.7688
   2.9700
   5.6499
   0.1671
   0.7557
   0.6556
   0.0616
   1.3006
   0.9965
   1.0592
   1.0466
   0.5984
   0.3870
   1.7422
   1.1456
   1.9159
   0.9668
   2.2785
   3.1065
   0.5116
   1.4871
   0.2156
   0.5465
   1.6869
   0.1380
   0.2025
   0.0300
   0.4026
   0.1762
   0.4053
   4.9039
   0.1985
   1.7429
   0.2278
   7.5109
   2.9565
   0.5574
   0.6585
   0.9214
   0.5933
   4.4706
   0.8766
   1.2996
   0.6959
   0.2546
   0.0859
   0.1814
   0.4058
   0.5257
   1.2202
   0.7439
   3.7899
   1.8147
   3.4952
   0.0597
   0.0734
   1.8086
   0.6533
   1.6597
   0.0286
   1.8447
   0.2275
   1.9872
   1.3068
   0.0170
   0.5659
   4.1339
   0.0150
   1.7517
   1.7949
   0.0079
   2.6909
   0.0008
   1.1681
   0.0772
   6.9321
   1.1627
   0.3582
   0.5153
   0.2879
   0.5928
   0.7427
   0.1579
   2.3103
   1.1158
   0.0769
   0.2514
   1.6974
   0.0140
   0.5646
   2.2055
   1.1542
   0.0618
   0.0597
   0.3790
   0.7178
   0.0124
   0.4166
   1.5336
   0.6880
   0.7655
   2.7172
   0.3622
   0.1900
   0.4584
   0.2095
   0.6599
   0.0303
   1.1906
   2.2541
   0.0055
   0.0885
   1.2051
   1.0357
   0.4488
   1.9904
   0.0004
   0.4832
   1.0151
   0.3781
   1.6852
   0.7668
   0.2554
   1.3967
   0.5215
   0.7530
   1.5609
   0.5247
   0.4406
   0.0343
   0.0720
   1.3440
   0.3471
   0.4442
   0.3386
   0.0187
   0.8506
   1.5018
   0.0054
   1.2509
   0.2018
   4.1910
   0.3801
   0.2949
   5.1807
   0.8998
   0.5095
   2.0465
   1.1898
   0.2662
   0.4432
   1.4384
   0.1652
   0.0900
   1.0025
   0.3950
   2.0442
   2.7721
   0.0657
   0.0816
   1.0389
   0.2551
   0.0053
   1.8591
   0.1541
   0.3464
   0.2849
   1.0053
   0.9337
   2.5027
   0.5614
   0.3240
   0.0839
   0.5577
   0.6330
   0.9725
   0.6006
   0.1527
   0.6178
   0.6892
   2.5889
   1.9038
   1.0094
   1.7881
   0.3037
   0.3465
   0.7642
   0.4915
   0.8889
   0.1046
   0.2626
   0.7726
   0.4553
   0.0400
   1.2598
   0.4448
   1.5542
   0.8207
   1.7754
   0.3288
   0.6387
   2.0610
   0.9785
   0.4962
   2.8508
   0.0980
   1.2274
   0.6129
   0.4965
   1.0226
   0.9535
   0.7119
   0.9943
   0.6581
   0.1706
   0.3848
   1.0249
   4.4062
   0.7008
   2.5601
   0.3802
   2.1743
   0.0160
   2.3135
   1.4714
   0.4660
   1.9227
   0.3046
   0.4341
   0.2318
   0.6289
   0.4263
   0.3701
   0.0905
   0.1167
   0.6173
   0.1183
   0.4265
   0.9440
   0.3663
   1.0784
   0.6119
   0.2491
   1.5317
   2.3155
   1.6984
   0.2590
   0.2658
   1.5885
   0.3542
   0.0107
   0.0592
   1.3863
   0.3837
   0.0863
   0.2042
   0.1720
   0.0453
   2.1491
   0.9480
   0.4980
   0.0200
   0.4766
   0.6582

