   0.8438
   0.0668
   0.0490
   3.3337
   0.7414
   1.2923
   0.1054
   4.0969
   0.0726
   2.5774
   1.1321
   0.0345
   0.8824
   0.7854
   1.3263
   0.1399
   0.2139
   2.8251
   1.7514
   0.0556
   0.4532
   0.7062
   0.7551
   0.2562
   0.2003
   0.7466
   0.3769
   0.1657
   0.6438
   0.7668
   0.2490
   0.6149
   0.7574
   0.6696
   1.0035
   0.1580
   1.1101
   3.8043
   0.7812
   0.0756
   1.7702
   5.5174
   1.1915
   1.0481
   0.2189
   0.2475
   0.4698
   0.2691
   3.0073
   1.5457
   0.5894
   1.7097
   0.8729
   0.0411
   0.2189
   1.9667
   1.2384
   1.4752
   0.8703
   0.3874
   0.3058
   0.6744
   2.2109
   3.0878
   0.4943
   0.3635
   0.0525
   0.4976
   0.1170
   0.4720
   2.7290
   0.1635
   0.2322
   0.3774
   0.3042
   0.2015
   0.0158
   1.5107
   0.9645
   2.4053
   0.0485
   0.5558
   1.1576
   0.2116
   0.8645
   2.4341
   0.1837
   0.4400
   0.9284
   0.1335
   0.8931
   3.0072
   0.2891
   1.4481
   1.5167
   0.0772
   0.0183
   1.3379
   0.0464
   0.2611
   0.3544
   0.6786
   0.7268
   0.2217
   3.0073
   0.3315
   0.9231
   0.1429
   2.6375
   0.1780
   0.5689
   2.1629
   4.1451
   1.3001
   0.2476
   0.4663
   0.2595
   0.0456
   2.3471
   1.2477
   1.0910
   0.8215
   0.2765
   0.1355
   0.1593
   0.7603
   0.0171
   0.2985
   2.3551
   0.4789
   0.1471
   0.4024
   0.4067
   0.9309
   1.1457
   1.0384
   0.4910
   0.3900
   0.0582
   0.5245
   1.8023
   0.0970
   0.5467
   0.0695
   0.0825
   0.3047
   1.2563
   1.3134
   0.6792
   2.1993
   0.5290
   2.1405
   0.4854
   0.3330
   0.3344
   1.1466
   9.6718
   0.0442
   0.5184
   0.2229
   0.1407
   0.5649
   0.5470
   0.6268
   0.0140
   3.0654
   7.2631
   1.7795
   4.5813
   1.5528
   0.5209
   0.8445
   0.4572
   0.1557
   0.7637
   1.6287
   2.0243
   0.5311
   1.7106
   2.6713
   0.5422
   0.5989
   0.2328
   0.5883
   0.1571
   0.3472
   0.9191
   0.3173
   0.3105
   0.5594
   0.3359
   3.2635
   0.3095
   0.1688
   2.0610
   0.0317
   2.2926
   3.6827
   0.8269
   0.9924
   0.3053
   0.1078
   0.1673
   0.5741
   0.8469
   0.3627
   0.2740
   0.5009
   0.7907
   2.4547
   1.7425
   2.6760
   1.1663
   0.5787
   0.7459
   0.3930
   0.1210
   0.1582
   0.8085
   2.3807
   4.0303
   0.6176
   0.0428
   1.0388
   0.1557
   0.3921
   2.2556
   0.8693
   1.8055
   0.6167
   0.4447
   1.4968
   1.4330
   1.1491
   0.5336
   0.2218
   0.8595
   0.3373
   1.4632
   0.4292
   0.3010
   0.5201
   4.3040
   0.0332
   1.6797
   0.3474
   0.8954
   0.0768
   0.0926
   0.6824
   0.3902
   1.0606
   0.3785
   1.5607
   0.2425
   3.7751
   1.5419
   2.2014
   0.0898
   0.4968
   0.0063
   0.9521
   0.9268
   3.3231
   1.3550
   0.0705
   2.3382
   1.3532
   0.3180
   0.5637
   0.0826
   0.5194
   0.7863
   0.2515
   0.7502
   0.2811
   4.4723
   0.2511
   0.9217
   0.3349
   0.9403
   0.6228
   2.1398
   0.1023
   0.1821
   0.0388
   0.8675
   2.0141
   1.4819
   0.6579
   0.9315
   2.0859
   0.1268
   1.8915
   0.1423
   0.4571
   7.5952
   0.8464
   0.2699
   2.1680
   0.2826
   0.9015
   0.8921
   0.5321
   2.0119
   6.3349
   0.3022
   0.1503
   0.2901
   0.4771
   0.6261
   0.1639
   0.0594
   0.0084
   0.1011
   0.1206
   0.2325
   1.3824
   0.7958
   2.5156
   0.1545
   1.8260
   1.7845
   0.5523
   0.6339
   1.4285
   0.5347
   0.0512
   1.3113
   1.7944
   0.6537
   2.1385
   0.4456
   1.0339
   0.2271
   0.8467
   1.7148
   0.7747
   0.3165
   0.4435
   2.0779
   0.5612
   0.4665
   2.0546
   0.3266
   0.1310
   1.7197
   5.4873
   1.2837
   2.5042
   0.9956
   0.5143
   0.1064
   2.4631
   0.2271
   4.5810
   0.5012
   0.0026
   0.1268
   0.0357
   0.2925
   0.0974
   1.0423
   0.8960
   0.1395
   0.2554
   0.0442
   0.4656
   3.4370
   1.2785
   4.3014
   1.1517
   1.2501
   1.4401
   0.0733
   1.0027
   1.0376
   0.0607
   0.1727
   0.0102
   0.1868
   2.8108
   0.2854
   0.2895
   0.2581
   1.0903
   0.0168
   0.2718
   2.0350
   0.8729
   0.4771
   0.1464
   0.2053
   0.6319
   0.0048
   0.8082
   0.3505
   0.1641
   0.6427
   1.5861
   1.1965
   0.8736
   0.2965
   1.5459
   1.4256
   0.4748
   0.6606
   4.2084
   0.1366
   0.5971
   5.7063
   0.3918
   0.6851
   0.0190
   0.9075
   0.8087
   0.2525
   0.0044
   0.6997
   1.0116
   0.2339
   0.3215
   3.1538
   0.3749
   1.7174
   0.2870
   0.1116
   0.7635
   0.7671
   0.0166
   0.2458
   1.1027
   0.2858
   0.4979
   0.1417
   0.8287
   0.2874
   0.9822
   1.9342
   0.9479
   1.4967
   0.8449
   0.1091
   0.8508
   1.0344
   1.7320
   0.3374
   5.8135
   0.9859
   0.3814
   0.2526
   0.4622
   1.1222
   2.8798
   1.6384
   0.0152
   0.8631
   1.0445
   0.3067
   2.1927
   0.5612
   1.3942
   0.1905
   0.4858
   0.2935
   0.2460
   0.4622
   1.4616
   0.9314
   0.6964
   1.5822
   0.0560
   1.3376
   0.0031
   0.2616
   6.8202
   0.8603
   0.3053
   0.9324
   1.0440
   0.7053
   0.2639
   0.8763
   0.1995
   0.5233
   1.2935
   1.5205
   0.5461
   0.2394
   0.1275
   1.3835
   1.4402
   0.2279
   3.9640
   0.8822
   1.4287
   2.3300
   0.6876
   0.0258
   0.1194

