   0.1498
   0.9025
   0.2700
   0.2646
   1.7072
   0.5844
   0.9964
   0.6554
   0.6956
   1.0077
   0.5852
   0.9335
   0.9896
   1.3709
   0.2665
   0.6500
   0.7836
   1.2695
   0.5571
   0.4347
   0.6541
   0.5224
   0.1602
   0.8550
   0.4850
   0.4702
   1.5512
   1.0886
   0.8653
   0.6736
   0.6646
   1.4115
   0.5588
   2.0147
   0.1903
   0.3465
   2.1333
   0.9550
   0.9082
   1.1375
   0.4720
   1.0333
   1.1794
   1.8808
   0.9475
   0.9458
   1.5721
   1.2362
   0.3298
   0.3566
   0.8619
   1.0870
   1.4181
   1.5685
   1.1238
   0.5470
   0.2661
   0.7267
   0.4148
   0.4968
   1.7771
   0.9137
   0.6710
   0.9827
   1.2939
   0.7928
   0.4380
   1.4199
   0.4429
   1.9872
   0.6335
   1.2816
   1.5484
   0.5525
   0.4679
   1.1288
   2.2440
   0.6280
   0.7341
   0.3016
   0.7889
   0.7322
   0.5740
   0.5365
   0.9338
   2.0569
   1.8013
   0.7568
   0.3530
   0.5766
   1.1026
   1.7469
   0.4758
   0.3663
   0.8687
   0.8597
   1.8921
   1.1549
   1.9932
   0.4760
   0.6859
   1.3154
   0.5746
   1.7319
   0.6083
   0.4644
   2.0728
   1.8429
   0.3948
   2.3302
   1.3316
   1.0461
   1.8520
   0.6707
   1.1536
   0.9622
   0.1951
   0.5680
   1.2754
   0.6010
   1.8879
   1.7114
   2.3821
   1.0355
   1.4696
   1.0083
   0.7347
   0.7358
   1.2064
   1.0239
   0.7195
   0.3644
   0.1358
   0.5408
   2.8441
   1.1771
   2.2963
   0.3376
   0.3796
   0.9547
   0.4911
   0.6925
   1.0723
   0.8661
   1.0254
   0.2392
   2.0465
   0.7509
   1.0722
   0.8092
   0.6131
   0.3471
   1.2458
   1.6536
   0.7409
   0.4865
   0.9949
   0.5712
   0.6691
   1.1204
   0.3560
   0.2470
   1.6452
   1.1906
   0.6157
   0.8502
   0.8660
   0.2796
   0.6041
   0.5903
   1.0183
   0.5748
   0.7686
   1.9219
   0.6724
   0.3431
   0.5168
   1.2866
   0.6735
   0.7595
   1.1795
   0.8919
   0.9374
   0.5332
   0.8053
   3.5224
   0.7474
   0.3044
   1.1361
   1.4914
   0.8681
   2.3893
   0.5421
   0.1815
   0.7950
   0.7540
   0.9838
   0.7176
   0.7808
   0.4215
   0.4317
   1.3161
   1.0957
   0.6612
   1.4605
   0.3015
   1.0324
   1.9833
   0.7936
   0.8486
   0.4321
   1.5059
   0.6735
   2.3757
   1.1547
   0.5308
   0.5617
   0.2680
   0.6996
   0.9223
   0.2549
   0.9477
   1.6232
   0.8327
   0.4364
   0.1981
   0.8766
   1.2806
   1.6084
   0.2144
   1.1198
   0.4901
   1.5492
   1.3721
   1.1231
   0.4132
   0.7992
   4.1802
   0.6431
   0.7075
   0.8258
   1.1777
   1.4031
   0.8956
   0.8185
   1.1892
   0.6953
   0.6486
   0.4945
   0.4776
   0.8794
   0.4492
   1.0067
   1.2305
   0.3101
   0.3814
   0.3619
   0.8575
   0.9453
   0.2381
   0.7190
   0.8173
   2.2843
   1.1318
   0.5033
   1.0861
   1.1881
   0.5046
   1.1444
   0.4796
   0.4485
   1.5566
   1.1204
   1.0529
   2.0704
   0.9621
   0.5736
   0.6865
   0.6499
   0.2778
   1.0499
   2.1077
   0.7647
   0.3887
   3.3889
   0.4607
   0.3173
   1.2348
   1.0498
   2.1971
   0.7296
   1.1342
   0.9657
   0.2147
   0.6509
   1.3403
   1.0144
   1.5307
   1.1592
   0.2691
   1.1145
   3.5572
   0.6505
   0.6813
   2.0121
   0.7615
   2.0053
   0.3625
   0.4220
   1.3397
   0.5665
   0.4381
   1.0819
   0.5950
   0.4326
   0.9753
   0.7578
   0.6018
   0.3926
   0.4427
   3.1195
   0.8374
   1.1059
   0.2201
   0.9565
   0.1954
   1.1622
   1.6983
   0.5589
   1.0377
   0.5277
   0.7373
   1.9141
   0.5310
   0.6658
   1.0213
   0.8291
   1.6762
   1.0622
   1.3356
   1.1121
   0.7941
   0.5894
   0.5205
   0.6708
   0.8625
   0.3127
   0.1280
   1.6531
   1.3026
   1.3110
   1.2046
   0.3093
   0.5909
   1.6512
   0.3885
   0.6072
   1.6061
   0.5564
   0.5199
   0.9400
   1.3263
   0.5188
   0.9304
   0.5747
   0.4367
   0.2035
   1.3623
   1.4637
   1.0367
   0.2139
   0.8236
   1.3701
   1.3419
   0.4153
   1.5510
   0.9490
   0.4502
   0.7007
   0.6232
   0.5506
   0.3284
   2.6390
   0.5633
   1.1528
   3.3880
   0.6112
   1.7047
   0.7148
   1.6072
   0.3936
   0.9623
   1.0615
   0.6772
   0.9752
   0.7529
   1.7815
   0.4493
   1.4096
   0.8626
   0.8113
   1.0059
   1.4422
   0.8521
   0.7524
   0.6657
   1.1658
   1.4103
   1.8120
   0.7787
   1.3802
   0.6257
   0.7295
   0.8225
   1.8783
   0.4491
   0.7937
   1.0049
   0.9939
   1.5168
   1.2515
   2.4216
   0.9104
   0.6856
   0.8564
   0.8419
   2.0534
   1.3683
   0.7471
   0.3955
   0.6490
   0.4088
   2.1055
   1.2604
   0.2257
   0.9805
   1.5612
   0.9533
   1.0880
   0.4362
   0.8082
   2.9486
   0.9082
   0.7776
   0.3039
   0.3743
   1.9903
   0.9908
   1.0078
   0.8015
   0.5849
   1.5029
   1.4894
   0.9046
   2.7210
   0.5187
   0.5450
   1.3652
   0.2488
   1.7901
   0.9537
   0.5994
   0.8392
   0.7236
   1.2157
   0.6971
   0.4819
   0.9238
   0.3888
   0.5514
   1.0574
   0.5108
   1.8941
   0.5743
   1.4696
   0.6833
   1.3673
   0.6823
   2.5538
   1.0715
   1.3753
   0.7359
   1.4046
   2.9926
   0.3747
   0.6755
   0.3735
   0.3385
   0.9767
   1.6758
   0.7151
   0.6869
   0.8505
   0.6175
   0.6977
   1.4220
   0.8222
   0.6393
   0.6347
   1.5198
   3.7222
   0.6240
   0.4251
   1.2786
   0.2608
   0.7724
   1.1177
   0.7791
   0.7935
   0.4666
   4.4798
   1.2727
   1.0192
   0.4760
   0.2286
   0.4974
   0.9693
   0.8189
   1.4535
   3.4191
   2.3281
   1.0598
   1.2287
   2.3622
   0.5769
   2.0416
   1.3744
   0.3420
   1.9723
   0.1840
   0.4064
   1.3096
   0.6517
   1.2006
   1.3008
   1.1252
   0.7358
   1.1371
   1.7077
   1.0937
   0.1170
   0.5434
   1.3686
   1.3490
   0.7325
   0.3848
   1.9909
   1.5845
   0.9023
   1.4077
   0.2631
   2.7288
   0.4486
   2.8654
   2.6462
   0.6255
   0.9213
   1.5987
   0.9858
   0.2063
   1.2471
   0.2708
   0.7097
   1.5872
   1.1838
   0.7641
   0.8593
   0.2132
   2.4611
   2.1938
   0.4841
   0.6653
   0.3111
   1.8918
   0.5791
   0.9137
   0.9670
   1.3530
   1.0610
   1.6747
   0.6366
   0.3502
   0.5063
   0.9482
   1.1727
   0.7322
   0.5548
   0.6188
   1.4572
   0.3671
   1.0661
   0.7532
   0.9237
   1.3560
   1.1280
   1.0636
   1.4486
   0.6979
   1.4358
   0.3158
   0.4195
   3.2398
   0.5142
   1.3116
   2.0549
   0.6387
   1.8052
   0.4344
   0.2130
   0.6722
   0.8457
   1.5732
   0.3690
   1.1084
   1.8858
   1.0102
   0.4702
   0.8620
   0.5146
   0.4082
   1.3788
   2.8325
   1.0242
   1.2552
   1.0503
   1.0196
   1.1518
   0.5204
   0.5129
   2.2563
   0.7118
   0.7209
   0.2459
   1.0767
   0.5515
   1.4209
   3.1743
   1.6522
   0.4007
   1.1889
   0.4311
   0.6638
   0.6594
   0.7183
   1.0959
   0.4377
   0.4158
   0.7926
   3.4569
   1.1530
   2.0983
   0.8930
   0.4833
   0.2269
   0.4131
   0.9861
   1.0669
   0.3816
   1.5636
   3.0130
   0.6990
   0.3717
   0.3247
   0.3660
   0.2307
   0.6210
   1.0388
   2.4067
   1.4347
   0.5453
   0.3571
   0.7067
   0.6625
   1.1201
   0.5741
   0.5620
   1.2780
   0.6433
   0.3718
   1.3576
   0.8579
   1.5913
   0.6667
   0.7132
   0.3491
   0.4215
   0.6966
   2.1083
   0.3331
   2.8709
   1.6201
   0.3791
   0.6815
   1.5684
   1.1016
   1.4332
   0.5699
   0.7565
   1.6582
   1.2875
   0.6597
   0.3568
   2.1689
   1.0771
   1.9363
   1.7872
   0.5126
   0.8058
   0.3861
   0.7307
   1.9812
   0.2649
   1.4755
   0.7049
   0.5532
   2.8077
   0.4638
   1.7689
   0.5634
   0.5710
   0.7917
   1.1699
   0.6492
   0.7527
   0.9264
   0.6990
   1.4023
   0.7336
   1.4672
   1.6195
   1.1426
   0.6041
   0.5162
   1.1620
   0.9810
   1.2592
   1.4406
   0.7300
   1.6503
   1.1072
   0.3229
   0.2520
   0.2806
   0.4789
   1.0112
   0.2931
   0.2067
   0.6826
   0.5157
   0.7727
   0.8492
   0.3026
   0.7533
   1.0070
   0.5477
   0.6360
   1.4052
   0.3663
   0.7619
   0.3696
   0.9720
   0.7835
   1.5171
   1.2135
   1.0367
   0.5582
   0.3795
   1.2720
   1.6297
   1.1716
   0.6197
   1.6477
   0.6158
   0.8874
   0.8892
   0.9722
   1.2189
   0.5126
   0.8053
   1.9917
   1.5557
   0.8414
   0.3664
   0.4512
   0.7791
   1.2709
   0.4454
   1.2823
   0.5717
   0.1736
   1.0314
   1.9291
   0.6509
   2.0125
   1.3579
   1.6406
   0.2993
   1.0580
   0.9140
   0.3133
   1.6938
   0.2604
   2.8313
   0.8384
   1.2170
   1.4521
   1.7192
   0.2155
   0.3095
   0.7447
   0.7348
   3.0805
   0.8846
   1.2682
   2.3138
   0.7210
   0.4280
   0.7291
   1.1115
   1.0686
   0.8616
   2.2150
   0.8197
   1.5408
   0.2833
   0.7206
   0.5227
   0.4446
   0.6874
   0.4512
   0.3241
   1.3806
   0.8371
   1.0501
   1.0171
   0.7314
   1.9961
   1.0695
   0.5552
   3.1514
   0.7109
   0.3525
   0.9082
   0.7242
   0.4522
   1.9632
   1.4895
   1.2433
   0.5169
   1.5632
   0.6749
   1.0274
   1.0775
   0.9557
   1.4413
   1.1834
   0.6748
   0.6694
   1.0464
   0.8126
   0.8030
   2.7142
   0.4496
   1.0230
   0.8137
   0.4459
   2.0354
   0.4854
   0.6485
   0.9765
   1.2650
   1.0687
   0.8062
   0.5988
   0.8220
   0.7158
   0.7181
   0.3544
   0.4996
   0.9002
   0.4136
   0.5406
   1.0956
   0.8036
   1.0080
   0.7628
   2.3753
   1.8717
   0.8653
   0.6738
   2.3949
   0.8373
   1.1557
   0.1947
   2.5037
   1.3417
   1.2151
   0.6830
   0.3496
   1.0809
   2.3187
   1.5289
   3.3070
   0.5211
   1.4549
   0.9786
   0.9724
   1.2125
   0.7627
   1.1021
   2.6979
   1.0882
   0.4493
   0.9876
   0.8852
   1.6135
   0.1498
   0.3687
   0.6994
   0.5735
   0.2787
   1.7492
   1.4480
   0.8993
   1.8961
   0.7248
   0.4849
   0.9518
   0.6140
   2.5822
   1.0606
   1.4243
   0.3823
   1.4535
   0.3021
   0.4748
   0.7470
   0.5902
   0.4662
   0.8465
   1.6063
   1.0398
   0.5399
   0.7295
   0.9434
   0.5199
   0.3379
   2.0606
   0.5025
   0.8264
   0.3240
   1.2790
   0.7249
   0.6121
   1.0957
   0.7123
   0.1419
   0.4939
   0.7809
   1.9037
   0.6112
   0.8985
   1.1218
   0.6613
   0.6363
   0.4425
   0.9193
   0.5223
   1.6789
   0.8590
   0.5953
   0.3930
   1.0008
   1.1835
   0.4489
   1.1037
   1.6323
   1.2599
   1.5127
   1.3783
   2.0330
   0.4402
   0.6460
   2.2609
   1.8724
   0.6412
   0.6195
   0.5909
   1.0594
   1.2654
   0.8606
   1.8741
   0.5520
   1.9187
   0.5449
   0.4290
   1.5397
   0.5079
   2.3902
   0.6396

