  1.1402e+002
  6.6678e+002
  4.2904e+000
  2.9372e+000
  8.1994e-001
  1.2179e+002
  6.6812e+000
  7.8732e+001
  1.0581e+002
  1.8447e+001
  4.0423e+000
  1.1554e+002
  3.4836e+001
  2.6278e+000
  4.1649e+002
  3.6464e+001
  3.1441e+000
  1.1149e+001
  7.7556e+001
  9.7588e+000
  1.6200e+001
  7.0820e-001
  3.7370e+002
  1.4958e+002
  9.2522e+001
  1.2804e+001
  2.3583e+002
  3.8452e+001
  3.7272e+001
  1.4262e+000
  2.0187e+000
  2.3093e+001
  3.4416e+002
  2.3103e+002
  8.3497e+001
  1.7591e+001
  9.6972e-001
  1.0731e+002
  7.8003e+001
  7.7235e-001
  3.3841e+000
  1.2039e+002
  2.8625e+002
  4.2231e+002
  1.3910e+001
  2.9018e+002
  6.0222e+002
  7.5042e+002
  1.5377e+002
  2.4138e+000
  1.2672e+001
  3.7081e+002
  7.4157e+002
  4.6717e+000
  6.1762e+000
  8.8243e+001
  1.8736e+002
  4.0411e+002
  3.4529e+001
  1.6052e+002
  1.5136e+001
  8.3544e+001
  9.4684e+001
  7.7148e+001
  2.3155e+002
  8.2343e+000
  6.4971e+002
  1.0059e+002
  3.4234e+002
  1.3820e+002
  3.0682e+002
  1.7872e+001
  9.1082e-001
  7.1201e+000
  4.0278e+002
  3.9196e+001
  2.7459e+001
  8.0727e+000
  1.1815e+002
  3.9641e+001
  3.2756e+001
  2.7768e+002
  1.7293e+000
  1.1738e+000
  3.6024e+001
  5.0560e+001
  2.1193e+002
  3.8555e+001
  8.3792e+001
  9.3076e+000
  2.1937e+002
  3.0453e+002
  5.8196e+000
  1.7726e+001
  1.9320e+001
  5.3236e+002
  2.2169e+001
  1.7390e+002
  2.5842e+001
  9.2041e+000
  2.3616e+001
  1.9088e+002
  2.1115e+002
  1.8752e+002
  1.2056e+001
  5.1140e+000
  1.2035e+002
  8.9604e+001
  1.9255e+000
  1.5556e+002
  2.1672e+002
  8.0387e+001
  1.7938e+000
  1.5738e+001
  4.0079e+001
  6.0231e+001
  1.4196e+002
  1.1393e+001
  1.4244e+000
  3.3967e+001
  1.5230e+001
  4.1600e+001
  4.4417e+001
  4.1426e+002
  1.1454e+002
  1.4580e+000
  1.1456e+002
  9.9230e+001
  9.0260e+000
  5.7670e+001
  1.4304e+002
  3.3775e+002
  3.8712e+000
  3.3917e+002
  2.5764e+002
  1.8455e+002
  3.9090e+002
  6.8349e+001
  1.2613e+002
  2.7427e+000
  5.2587e+001
  4.4439e+001
  2.2965e+000
  5.7320e+001
  8.2576e+001
  1.4981e+001
  1.0205e+002
  2.0918e+001
  5.6790e+001
  2.7524e+001
  4.0750e+001
  2.1524e+001
  3.8293e+000
  3.1059e+002
  9.4918e+000
  1.0786e+000
  1.7580e+000
  9.1012e+001
  1.3282e+001
  5.3753e+000
  3.2380e+000
  7.5994e+001
  5.2157e+001
  1.5775e+000
  3.0695e+000
  1.8021e+002
  1.2847e+002
  2.9875e+002
  5.7778e+001
  1.2532e+000
  1.5243e+001
  1.7201e+000
  5.1882e+001
  1.1138e+001
  3.6155e+001
  1.1427e+002
  2.2115e+002
  3.6008e+002
  5.0355e+002
  5.1360e+000
  2.3880e+002
  1.7982e+001
  1.0016e+002
  3.0874e+001
  1.8229e+002
  8.9600e+001
  1.0339e+002
  1.7770e+001
  1.2018e+001
  6.7438e+000
  4.1623e+002
  1.0226e+001
  2.9319e+000
  6.8322e+001
  1.2225e+002
  5.5079e+001
  1.0612e+001
  1.0172e+002
  6.8153e+001
  7.7166e+001
  5.2003e+000
  2.1088e+001
  7.0494e+000
  8.2099e+002
  8.8816e+001
  3.6325e+000
  3.4276e+002
  3.3833e+002
  3.1719e+001
  1.9898e+001
  1.3478e+002
  4.7010e+000
  1.3350e+001
  2.5541e+002
  5.4751e+002
  2.3922e+002
  6.1117e+000
  1.7974e+002
  1.7328e+000
  1.2182e+001
  1.2438e+001
  1.3113e+002
  1.4980e+000
  3.0910e+002
  1.2581e+002
  4.0860e+000
  2.5726e+001
  8.4622e+000
  1.4414e+000
  4.5344e+001
  1.7021e+002
  8.6426e+000
  1.7932e+002
  2.6894e+001
  4.0484e+000
  1.4417e+002
  1.0967e+001
  7.1191e+001
  3.4320e+002
  2.0008e+001
  2.3670e+002
  2.1589e+002
  1.7808e+002
  2.0268e+000
  7.4174e+000
  1.7306e+001
  1.8112e+000
  1.2273e+002
  9.4064e+000
  4.8849e+001
  2.1675e+002
  3.5516e+002
  1.4815e+002
  1.5355e+000
  8.1378e+000
  3.1337e+001
  5.7598e+000
  6.7314e-001
  1.0526e+002
  1.6615e+002
  2.8484e+002
  3.8920e+000
  2.2526e+000
  7.3786e-001
  1.5896e+001
  2.9575e+002
  2.2054e+002
  2.0466e+002
  1.9343e+000
  1.0516e+002
  1.0284e+002
  2.4828e+001
  5.1508e+002
  2.0778e+001
  2.9695e+001
  1.5819e+002
  4.6516e+001
  8.3723e-001
  6.3557e+000
  1.8196e+000
  3.2315e+002
  1.2178e+001
  1.6929e+002
  6.2475e+001
  2.5303e+002
  9.9800e+000
  1.7184e+002
  2.2438e+001
  1.5289e+002
  3.0221e+002
  7.1742e+000
  1.7524e+000
  9.6764e+001
  7.4936e+001
  8.0631e+001
  2.3884e+001
  3.5700e+001
  2.1639e+002
  1.8377e+001
  3.1595e+000
  2.5867e+000
  2.8617e+001
  5.7996e+002
  9.4691e+002
  1.8099e+000
  1.7641e+001
  3.8455e+000
  3.0419e+002
  1.7534e+001
  1.4243e+002
  2.7602e+002
  1.4522e+001
  3.3382e+000
  4.7864e+001
  4.4118e+000
  1.3440e+001
  3.7059e+002
  4.3329e+001
  3.7808e+002
  2.8648e+001
  3.1963e+000
  2.4953e+002
  2.2598e+002
  3.2697e+000
  6.0579e+000
  6.7050e-001
  7.8189e+000
  8.8757e+001
  4.1781e+001
  6.5538e+000
  2.4550e+001
  6.1820e+001
  2.9075e+000
  3.1299e+001
  7.1802e+001
  5.4865e+001
  1.6939e+001
  5.2401e+000
  1.3119e+002
  2.1537e+002
  5.6194e+000
  1.0359e+000
  1.4891e+001
  9.4966e+001
  6.7044e+000
  2.6617e+002
  5.7754e+000
  2.9825e+002
  3.4780e+001
  1.9759e+001
  6.5184e+002
  7.4722e+002
  7.8969e+000
  1.9561e+002
  1.7185e+000
  7.4192e+001
  6.2030e+002
  3.9481e+002
  4.5819e-001
  7.8630e+001
  2.5758e+002
  3.2190e+000
  6.9908e+001
  7.2422e+000
  5.0508e+000
  5.0789e+002
  1.4419e+001
  2.1247e+002
  5.6734e+001
  2.6686e+001
  2.3244e+000
  7.6584e+001
  3.1265e+001
  1.4870e+000
  6.3811e+001
  4.8951e+001
  1.4589e+000
  1.5979e+002
  1.3733e+001
  3.1278e+002
  5.3791e+000
  1.2231e+001
  2.5047e+002
  4.8726e+000
  2.2366e+002
  8.4467e+001
  2.0230e+002
  1.0306e+001
  8.1370e+001
  7.2206e+001
  5.3394e+000
  8.7028e+000
  1.0511e+001
  5.8208e+000
  2.0795e+002
  3.3902e+001
  2.1361e+001
  1.6764e+001
  3.0728e+001
  1.0311e+002
  1.3331e+000
  4.5079e+002
  3.4248e+001
  2.7831e+001
  2.1659e+002
  1.3801e+002
  5.7038e+002
  2.6025e+001
  2.5869e+002
  1.1637e+002
  1.3947e+002
  4.5963e+001
  1.0850e+001
  6.5756e+000
  7.2201e+001
  1.5237e+002
  1.6005e+002
  2.2473e+002
  6.9622e+001
  2.1670e+002
  1.3018e+002
  4.4037e+000
  3.2395e+001
  6.5979e+002
  1.6958e+001
  3.0635e+000
  2.3776e+001
  8.1118e+001
  2.0504e+001
  1.1149e+000
  3.2479e+002
  3.9095e+000
  1.0644e+002
  9.5406e+000
  5.3312e+000
  2.4356e+001
  6.9598e+000
  1.4126e+002
  2.4271e+000
  8.4007e+001
  5.4294e+001
  9.3274e+000
  2.1372e+002
  7.0682e+001
  1.5008e+001
  2.5995e+002
  7.9839e+001
  3.1996e+002
  2.5460e+000
  2.2422e+001
  1.1121e+001
  4.2048e+001
  1.8442e+000
  6.1535e+002
  4.8122e+001
  2.0072e+002
  3.8894e+002
  1.9055e+002
  2.0131e+000
  4.8977e+002
  1.3049e+000
  8.8408e+000
  9.3843e+001
  1.3302e+001
  6.9593e-001
  5.7964e+001
  2.0720e+001
  6.4566e+002
  2.9404e+002
  6.6923e+001
  2.5474e+002
  1.7521e+002
  1.7935e+002
  1.9777e+002
  2.5571e+002
  1.9877e+002
  1.9709e+001
  4.2593e+001
  4.1135e+002
  1.0335e+001
  5.8559e+001
  2.8950e+001
  5.1951e+000
  2.1594e+000
  9.6654e+001
  2.8321e+000
  1.5079e+000
  3.2874e+002
  1.5711e+002
  1.7397e+001
  3.8565e+002
  8.0237e+002
  4.6690e+001
  3.5648e+002
  3.5156e+000
  1.0559e+000
  4.0956e+000
  1.0356e+002
  1.7266e+001
  1.7577e+000
  8.5594e+001
  1.7331e+001
  9.9983e+001
  3.3739e+001
  2.8072e+001
  9.3750e+000
  1.4104e+002
  4.7297e+001
  2.5605e+001
  5.6719e+001
  7.3612e+000
  4.5775e+001
  1.1399e+000
  7.2275e+000
  1.5528e+002
  1.4431e+001
  1.0446e+002
  1.0306e+002
  3.8594e+001
  6.1408e+001
  1.2391e+000
  7.6945e+001
  2.2291e+001
  7.7358e+001
  1.6757e+001
  1.4603e+002
  2.7704e+002
  1.9839e+000
  8.3595e+001
  6.1232e+001
  4.9647e+001
  1.7387e+001
  5.6555e+001
  3.6975e+000
  2.4814e+000
  6.3929e+000
  7.4606e+000
  4.2742e+000
  2.5541e+002
  4.8259e+001
  4.2845e+001
  4.2807e+000
  3.4489e+000
  8.9799e+000
  1.2508e+001
  2.0231e+002
  1.5380e+002
  9.8899e+000
  8.0301e+001
  3.0594e+001
  4.1636e-001
  1.7148e+002
  2.1737e+002
  7.3150e+001
  4.8990e+001
  6.4569e+001
  2.4423e+002
  2.9892e+002
  1.9670e+001
  1.3909e+001
  2.4668e+002
  9.0809e+001
  1.1812e+002
  2.0685e+001
  5.0386e+000
  7.0430e+001
  3.6426e+001
  1.2700e+002
  5.9347e+001
  2.6656e+001
  1.4790e+000
  2.6031e+000
  3.0937e+001
  2.2926e+001
  4.8648e+001
  4.1488e+001
  1.3833e+002
  1.4650e+002
  2.7806e+002
  1.8124e+000
  3.9027e+001
  6.3519e+000
  2.0953e+000
  6.7227e+000
  5.8552e+000
  5.4004e+001
  2.9955e+001
  4.4235e+000
  2.4808e+001
  8.6348e+001
  1.9319e+001
  2.9378e+000
  1.3301e+001
  6.0754e+001
  1.9838e+001
  8.0112e+000
  2.8621e+001
  1.7829e+000
  7.5592e+001
  8.1658e+000
  5.7566e+001
  1.0261e+002
  1.2703e+002
  2.7789e+001
  1.9464e+002
  3.4751e+001
  1.8110e+001
  2.2292e+002
  1.9639e+000
  3.9709e+002
  2.1251e+002
  1.1047e+001
  8.6236e+001
  8.4231e+001
  4.7453e+001
  3.7223e+000
  8.3270e+001
  1.1271e+000
  3.2199e+002
  1.3677e+002
  3.8417e+002
  2.4752e+002
  2.2446e+000
  1.1144e+002
  1.6720e+001
  2.1701e+000
  9.9837e+001
  4.0434e+002
  5.0478e+001
  9.3487e+000
  2.9062e+000
  1.5154e+001
  1.8740e+001
  7.8509e+001
  1.4422e+002
  1.8478e+001
  3.8830e+000
  2.4248e+000
  3.2476e+002
  1.0810e+002
  5.2153e+002
  5.7844e+001
  8.8954e+001
  1.7503e+002
  4.9081e+002
  1.4134e+001
  8.4986e+001
  8.1301e+000
  5.9987e+001
  1.1039e+002
  2.4461e+000
  9.5388e-001
  9.6985e-001
  2.5001e+001
  1.9273e+001
  6.0614e-001
  3.8180e+002
  3.5959e+000
  1.4444e+002
  1.5372e+000
  9.5466e+000
  4.2600e+001
  2.0639e+000
  9.5845e+000
  1.2626e+001
  4.7850e+002
  1.5046e+002
  7.3347e+001
  2.2637e+002
  1.4527e+002
  1.3713e+002
  3.3918e+001
  7.6821e+001
  7.3265e+001
  1.5675e+001
  2.4614e+000
  1.4288e+002
  1.6239e+002
  5.6748e+000
  5.0676e+001
  1.9301e+002
  3.2726e+002
  3.0222e+002
  2.3943e+000
  3.3163e+000
  5.4408e+001
  5.6634e-001
  6.1202e+000
  3.1101e+000
  1.3492e+002
  1.6126e+001
  4.8029e+000
  1.2528e+002
  4.6298e+001
  6.4682e+001
  9.1821e-001
  5.3600e+001
  2.5814e+000
  1.8312e+002
  1.1490e+000
  1.1275e+002
  2.7601e+000
  3.1286e+001
  1.6051e+002
  3.9347e+000
  1.5643e+002
  2.8630e+000
  1.5714e+002
  1.4592e+002
  1.0054e+002
  3.0809e+002
  2.1222e+002
  3.9159e+000
  1.4280e+002
  1.5903e+000
  1.3107e+001
  5.5723e+000
  1.6529e+002
  7.1472e+001
  4.4555e+002
  9.4805e+001
  1.6144e+001
  5.2736e+000
  2.2811e+002
  3.5377e+002
  1.1278e+002
  3.0303e+001
  1.1592e+002
  3.7743e+000
  2.2275e+000
  2.1158e+001
  5.0007e+001
  6.3646e+000
  1.0106e+000
  2.5618e+000
  8.5490e+001
  2.1418e+000
  7.8076e+001
  6.1647e+001
  1.1964e+002
  1.0416e+001
  2.6428e+000
  2.4991e+002
  3.4538e+000
  5.2063e+001
  1.9709e+002
  2.9033e+001
  7.3812e+001
  1.5283e+002
  1.9835e+000
  7.3800e+001
  2.6020e+001
  5.2333e+000
  9.1790e+000
  5.4481e+002
  1.6918e+001
  2.6239e+001
  1.8100e+001
  3.1238e+002
  9.4091e-001
  1.4063e+000
  1.7171e+002
  1.1704e+000
  8.1848e+000
  2.9166e+000
  1.8065e+002
  8.4856e+000
  2.4773e+000
  3.4168e+001
  5.8408e-001
  2.7422e+001
  2.7478e+002
  1.2731e+002
  2.2678e+001
  4.9468e+000
  1.2018e+002
  2.3893e+002
  9.6318e+001
  2.6783e+000
  3.9749e+001
  2.1609e+001
  9.8367e+001
  1.7196e+002
  3.3345e+001
  2.1474e+002
  1.2771e+001
  8.5693e+001
  1.1360e+002
  2.3470e+000
  2.1659e+001
  3.6557e+002
  8.5411e+000
  4.8075e-001
  4.1933e+002
  3.5269e+001
  6.4306e+001
  1.5597e+001
  2.4974e+001
  3.0584e+001
  5.4470e+001
  3.5643e+000
  4.0867e+002
  1.0584e+001
  7.8556e+000
  2.6880e+001
  7.4627e+000
  1.6585e+000
  6.2694e-001
  2.1781e+002
  1.8404e+001
  3.4179e+001
  9.1419e+001
  6.2979e+001
  8.6963e+000
  9.5284e-001
  8.4398e+000
  9.6413e+001
  6.2778e+002
  3.6097e+002
  4.0882e+001
  6.2562e+001
  8.0443e+001
  1.4319e+000
  5.0286e+000
  3.3247e+002
  4.4559e+000
  3.2155e+001
  1.2437e+002
  2.2484e+001
  2.0939e+001
  2.0542e+001
  2.3011e+001
  6.2990e+001
  1.7677e+002
  1.0395e+001
  6.7070e+001
  1.6951e+001
  9.2047e+001
  8.6289e+002
  5.9471e+001
  8.3573e+000
  1.8466e+000
  3.7635e+001
  1.2427e+002
  3.0342e+002
  7.0338e+000
  4.5170e+001
  5.5751e+002
  1.3053e+002
  4.2695e+001
  5.0559e+000
  2.3362e+001
  6.9304e+000
  3.3701e+002
  7.3801e+002
  3.2283e+002
  2.2939e+000
  1.3045e+001
  6.0700e+001
  3.4528e+001
  4.4557e+001
  1.3359e+001
  1.3886e+001
  3.9793e+002
  4.1002e+000
  6.7723e+001
  3.3339e+001
  2.3949e+002
  2.3634e+002
  5.4910e+001
  1.5409e+000
  8.6419e-001
  1.9663e+000
  2.5501e+002
  7.9719e+001
  3.4127e+000
  1.2406e+002
  2.8436e+002
  7.6636e+001
  2.6322e+000
  8.7102e+000
  4.3470e+001
  4.3315e+001
  7.2254e+001
  3.7287e+000
  3.5209e+002
  1.0002e+001
  9.1212e+000
  4.5245e+000
  2.7078e+002
  2.9720e+000
  4.6780e+001
  4.2499e+000
  3.1932e+002
  2.4331e+002
  2.2812e+001
  1.6761e+000
  5.8498e+000
  3.7154e+001
  4.2267e+001
  1.8587e+001
  3.7241e+001
  6.6442e-001
  1.0964e+002
  6.5904e+001
  1.9294e+000
  5.2693e+001
  2.2555e+002
  2.4952e+000
  4.3267e+001
  2.4069e+002
  2.2903e+002
  2.1773e+001
  2.5795e+000
  1.8097e+002
  4.4666e+000
  4.4477e+001
  1.7409e+001
  8.2878e+001
  3.5341e+001
  6.6699e+001
  1.9961e+002
  2.1746e+001
  8.2218e-001
  2.5847e+001
  2.0616e+002
  1.1722e+000
  1.9426e+000
  3.0458e+001
  6.7045e+001
  9.1283e+001
  7.0948e+001
  2.3441e+001
  2.9061e+000
  5.5951e+001
  6.4131e+001
  1.7020e+000
  3.2489e+000
  6.3482e+000
  2.3878e+000
  8.4746e+000
  1.5914e+002
  2.6765e+002
  4.8028e-001
  2.6699e+002
  1.8155e+000
  1.6581e+002
  1.3838e+002
  7.5606e+001
  2.1205e+002
  6.2563e+001
  2.1224e+002
  8.2383e-001
  1.5359e+000
  6.3569e+001
  8.2213e+000
  8.5850e-001
  1.3313e+001
  6.3938e+001
  3.3885e+001
  1.0367e+002
  3.3027e+001
  5.2759e+001
  1.8298e+000
  1.3623e+002
  6.2389e+001
  2.1499e+001
  1.8611e+002
  1.3045e+002
  1.9324e+002
  2.8081e+001
  1.6709e+002
  2.3983e+002
  7.6445e+001
  9.0827e+000
  1.1122e+002
  1.2141e+001
  5.3571e+001
  8.5552e+001
  6.7187e+001
  4.6214e+000
  8.9020e+001
  1.9856e+002
  4.5482e+000
  1.3081e+002
  2.4950e+002
  6.7621e+000
  1.0648e+002
  1.9386e+001
  1.7070e+002
  2.8488e+001
  6.6909e+001
  1.1000e+001
  7.3321e+000
  1.1955e+002
  2.8368e+002
  8.6007e+001
  3.9764e+002
  3.2332e+001
  2.5703e+001

