   1.2537
   0.5947
   1.0000
   0.9198
   0.9134
   0.9899
   0.9418
   1.1993
   0.8218
   1.0000
   0.9749
   1.0000
   1.0000
   1.1972
   1.3546
   1.0000
   1.1386
   1.1808
   0.7245
   1.3800
   1.0074
   0.4089
   1.0564
   1.0000
   0.3946
   1.3156
   1.1448
   0.9571
   0.7689
   0.5614
   0.5156
   1.2690
   1.8621
   1.1377
   0.8371
   1.2906
   1.5712
   1.8456
   0.4490
   1.3931
   0.6983
   0.6098
   1.0000
   1.0000
   0.6297
   1.0000
   0.9645
   1.0000
   1.0000
   1.0000
   0.9271
   1.0318
   0.4513
   0.6557
   0.9985
   1.3588
   1.0000
   1.0079
   1.2349
   1.4197
   1.6193
   1.0759
   0.5054
   1.2624
   1.0000
   1.2423
   0.6372
   0.4511
   1.2421
   0.6877
   1.1298
   0.5648
   0.8963
   1.0642
   0.8474
   1.0536
   0.6815
   1.0773
   1.0147
   1.0591
   1.0000
   0.9717
   0.6918
   0.8156
   1.1852
   0.9408
   0.7567
   1.1251
   1.3701
   0.4795
   0.7737
   1.2651
   0.7445
   1.4982
   1.0000
   1.0000
   1.0000
   0.4929
   1.4242
   0.9330
   0.6137
   0.8803
   1.1308
   1.0609
   0.5890
   0.9393
   1.0798
   0.7439
   1.6366
   2.1787
   1.0415
   1.0000
   1.0922
   1.1254
   1.0000
   0.6677
   0.5248
   0.5311
   0.5760
   1.0937
   0.6253
   1.2356
   0.8812
   0.8045
   0.5794
   0.8377
   1.0000
   0.6344
   0.7351
   1.4840
   1.1014
   1.2606
   0.7915
   1.1421
   0.8588
   0.5773
   1.2067
   1.9532
   0.6440
   0.6179
   0.3733
   1.5846
   1.5086
   0.8984
   0.3976
   0.5549
   0.8252
   1.3742
   0.4293
   1.2947
   1.0000
   0.9441
   0.4452
   1.0000
   1.2544
   1.5387
   1.6418
   1.0000
   0.7714
   0.7804
   1.2983
   1.1702
   0.9526
   1.6759
   0.8620
   0.8596
   1.5112
   0.6308
   0.8908
   0.7905
   0.6188
   0.9908
   1.4045
   2.0840
   1.0111
   2.2799
   1.3227
   0.8483
   1.0715
   0.8611
   0.7033
   0.8665
   0.6989
   1.3082
   1.0000
   0.6830
   0.7915
   1.0393
   0.5427
   1.0000
   0.8074
   0.4134
   0.5986
   1.0000
   0.9748
   0.3699
   1.4585
   1.0000
   1.1624
   0.8212
   1.8223
   1.4965
   0.5386
   0.7132
   1.0000
   1.0000
   0.5496
   1.1462
   1.0460
   0.6327
   1.0000
   0.7283
   1.0000
   1.2032
   1.0000
   0.7459
   1.2346
   1.0000
   0.5936
   1.0542
   1.0594
   1.0000
   1.0000
   1.3399
   0.6412
   0.5675
   0.9707
   1.0000
   1.0000
   0.5667
   1.4479
   1.0000
   1.1694
   0.8034
   1.0000
   0.7106
   0.8254
   0.6987
   1.4137
   0.3465
   0.6494
   1.3154
   0.4570
   1.0756
   0.5227
   0.6814
   0.9158
   0.8907
   1.1530
   1.9898
   0.8068
   1.3600
   0.9561
   0.7537
   1.6365
   1.0000
   0.4625
   0.7327
   1.0175
   1.0000
   0.3277
   0.3581
   0.6710
   1.0000
   0.7562
   1.1181
   0.9151
   1.2922
   1.2534
   0.5571
   0.7772
   1.3557
   1.0000
   0.7756
   1.2080
   1.3139
   1.4647
   0.8729
   0.8324
   1.3142
   0.6572
   1.5472
   0.6934
   0.8158
   0.6262
   1.1932
   2.2426
   1.0060
   1.3640
   1.0000
   1.6700
   1.1105
   1.3290
   1.1193
   0.8780
   1.1424
   1.1448
   1.1978
   0.7548
   0.5538
   1.0000
   0.4809
   0.8469
   1.0000
   1.1652
   0.9350
   0.6614
   1.0274
   0.7040
   0.5682
   0.6143
   1.0613
   1.1922
   1.2279
   1.5926
   1.0000
   0.6500
   1.0000
   1.2745
   0.9040
   0.5479
   0.9773
   0.7116
   1.0000
   1.0244
   0.9319
   1.0000
   0.7470
   1.0000
   0.8005
   0.5999
   0.9617
   1.2982
   0.8401
   0.6453
   1.0000
   0.7639
   1.0000
   0.8386
   1.3660
   0.9127
   1.2256
   1.6265
   0.9112
   1.0288
   1.2724
   1.4147
   1.3387
   0.3744
   0.7181
   1.2156
   0.6392
   1.2414
   1.5059
   0.8005
   0.5064
   1.7345
   0.9339
   1.0000
   0.5787
   0.6049
   1.8159
   0.8345
   0.5823
   1.2488
   0.9755
   1.0000
   1.0000
   0.7085
   0.9749
   1.4244
   0.9611
   0.6359
   0.7692
   1.0000
   1.0000
   1.1198
   1.4272
   1.2753
   1.6363
   0.9758
   0.5734
   1.1470
   1.0000
   0.5152
   1.5254
   1.0000
   0.4737
   0.8298
   0.6402
   1.3369
   1.1936
   1.4577
   1.3837
   0.7807
   1.6493
   0.6949
   1.3001
   1.0000
   1.0000
   1.1592
   0.3359
   2.0150
   1.4221
   1.1743
   0.8300
   1.1876
   0.8651
   1.0000
   1.2659
   1.1236
   0.7438
   0.4741
   0.5470
   1.0882
   0.7307
   1.5931
   1.4165
   1.1082
   0.4370
   1.0000
   0.8368
   0.8411
   1.0788
   1.5581
   1.1926
   1.4388
   0.7509
   1.1773
   2.0719
   1.5522
   0.5471
   0.9374
   0.5956
   0.5790
   0.8372
   0.9098
   0.4420
   0.5599
   1.0028
   1.0000
   0.5863
   1.1206
   1.0000
   1.3135
   0.9406
   1.0000
   1.7267
   0.6602
   1.0000
   1.0574
   0.9232
   1.0000
   0.9894
   1.0861
   1.3231
   1.4200
   1.0588
   0.8454
   0.4767
   0.7706
   0.7748
   0.6347
   0.8989
   0.4505
   0.7113
   1.0000
   1.0177
   0.9165
   0.9170
   0.5624
   1.0544
   1.0000
   0.5264
   1.0000
   1.5411
   1.0837
   1.0000
   0.9765
   1.1005
   1.0000
   1.0000
   0.8555
   0.4606
   1.1947
   1.5948
   1.0000
   1.1108
   1.4029
   1.0073
   0.2843
   0.6475
   0.9216
   0.4047
   0.4796
   1.8943
   0.6759
   0.8955
   0.9317
   0.5065
   1.0955
   0.7816
   0.7488
   1.0437
   1.1096
   0.6771
   0.5605
   1.3474
   0.9073
   1.9946
   1.0000
   1.0000
   1.0000
   1.0000
   0.7940
   1.3815
   0.9988
   1.7468
   0.4756
   0.5086
   0.6018
   1.4893
   1.4507
   0.8647
   1.1798
   0.6862
   1.0000
   0.9003
   1.0438
   1.0892
   1.5057
   1.6165
   1.0711
   1.1377
   1.0000
   0.7899
   1.4844
   0.4610
   0.6141
   0.6871
   1.1008
   1.1168
   1.0890
   1.2083
   1.0710
   0.7729
   0.5785
   1.4215
   0.5284
   1.0000
   0.6977
   0.8489
   0.5500
   1.4346
   0.8187
   0.8374
   0.8835
   0.6092
   0.8943
   0.6572
   0.7942
   0.8908
   1.2112
   1.1806
   1.7010
   0.9442
   0.6948
   0.8101
   0.8654
   0.4772
   1.1351
   1.1460
   0.9457
   1.3465
   0.5235
   1.0830
   1.7533
   0.8488
   1.1938
   1.3327
   1.2577
   0.7990
   0.6879
   1.6567
   1.6535
   1.4452
   0.9602
   0.6943
   1.4935
   0.7614
   1.1206
   1.1458
   1.2338
   0.8105
   1.3808
   1.0000
   0.8612
   0.9209
   0.8629
   1.7073
   0.9984
   1.2836
   1.6228
   0.7144
   1.0000
   1.0000
   0.9712
   1.0000
   0.7510
   1.1697
   1.7526
   1.0000
   1.2562
   1.0000
   0.6094
   1.3813
   1.2256
   1.0853
   1.0837
   0.6510
   0.3981
   1.1539
   0.6995
   0.8610
   0.9575
   1.5225
   1.0000
   0.6964
   1.4191
   0.5423
   1.3208
   1.2003
   0.5796
   0.9140
   0.8051
   1.4953
   1.4335
   1.0000
   0.6679
   0.8737
   1.0000
   0.9296
   0.9967
   1.0000
   1.1675
   0.9665
   0.4762
   1.1352
   0.4572
   1.2993
   0.3894
   1.3592
   0.6129
   0.8594
   1.0200
   0.6716
   0.5198
   1.0000
   1.0947
   0.7676
   1.0000
   1.0000
   0.6135
   1.0330
   1.1451
   0.6141
   1.0666
   0.8924
   0.6635
   1.1093
   1.4244
   0.9656
   1.8544
   0.5638
   1.1005
   1.0452
   1.0000
   1.4564
   0.6656
   1.0000
   0.7854
   0.7785
   1.0802
   1.8865
   1.0000
   1.1001
   0.8715
   0.6861
   1.1637
   0.8172
   1.4555
   1.7922
   1.2056
   1.3095
   0.4211
   1.0401
   1.0000
   1.0000
   0.8461
   1.1961
   1.2518
   1.2722
   1.0000
   1.6473
   0.8511
   1.0000
   0.5484
   0.8460
   0.9267
   1.3045
   1.0478
   0.9659
   0.9965
   1.3997
   1.2738
   1.2547
   0.9332
   0.8882
   0.9440
   0.8813
   1.0000
   0.4162
   0.7752
   1.1546
   0.7258
   0.9662
   1.1723
   0.6410
   1.3281
   1.5398
   0.9503
   0.6227
   1.0000
   0.9585
   1.1766
   1.0000
   0.8289
   1.0000
   1.3636
   1.8582
   1.4594
   1.0000
   1.0000
   1.5345
   0.6568
   1.0000
   0.5524
   1.0000
   0.8136
   0.7977
   1.0000
   1.0000
   1.2688
   1.2699
   0.9339
   0.9792
   0.4235
   1.1795
   0.2542
   0.6296
   0.8703
   1.0012
   0.6068
   0.9714
   2.0121
   0.9872
   0.8867
   0.5617
   0.8560
   1.0000
   0.5388
   1.2187
   1.1306
   1.0000
   1.0000
   0.7880
   1.0000
   1.2464
   0.9108
   1.2925
   1.0000
   0.6331
   0.9877
   1.2057
   0.8528
   0.9500
   1.8653
   1.0573
   0.6224
   0.7516
   0.8305
   0.4780
   1.0385
   1.3389
   1.0000
   1.1764
   0.6749
   1.2755
   1.2576
   1.1258
   0.5056
   1.2813
   1.5745
   1.0000
   0.9022
   1.1168
   0.6350
   1.1630
   1.1163
   1.0114
   1.6984
   1.1733
   1.0000
   0.5113
   1.5810
   0.8725
   1.5555
   1.5261
   1.3133
   1.2283
   0.9517
   0.7485
   1.7786
   1.0000
   1.0220
   1.1242
   1.3165
   1.4933
   1.0788
   1.2730
   1.0000
   1.4888
   0.7755
   0.5884
   1.4736
   1.1443
   1.6763
   1.4914
   0.8222
   0.9486
   0.8208
   0.9543
   1.1452
   1.4397
   0.7583
   0.8756
   0.5374
   1.1029
   1.0000
   1.2941
   1.0000
   1.0000
   0.4399
   1.1859
   1.6605
   1.3675
   0.6916
   1.0651
   1.4202
   1.0000
   0.5182
   0.5640
   1.8028
   0.9927
   1.0000
   1.4491
   0.5290
   1.0000
   1.0000
   0.7566
   0.6055
   0.6092
   1.1903
   0.9873
   1.2014
   1.2686
   0.8822
   0.8626
   0.3777
   0.9124
   1.0000
   0.6592
   0.3835
   0.7992
   0.6475
   0.8538
   1.4012
   0.7998
   0.8441
   1.6098
   0.7005
   0.3636
   1.0000
   1.0000
   1.0401
   1.0388
   1.1110
   1.0000
   0.5486
   1.0427
   0.6343
   0.4921
   1.2748
   1.3450
   1.3915
   0.6902
   0.5433
   0.9529
   1.3097
   1.1367
   0.6739
   1.1212
   0.6351
   0.5709
   0.5925
   0.7064
   1.3548
   0.9340
   1.0000
   1.1840
   0.4889
   0.7785
   0.8358
   1.0523
   0.9622
   1.0000
   1.0595
   1.3525
   1.3428
   0.9808
   0.9564
   1.0000
   0.7618
   1.0000
   1.1751
   2.1824
   1.2497
   1.4675
   1.0924
   1.2100
   0.9635
   0.7963
   1.1209
   1.1726
   1.0429
   1.3543
   1.0000
   0.5353
   1.0678
   0.7298
   0.7721
   1.2326
   0.9409
   1.2364
   0.6118
   1.0000
   1.0000
   0.8512
   0.7122
   1.8018
   1.0704
   1.8343
   1.0884
   1.0000
   0.7442
   1.1986
   1.4598
   0.8787
   0.5200
   0.6340
   0.9972
   0.4713
   1.6660
   1.3429
   0.8717
   0.7820
   0.7280
   0.9123
   0.3162
   1.0942
   1.3122
   0.7744
   0.9805
   1.3796
   0.7499
   0.9821
   0.7898
   1.4892
   1.0000
   1.2094
   1.0000
   0.6612
   1.6031
   1.2034
   0.8177
   1.0154
   1.0000
   1.4531
   0.9653
   0.6372

