  2.3934e+000
  3.8480e+002
  7.0570e-002
  9.0664e-002
  5.5392e+002
  4.2719e+002
  2.9085e+000
  2.0579e+000
  2.1950e+001
  3.8800e+002
  5.7587e-001
  7.8328e-001
  5.3865e+000
  7.6954e+000
  6.3502e+001
  3.9580e-001
  9.3777e-002
  2.3389e+002
  5.3386e-002
  7.7781e-002
  2.4255e+001
  8.3485e-001
  1.5260e+001
  8.3013e+001
  6.4709e-002
  2.9238e-001
  1.6467e+002
  6.0920e+000
  3.8518e+002
  2.3427e+000
  8.7002e+000
  5.9777e+002
  3.2176e+002
  6.6075e+001
  9.0015e-001
  1.2524e+002
  2.9968e+000
  1.8901e-001
  9.6626e+000
  1.8024e+000
  2.5151e-001
  7.3555e+001
  1.9241e-001
  7.3620e-002
  2.4608e-001
  2.4767e+002
  2.8904e+002
  4.5361e+001
  6.6539e-001
  2.7491e+002
  2.3786e-003
  3.7049e+002
  6.4005e+001
  1.4300e+001
  3.1698e-001
  5.0939e-001
  1.9816e+001
  3.7940e+002
  1.4294e+002
  4.7829e+002
  1.6665e+000
  2.9493e+001
  1.6416e+000
  3.8455e+002
  1.0320e+000
  1.2887e+000
  1.8569e-003
  1.8635e+001
  1.4021e+002
  2.8899e-001
  2.4492e+000
  4.6530e+002
  6.5174e-001
  1.4076e+001
  4.8324e-001
  3.9957e+001
  3.8109e+002
  3.2350e+000
  6.4629e-001
  1.1529e+000
  1.7463e+000
  2.9149e+001
  2.1626e+002
  6.0386e+000
  3.3841e+002
  1.6707e+002
  1.3550e+000
  1.0317e-001
  2.4545e+002
  1.9168e+000
  3.5778e+000
  7.2742e+001
  3.5453e+001
  5.0726e-001
  5.6386e-003
  1.6146e-001
  3.9354e+000
  3.4981e+001
  4.4248e+002
  1.9825e+002
  1.8735e+000
  7.5896e+000
  1.9731e-002
  1.7218e+000
  6.7207e+002
  3.6526e-001
  8.9098e+001
  7.0649e-001
  3.2414e+002
  7.1122e-001
  5.6003e+002
  1.5473e-002
  5.6545e+000
  1.8118e-002
  1.3948e+002
  1.3433e+001
  2.0095e+002
  2.5536e-001
  1.3685e+000
  7.2980e+002
  4.1309e+001
  5.1757e-002
  1.4311e+002
  1.6408e+002
  4.4123e+001
  1.2648e+002
  1.8922e+002
  2.6306e+002
  1.8798e+000
  1.3082e+002
  2.9690e+002
  8.8513e-001
  2.6427e+002
  4.9641e-002
  5.6372e+001
  4.3873e+002
  1.5553e+002
  1.3285e+002
  1.7157e+002
  1.2060e+000
  2.7642e+002
  9.0171e-002
  4.8524e-001
  2.0763e+002
  3.5928e-001
  3.2362e+001
  2.0340e+001
  3.4956e-002
  8.0287e+001
  8.3833e+002
  8.2250e-002
  5.2081e+002
  2.8074e+002
  4.2935e+000
  1.1932e-001
  9.3066e+001
  2.7694e-001
  4.2441e-001
  5.7916e-001
  1.8838e+000
  8.7817e-002
  1.3720e+000
  1.5182e+001
  1.0172e-001
  3.1924e-001
  4.1512e-001
  1.6562e+000
  5.4854e+002
  1.3625e+000
  8.6510e+000
  2.1222e+001
  2.6482e+002
  2.3080e+000
  4.6850e+002
  2.7255e+001
  1.3881e+002
  1.8336e+001
  2.8606e-002
  2.3447e-001
  7.6693e+001
  6.3906e-002
  7.2821e+002
  1.9648e+001
  3.3297e+000
  4.9737e-002
  2.4965e+000
  3.5586e+000
  1.1925e+000
  2.3158e+000
  1.1934e+000
  1.5869e+002
  8.3221e-001
  7.0593e-001
  2.9658e-001
  4.9777e+002
  3.5371e+002
  1.3739e+000
  2.4688e+002
  1.7145e+001
  6.4755e-001
  3.0375e+002
  1.2439e+003
  4.9378e-002
  2.5256e-001
  3.7689e-001
  1.1820e-001
  8.7302e-001
  9.0352e-002
  3.7094e-001
  7.6580e-002
  5.6022e+002
  1.3904e+002
  8.4593e-001
  6.9703e-003
  4.1766e-001
  8.5238e-001
  2.9681e-001
  2.3585e+000
  3.2845e+002
  1.4375e-001
  1.0179e+000
  6.6677e+001
  5.8922e+000
  3.3330e+002
  6.8574e-001
  8.8536e+001
  3.2645e+001
  3.1040e+000
  9.2104e+001
  2.9322e-001
  3.0456e-001
  1.7189e-001
  1.4951e+002
  6.7595e-001
  6.1461e+000
  5.0777e+000
  1.5848e+002
  1.3720e+002
  1.1405e+000
  3.2735e+002
  2.4600e+002
  1.5043e+002
  5.1208e+001
  1.5026e-001
  1.8326e-001
  1.8167e+002
  6.7521e-001
  2.2528e+000
  8.6350e-002
  9.4605e-001
  3.3801e+001
  3.3275e+000
  5.0558e+002
  1.3308e+000
  4.9684e+000
  3.3977e+001
  1.7081e-001
  1.7290e+001
  2.0751e-001
  2.9320e+002
  2.8052e+000
  6.9440e+001
  2.0325e+001
  5.0252e+001
  1.9704e+000
  2.0014e+002
  5.3433e+002
  2.3546e+001
  1.7350e+000
  5.4428e-001
  6.4577e-001
  5.4269e+002
  3.2638e-003
  2.5912e+000
  9.9341e+001
  2.9396e+002
  1.1142e+000
  1.9823e-001
  9.7826e+001
  1.3148e+000
  8.6196e+001
  1.2498e+001
  1.3963e+002
  1.7703e+000
  1.8848e+000
  3.4683e+002
  4.2229e-002
  1.4676e+001
  4.7913e+001
  3.6337e-002
  9.9428e+000
  7.8055e-001
  5.7434e-002
  5.9205e-001
  1.9193e+001
  5.6900e+001
  1.2099e+001
  3.4154e+002
  1.2103e+000
  1.1036e-002
  9.8240e-002
  1.0288e+002
  8.5188e-001
  1.3524e+000
  1.8246e+001
  1.4717e+002
  2.0591e-001
  5.5354e+001
  7.1350e+001
  3.6146e+002
  1.7156e+002
  3.1945e+002
  1.1573e+001
  2.5167e+001
  6.9611e-002
  4.8901e-001
  2.0608e+002
  6.0750e-001
  7.5398e-001
  7.0382e-003
  3.1728e+000
  3.7661e+002
  1.9485e+002
  3.1451e-001
  1.2907e+000
  4.0284e-001
  6.5886e-001
  7.6685e+001
  1.2365e+002
  4.1285e+000
  2.5142e+002
  1.3427e+000
  1.2924e+002
  3.1237e+000
  3.8984e-001
  1.9103e+000
  3.4895e-001
  7.3305e+000
  1.5434e+001
  3.2014e+002
  6.5030e-001
  1.2343e+000
  9.5462e+000
  1.7606e-001
  4.4055e+001
  1.0788e+001
  8.9043e-001
  5.3772e-001
  4.0938e+000
  2.4029e-001
  3.8650e+002
  8.1382e-002
  8.3024e+001
  3.2333e+000
  1.3879e+002
  4.8233e+002
  1.5493e+000
  1.3941e+000
  1.3168e+002
  1.2616e+000
  2.0022e+002
  3.8203e+000
  2.7663e+000
  2.6553e-001
  7.7925e-001
  3.6199e-001
  6.4966e+000
  2.6752e+002
  1.2168e+000
  6.7994e-001
  3.0829e-001
  3.2202e+000
  1.1860e+000
  4.1987e+001
  2.0937e+000
  1.2390e+001
  1.5599e+002
  4.4118e-001
  9.5962e-001
  1.6259e-001
  5.6659e+002
  1.5737e+000
  6.2794e+002
  2.6858e+002
  1.0008e+000
  4.2960e+001
  1.1346e+000
  2.6762e-001
  4.3575e-002
  1.6670e+002
  1.4575e-002
  5.0506e-001
  2.5044e+002
  7.6354e+001
  1.9321e+001
  9.2666e+000
  2.2740e+000
  6.8955e+001
  4.9035e-001
  3.2775e+002
  1.2885e+002
  2.7065e+001
  1.5526e+000
  8.0523e+001
  1.2759e+002
  4.6049e+002
  5.6331e+001
  1.1042e+002
  6.8142e+001
  7.0061e-001
  4.9465e-001
  6.7715e-001
  4.4736e-001
  1.5959e+001
  2.2584e+002
  8.8077e-001
  1.5852e+002
  2.9560e+001
  4.4002e+000
  7.7992e+001
  1.7222e-001
  1.6382e+002
  1.8128e+002
  1.4363e+000
  4.3894e-001
  9.2545e-002
  1.9095e+000
  1.7424e+001
  9.2954e-001
  2.1929e+000
  7.4651e+002
  5.2763e+000
  9.8510e-002
  6.0126e+000
  8.0373e-001
  4.6416e+000
  1.7455e-001
  7.5645e+001
  2.1343e+001
  1.2862e+002
  7.4063e+002
  2.3051e+002
  6.1699e-001
  4.5783e-001
  8.0567e+000
  1.2604e+000
  2.6754e-001
  6.6635e-001
  4.7844e+001
  1.2515e+000
  3.4386e+000
  6.2758e+001
  9.4662e-002
  9.0380e-001
  2.5664e+002
  1.9186e-001
  7.1572e+002
  8.3033e-002
  1.0671e-001
  7.3129e-002
  1.8052e-001
  5.5208e+000
  3.3154e-001
  4.2971e+002
  5.3325e+002
  4.5167e-001
  3.3969e-001
  6.7164e+001
  8.9966e-001
  6.8431e+001
  8.1715e+002
  1.8532e+000
  1.6886e+002
  2.8057e+001
  3.5248e+000
  1.5452e-001
  4.3390e-002
  1.0249e-002
  1.6903e+002
  4.7678e+001
  3.1860e+002
  1.3134e+002
  3.2911e+002
  3.2453e+001
  2.5013e-001
  4.3761e-001
  2.3253e-002
  2.2829e+001
  1.1547e+001
  1.5014e+001
  5.8954e-001
  1.2312e+000
  5.6824e+002
  5.0457e+000
  2.6813e-001
  1.8336e+000
  7.8031e+001
  1.0262e+002
  1.1530e+002
  2.4326e+002
  3.3282e-001
  5.5029e-002
  1.3677e+002
  1.8027e-001
  2.8181e+002
  2.2561e-001
  6.5399e-002
  1.7497e+001
  2.6575e+002
  4.5610e+001
  4.8613e-001
  5.3373e+000
  9.6841e-001
  2.4144e+002
  4.4048e+000
  2.1349e+002
  6.2754e+001
  1.8686e+002
  2.1322e+000
  1.9725e+002
  1.7974e+001
  2.4632e+000
  3.9514e+000
  5.5895e+002
  1.7098e+000
  1.7371e-001
  1.1749e+002
  8.1577e+002
  6.4846e-001
  1.5883e+000
  6.9072e-001
  2.7300e-001
  1.4712e-003
  7.6509e+002
  6.4564e+002
  2.3502e-001
  1.7352e+000
  5.2002e+002
  5.9017e-001
  8.0840e+002
  1.6176e+002
  6.5945e-002
  2.8453e+002
  9.5107e+001
  1.0453e+000
  3.2466e+001
  6.8738e-001
  1.5988e+002
  2.4648e+001
  5.5368e+002
  1.2722e+001
  3.0187e-001
  7.3365e+001
  1.7974e+001
  9.4704e+002
  2.5763e+000
  8.1791e+001
  1.3685e+000
  1.1616e+002
  4.0363e+001
  3.4992e-001
  9.8108e+001
  4.1548e-002
  2.6770e-001
  3.4838e+000
  4.4558e+001
  1.1032e+002
  2.8654e+002
  3.2617e+001
  3.3332e-002
  2.9674e+000
  1.3861e+002
  8.2074e+002
  9.8210e-002
  7.4410e+000
  2.6712e+000
  1.0548e+002
  5.7189e+000
  1.3640e+002
  5.1117e-002
  3.7950e-002
  4.8111e+002
  1.7160e+002
  3.1370e+002
  6.4070e-002
  2.7928e+002
  3.5530e+002
  4.1658e+002
  2.6764e+001
  3.9670e+001
  6.1536e-001
  2.0738e+001
  2.5784e+001
  1.6761e+000
  1.7615e+002
  4.1917e+000
  2.9199e-002
  1.6149e+002
  1.8230e+002
  1.0132e+000
  3.1706e+000
  3.0805e+002
  1.4091e-001
  4.3733e+002
  3.4043e-001
  6.3635e+000
  3.2996e+000
  3.7647e-001
  1.3019e+001
  4.8028e+002
  8.4961e+000
  5.7843e-001
  2.6869e+000
  4.3132e+001
  5.7250e+002
  3.7144e+001
  3.3003e+001
  3.5579e-001
  2.4394e+001
  6.0285e-001
  4.7240e+002
  5.4526e-001
  3.2801e-001
  5.5585e-001
  6.6568e+001
  8.4218e-001
  2.1169e-001
  1.0471e+000
  1.2011e+000
  1.9684e-001
  5.6446e-001
  2.7563e-002
  1.1312e-001
  9.4506e-001
  8.5876e-001
  5.1075e+001
  1.6828e+002
  1.4941e+000
  3.2351e+001
  1.7419e-001
  1.5978e+000
  1.1700e+001
  1.0245e+002
  9.4742e-002
  2.3534e+002
  8.7643e-001
  3.2081e+002
  5.5666e+002
  1.5685e+000
  6.6387e+001
  2.7772e-001
  1.5231e+000
  7.6629e-002
  1.3835e+001
  2.4646e+001
  1.6683e+002
  1.4281e+002
  5.6585e-001
  8.8487e-001
  2.8257e+001
  1.6898e+002
  2.7561e+000
  6.0003e-001
  5.8524e+001
  1.5157e+000
  1.1223e+000
  2.3983e+002
  3.5051e+002
  3.8867e+001
  4.2269e-001
  8.9753e+001
  8.6177e-002
  1.2604e+000
  3.4117e+000
  3.5686e+000
  1.9480e-001
  3.1044e+002
  1.0563e+000
  4.0091e-001
  1.8526e+000
  9.4290e-001
  1.2658e+002
  9.6667e+000
  1.8832e+000
  4.1465e-001
  2.9036e+002
  3.0840e+002
  3.9528e-001
  2.4214e+000
  4.8211e-002
  3.1306e-001
  6.9294e+001
  6.3625e+001
  7.1931e+001
  8.4550e+002
  6.8333e+000
  1.3564e+002
  1.9808e+002
  1.0627e+002
  1.4521e-001
  2.5442e-001
  1.6743e-001
  6.1795e+002
  1.4481e-001
  3.5445e+002
  6.2970e-002
  1.1019e+000
  3.5042e+002
  2.7954e+002
  2.4441e+002
  1.6109e+002
  3.5228e+001
  1.4399e+001
  6.8359e-001
  2.7172e+000
  9.5142e+000
  9.8282e+000
  4.7642e+002
  3.5843e+001
  7.1042e+002
  3.6835e+002
  6.8472e-002
  6.8770e+000
  2.6088e+002
  2.5102e-002
  8.4803e+001
  1.1847e+002
  2.5535e-001
  1.7322e-001
  4.4486e+000
  1.0098e+002
  1.3427e+002
  2.8430e+002
  4.1899e+001
  3.4791e+002
  2.2307e+002
  2.8903e+001
  6.0435e+000
  1.3168e-001
  1.8342e+001
  1.5528e-001
  8.2092e-004
  2.6147e-001
  1.0892e+000
  3.7153e+002
  2.0545e+000
  4.2100e+002
  7.4067e-001
  1.7359e+002
  1.1014e+002
  2.5186e+000
  4.0917e+001
  5.9096e+000
  3.7981e+000
  2.9303e+000
  4.9164e+001
  7.6900e-001
  3.2230e+001
  2.5294e+000
  3.8162e+000
  4.8070e+002
  2.5092e+001
  8.7072e+001
  8.4900e-001
  1.4134e+002
  1.1294e+002
  1.0668e+002
  5.4204e-001
  5.4341e+001
  9.6584e+001
  4.7602e-001
  9.2165e+001
  7.9040e-001
  1.8441e+002
  3.6283e-001
  2.0025e-001
  5.9015e-001
  6.9878e+002
  1.6938e-002
  2.0770e-001
  2.0544e+000
  1.4054e+000
  5.0723e+002
  8.9311e-001
  1.7230e-001
  3.6028e+002
  6.9976e-001
  5.5704e+002
  2.3114e+002
  1.7804e+002
  6.5700e+002
  4.4586e-001
  7.3175e-001
  4.7661e+001
  1.6272e-001
  8.6661e+001
  1.0448e+000
  1.2243e+000
  2.2435e+002
  4.5073e-001
  8.4498e-001
  8.3017e-001
  2.7703e+002
  2.9418e+001
  1.2514e+000
  1.0857e+000
  1.1877e+003
  1.0296e-001
  4.8158e+000
  1.8019e+000
  2.6621e+000
  4.2651e-002
  5.6381e-001
  7.0675e+002
  4.6073e-001
  1.2795e+002
  2.2753e+002
  2.8638e+000
  2.4642e+000
  8.1894e-002
  7.2514e-002
  3.0533e-001
  1.4510e+001
  1.1763e+001
  9.6768e+001
  8.3390e-001
  1.8877e+002
  7.6359e-002
  8.2486e+001
  1.2455e+000
  2.7527e-001
  1.8040e-001
  6.8962e+000
  4.0556e+002
  3.4057e+000
  1.7968e+002
  2.5767e+002
  1.5182e-001
  5.5267e+001
  7.4993e-001
  4.0350e-001
  1.7844e+000
  8.9084e-001
  1.1939e+000
  5.3251e+001
  4.1305e-001
  1.7002e+000
  1.3711e+000
  3.2790e-001
  2.4981e+001
  5.4859e+001
  1.1299e+003
  1.7519e+000
  3.4999e+002
  2.2690e+002
  5.0073e+000
  6.4715e+000
  8.8417e+001
  5.6062e-001
  5.8966e+000
  1.0893e+000
  2.1447e+002
  4.0914e-001
  1.8024e-001
  1.9398e+000
  2.8658e-001
  2.8813e+000
  6.6324e+000
  4.1656e+002
  2.4561e+002
  2.0673e+002
  8.8682e+001
  1.2322e+002
  2.0953e+001
  2.8622e+002
  1.4579e+002
  1.3848e+002
  1.0139e+000
  3.7975e+001
  4.7461e-001
  2.4798e-001
  4.1209e-001
  5.8126e+002
  1.7934e+000
  2.1733e+002
  1.2633e-001
  8.4558e+000
  1.2728e+001
  1.6252e+002
  8.0397e+001
  1.4029e+000
  4.1300e+000
  1.8386e+001
  4.4494e+002
  1.5294e-001
  8.8980e+001
  5.3654e-001
  1.0456e+000
  1.9450e-001
  6.2358e-001
  1.3700e+000
  3.0468e+001
  2.6028e-001
  3.4138e+002
  3.6675e+000
  1.9953e-001
  4.5768e+001
  1.8773e+002
  3.4975e+001
  3.5484e-001
  3.7549e+001
  3.6315e+002
  1.0656e-002
  1.8724e+000
  2.7918e+002
  1.4450e+000
  9.6003e-001
  5.7160e+001
  2.5590e+002
  2.6287e-001
  2.5643e+000
  3.7169e+002
  1.3151e-001
  1.1726e-001
  1.9490e+000
  7.0047e-001
  1.7672e+000
  3.2470e+002
  2.4405e+001
  3.3456e+002
  2.8290e-001
  1.9713e+000
  1.7260e+000
  2.6065e+002
  4.5408e+001
  9.4187e-001
  2.3457e+002
  2.8210e+000
  1.0671e+000
  5.8040e+002
  1.7496e+000
  7.0501e+001
  1.8261e-001
  2.0619e+000
  4.7528e+001
  1.3955e-001
  5.7539e-001
  2.9080e-001
  4.0928e+001
  3.0688e-001
  1.2879e-001
  5.8911e+000
  9.1521e-002
  5.6267e+002
  3.8691e-001
  9.1739e-002
  2.8446e+001
  1.5874e+001
  8.3124e+002
  4.3089e+001
  5.0851e+002
  1.9096e+000
  3.9309e-001
  4.2929e-001
  4.0279e+002
  3.0693e-001
  1.3582e+002
  6.9301e-001
  5.5199e-002
  4.8903e-001
  1.4659e+002
  8.6575e+001
  1.4428e+000
  6.8319e-001
  5.0631e+000
  3.4827e+002
  1.3037e-001
  2.8584e+001
  5.4541e-001
  6.0749e-001
  3.0244e-001
  2.0946e+002
  2.1580e+000
  1.9770e+001
  4.4471e+002
  1.8961e+001
  5.3749e+002
  3.2639e+002
  2.7025e-002
  1.0477e+000
  3.4294e-001
  7.2818e-001
  1.1105e+002
  1.4591e+002
  1.0469e+002
  6.6138e+002
  1.7087e+001
  7.1051e+002
  3.2951e+002
  1.0388e+003

