   1.0000
   0.2956
   0.5442
   0.4833
   0.4474
   0.2533
   0.5263
   0.4501
   0.5471
   0.9453
   0.2493
   0.0373
   0.8941
   0.3583
   1.0000
   0.5067
   1.5193
   1.0000
   0.4029
   0.4190
   0.9644
   0.2155
   1.4606
   2.1202
   0.9646
   0.1095
   1.1993
   0.9921
   1.7204
   1.4788
   2.5354
   0.2443
   0.6253
   0.1420
   1.1118
   1.5069
   1.3425
   0.9953
   0.0415
   1.8773
   1.0000
   1.2702
   0.3444
   1.4898
   0.9148
   1.9980
   0.7769
   0.6858
   1.5918
   1.0000
   0.1289
   1.0000
   0.4210
   1.0472
   0.0909
   2.3003
   1.7379
   0.7558
   0.0714
   0.4584
   1.4554
   2.3378
   1.4472
   1.0000
   1.3868
   0.1572
   1.0000
   1.6903
   1.6530
   2.5910
   1.0000
   2.2943
   0.3142
   1.5701
   0.7011
   3.1815
   1.5608
   0.4511
   0.0595
   1.0000
   1.0000
   1.0000
   0.7059
   1.3049
   1.9590
   0.7491
   0.8403
   1.9312
   0.9855
   1.0021
   0.3184
   1.7882
   1.0338
   0.8185
   1.7946
   1.0000
   1.5123
   0.7363
   0.2932
   1.3537
   1.8788
   1.4527
   1.0273
   1.9038
   1.0869
   0.2058
   0.2148
   0.0611
   1.0000
   1.8284
   0.3644
   0.4008
   1.5624
   1.0000
   0.2766
   1.4837
   0.0466
   0.3540
   1.2164
   1.4622
   1.4078
   0.1357
   1.0000
   1.3168
   0.1207
   1.3643
   1.0000
   2.7028
   2.9799
   0.8686
   0.4437
   0.4358
   0.5259
   0.0153
   0.6770
   0.1095
   1.5483
   0.1367
   2.3882
   1.4315
   0.4107
   2.7207
   0.6543
   0.7592
   1.2112
   0.8049
   1.0000
   1.2344
   0.1411
   0.4745
   0.4237
   2.4117
   1.0000
   0.8328
   0.6284
   0.8749
   2.9901
   1.0467
   0.4912
   0.5834
   0.8868
   0.8806
   0.3797
   1.0000
   0.9120
   0.2375
   3.0914
   1.0000
   1.0000
   1.6397
   0.1791
   0.8245
   0.5210
   0.4045
   2.0023
   1.4768
   0.4680
   1.4163
   1.0354
   0.4572
   1.5050
   1.0000
   1.7685
   0.9875
   1.0137
   1.0000
   1.7953
   0.6029
   1.2085
   1.0000
   0.4654
   1.0000
   0.2575
   1.0847
   1.0000
   0.0294
   2.4820
   1.8078
   1.6184
   0.1324
   0.4619
   1.9898
   0.6927
   1.0000
   0.3751
   0.5031
   1.6489
   0.5030
   0.4206
   1.2634
   2.1167
   1.4377
   0.9221
   0.7945
   2.3659
   0.1971
   0.9210
   0.6833
   0.8390
   1.0598
   1.0000
   1.8116
   0.3733
   2.2439
   0.7099
   0.8317
   1.3006
   2.2792
   1.6793
   0.0596
   0.5709
   3.0193
   0.2751
   0.7151
   0.0716
   3.9998
   1.0000
   0.4265
   1.1222
   0.7372
   1.2482
   1.2793
   0.0553
   0.4584
   2.9082
   1.4314
   1.8843
   0.7501
   0.3183
   2.5425
   1.9060
   0.1776
   0.2236
   0.3045
   1.8387
   1.4609
   1.8421
   0.3261
   0.3272
   2.7630
   0.3705
   0.1379
   1.0000
   1.8122
   1.3969
   0.6889
   0.4114
   1.0000
   1.0000
   0.5030
   0.6208
   0.0055
   1.0000
   1.0000
   1.2657
   1.0000
   1.0000
   0.7792
   0.4963
   1.7408
   1.4446
   0.7456
   1.7292
   1.0000
   0.4647
   0.0044
   0.9192
   0.0555
   1.2114
   1.7740
   1.0000
   0.8221
   1.1251
   0.8743
   0.4752
   0.8783
   1.6111
   0.0415
   0.1486
   3.0999
   0.3357
   0.1227
   0.3608
   0.6315
   0.6709
   3.4011
   1.7750
   2.9810
   1.6733
   0.5262
   0.5768
   0.1596
   0.1240
   0.4616
   1.2291
   0.8169
   2.3836
   0.1347
   0.0546
   1.4576
   2.0427
   0.3519
   0.2004
   0.4651
   1.7745
   1.0000
   0.9061
   0.9812
   0.6271
   0.7532
   0.9557
   0.4282
   0.9253
   0.8491
   1.2218
   0.1359
   1.7479
   0.2607
   0.4427
   0.3245
   0.7534
   0.6175
   0.3869
   1.1126
   3.0234
   0.9007
   0.1018
   1.0000
   0.9875
   0.3443
   0.2971
   1.9419
   1.0000
   1.0800
   0.1830
   1.2877
   1.1990
   4.7579
   0.9484
   0.4192
   0.5185
   0.7803
   0.1155
   0.2621
   1.0290
   2.0304
   0.0344
   0.2159
   1.2882
   0.4232
   1.6590
   0.7723
   1.1622
   0.1425
   0.6158
   0.6132
   0.0532
   1.0000
   1.5296
   1.3646
   0.2900
   0.1210
   2.1905
   1.2075
   0.8663
   0.0039
   0.1228
   1.2825
   0.8505
   0.0578
   1.2675
   1.0000
   1.8825
   0.4738
   1.0000
   0.0778
   1.0000
   0.5679
   0.4090
   2.2884
   1.1891
   0.1941
   2.2865
   1.0000
   0.1145
   1.5939
   0.6934
   0.7401
   0.0898
   0.3390
   1.5569
   1.8401
   1.0092
   1.3501
   1.8048
   0.1005
   1.3873
   0.6797
   1.0000
   1.4891
   1.4789
   0.7916
   0.2920
   1.5889
   0.2662
   1.9901
   0.5125
   0.5893
   1.0579
   1.1782
   0.3012
   1.0000
   1.0000
   0.1052
   1.0000
   0.9272
   1.2105
   1.0000
   2.3039
   0.9559
   1.8520
   0.2674
   2.3604
   1.5831
   2.6058
   1.1096
   0.2621
   1.0000
   0.9034
   0.7667
   1.0000
   0.6791
   2.0861
   0.8766
   1.3964
   0.2708
   1.8871
   0.8099
   0.4869
   0.4305
   1.9263
   0.0487
   1.0423
   2.1869
   0.1070
   0.1771
   1.0000
   2.2605
   2.7976
   1.5714
   1.7497
   1.0000
   0.1289
   0.1697
   0.8634
   1.8884
   1.0000
   1.7723
   0.7223
   1.3589
   0.8632
   2.4776
   0.1972
   0.2725
   2.3783
   0.6796
   0.2381
   1.0000
   0.4474
   1.0000
   1.5428
   0.1187
   1.0000
   0.2600
   0.7738
   0.8487
   0.6129
   1.7996
   0.4578
   1.7425
   1.4877
   0.5274
   2.8041
   1.3543
   1.5140
   1.0488
   2.8916
   0.5996
   1.2595
   0.2471
   1.0000
   2.6695
   0.7311
   1.0000
   1.1428
   2.2025
   1.0000
   1.2571
   1.8915
   0.5106
   0.8050
   1.1951
   0.0445
   0.4849
   0.2009
   0.3269
   0.2661
   1.0000
   1.0329
   0.2102
   0.5039
   1.0000
   0.1880
   0.2817
   1.6092
   0.4581
   1.0059
   0.5167
   0.7542
   0.1181
   0.0062
   0.1777
   1.2749
   2.0918
   0.3882
   0.9072
   1.2090
   1.2642
   0.1936
   2.2520
   1.0000
   0.2577
   1.0000
   0.5047
   0.1440
   0.1011
   2.2199
   2.6148
   1.0287
   1.1094
   1.7988
   0.9533
   1.2309
   0.6395
   0.2667
   1.0000
   1.4432
   2.7332
   1.0854
   1.0000
   1.1690
   0.4709
   0.7611
   1.0000
   1.7187
   0.7861
   0.2956
   0.0221
   1.0047
   2.0560
   0.0872
   0.6582
   0.7779
   1.0000
   1.1281
   0.8953
   0.7399
   1.0844
   0.0374
   0.0341
   2.3574
   0.1479
   1.1085
   2.3664
   1.0000
   1.0000
   1.0000
   0.0737
   0.3894
   1.0242
   2.4218
   0.1085
   0.6490
   0.5962
   0.1086
   2.0758
   2.5784
   0.2508
   0.0908
   0.4856
   2.8033
   2.8983
   1.0910
   0.6428
   1.1268
   0.0628
   1.4807
   0.0240
   0.0566
   0.7227
   0.3102
   0.0900
   1.7850
   0.3528
   0.7354
   1.1650
   0.5720
   0.9617
   0.9943
   1.1920
   1.0000
   1.5459
   0.2560
   1.3868
   1.0000
   1.4318
   0.4773
   1.7652
   1.0000
   0.1429
   0.5246
   1.8392
   0.6807
   1.7817
   1.7446
   0.5768
   1.4756
   2.7495
   1.2085
   1.9505
   0.9004
   1.0056
   0.9068
   0.1835
   0.2217
   1.0406
   1.6190
   1.7156
   1.0000
   0.8264
   0.6116
   0.4600
   1.6588
   0.1836
   1.0970
   0.2035
   2.0925
   1.0802
   1.7316
   1.2032
   1.5987
   0.0154
   0.2358
   1.4251
   0.6411
   0.0388
   0.5786
   1.3130
   0.8661
   1.1172
   1.2050
   0.0527
   1.0000
   0.1501
   0.6420
   0.0527
   0.6344
   1.0000
   1.0000
   1.2594
   1.8845
   1.1934
   1.0848
   1.0000
   1.2749
   1.0000
   1.0000
   0.6387
   0.7606
   3.8326
   2.5890
   1.0000
   0.3138
   0.7365
   2.3449
   0.3605
   1.0000
   3.0876
   0.1106
   0.4769
   1.6203
   0.7950
   0.7132
   0.2114
   2.8639
   0.0990
   0.8165
   0.1093
   0.0201
   0.6202
   1.0000
   1.0000
   0.6025
   1.6291
   0.3524
   2.3661
   0.1884
   1.8630
   1.0997
   0.6998
   1.8082
   1.9859
   1.8917
   1.0000
   1.1277
   0.4996
   1.5880
   0.7451
   0.0490
   0.8779
   1.4750
   2.5797
   1.1509
   1.2983
   1.0000
   1.9267
   1.0000
   1.4969
   0.4620
   0.5244
   3.2256
   0.7988
   1.5061
   0.7774
   1.8165
   1.4095
   0.8718
   0.7937
   1.5899
   0.9115
   0.5768
   1.0000
   0.7970
   1.0000
   1.6462
   3.3457
   0.5010
   2.2768
   0.3339
   0.5682
   0.5211
   0.3316
   0.9017
   0.2971
   0.5124
   0.5724
   0.5258
   1.4572
   1.2129
   1.7241
   0.1975
   0.9077
   0.2056
   0.4349
   1.0000
   0.2421
   1.3288
   1.4345
   0.0666
   0.3234
   0.6426
   0.1192
   1.0000
   1.5213
   0.1794
   1.6418
   1.0000
   1.1916
   0.1568
   0.7261
   1.8474
   0.3605
   1.0000
   0.7399
   3.3503
   0.3188
   2.4293
   1.0736
   1.0000
   1.5546
   1.6110
   1.2423
   0.1543
   0.2941
   0.6166
   0.7512
   1.0000
   0.3775
   1.3163
   1.2859
   1.0260
   1.7507
   0.4245
   0.9124
   0.4282
   0.2701
   1.1600
   1.1307
   0.3577
   1.4726
   0.0940
   0.8851
   0.6087
   1.4078
   1.2732
   2.7371
   1.0000
   1.8862
   0.2587
   0.3568
   0.0096
   0.6540
   0.1175
   0.1534
   0.4789
   0.0108
   0.9931
   0.3276
   0.1624
   0.8807
   0.5001
   0.4855
   1.0000
   0.4441
   1.6599
   0.4414
   1.0279
   1.3948
   0.4573
   0.9090
   1.7468
   1.9780
   2.6541
   0.3239
   1.0000
   1.0000
   0.1634
   0.6862
   1.3572
   1.0073
   0.9002
   0.3583
   1.0000
   1.7802
   1.3897
   0.9418
   2.4523
   1.5042
   1.0000
   1.6546
   1.4780
   0.4375
   1.6746
   1.0000
   0.3704
   0.2250
   1.0000
   1.5475
   1.7165
   1.8844
   0.1495
   0.4301
   1.0000
   1.5617
   0.0200
   0.3408
   0.0660
   0.6197
   0.1809
   1.0000
   1.6481
   0.1392
   0.6729
   1.0000
   0.8162
   2.1653
   1.7327
   1.9008
   1.0000
   0.9450
   0.7073
   1.2315
   0.2617
   1.0989
   0.6326
   2.3296
   1.0000
   0.4580
   0.0463
   0.3021
   0.8561
   1.7172
   0.6478
   1.6674
   0.0339
   0.3999
   0.0524
   0.4380
   3.3822
   0.9070
   1.2222
   0.2684
   1.3529
   2.0049
   2.3082
   0.8479
   0.3127
   0.1302
   1.8819
   1.0000
   0.7371
   0.4610
   1.0888
   1.1691
   0.1655
   1.1963
   0.5982
   0.0025
   1.2187
   1.3728
   1.4283
   1.2567
   1.3002
   1.0000
   0.5034
   1.7944
   1.0000
   0.1727
   0.6047
   2.8450
   1.0000
   0.0882
   0.8063
   2.8471
   0.8927
   0.2611
   1.0000
   1.0000
   0.2781
   0.2575
   0.1668
   1.5798
   0.4605
   0.2112
   0.4032
   0.9568
   0.3536
   0.2552
   0.9353
   1.1650
   1.4023
   0.2942
   1.9846
   2.0998
   0.4706
   1.0000
   1.0000
   1.0000
   0.3567
   0.7930
   0.1875
   2.1725
   1.3127
   2.4713
   0.3627
   1.0000
   0.1198
   1.0000
   0.8995
   1.7891

