   0.2134
   1.1198
   1.8842
   0.7519
   0.1619
   1.8577
   1.2619
   1.0713
   1.2842
   0.2729
   0.7419
   1.6244
   0.9710
   0.6619
   1.9412
   1.3520
   0.9702
   0.7428
   1.2379
   0.4083
   0.9311
   0.7919
   0.7067
   1.2153
   0.7199
   1.5306
   0.4223
   0.7677
   1.1083
   1.3151
   1.6173
   2.0000
   0.6395
   2.0595
   0.4073
   1.0512
   0.9501
   0.9246
   0.4199
   0.9491
   1.0154
   0.4886
   1.1356
   1.0728
   0.9289
   0.7817
   0.9239
   0.2599
   0.6173
   0.2138
   0.7900
   2.1148
   0.7807
   0.6362
   0.4304
   1.5569
   1.0369
   0.4949
   0.8915
   1.1700
   0.8244
   0.9870
   0.1626
   1.1865
   0.8221
   1.0640
   0.9425
   0.4050
   0.3891
   0.4574
   0.6152
   2.0123
   0.7578
   0.5399
   1.3678
   0.8666
   0.4652
   0.5025
   1.7932
   0.4182
   0.5680
   1.1373
   0.8327
   1.2522
   1.1221
   1.0230
   1.6893
   0.4327
   0.6165
   1.9618
   0.9405
   0.8590
   0.6858
   2.1086
   1.0861
   1.1587
   1.7228
   0.6404
   0.9445
   0.7879
   1.9001
   0.7768
   1.2766
   0.5678
   1.4835
   0.4558
   1.5923
   0.2759
   0.3104
   0.8327
   0.2653
   1.2156
   0.4533
   0.3771
   0.9512
   0.2771
   0.3279
   0.7340
   1.3937
   0.7867
   0.3822
   0.9916
   0.3826
   1.1537
   0.7206
   1.5218
   1.6206
   0.9874
   0.9539
   1.5310
   0.3448
   0.4571
   0.6927
   1.1600
   0.2665
   1.4576
   1.2834
   0.5784
   0.5595
   0.4465
   1.4763
   0.5750
   0.9478
   0.5144
   0.7451
   0.7720
   0.9436
   1.1431
   0.8386
   0.7512
   0.9107
   0.7462
   1.2295
   1.9597
   0.4132
   0.5024
   0.4431
   2.1792
   1.4247
   0.8949
   0.8400
   0.5141
   1.0166
   0.7460
   0.8899
   1.3807
   0.6621
   0.8297
   2.3460
   0.9634
   0.5256
   1.4939
   1.3680
   0.9958
   1.1992
   0.5731
   2.0073
   0.9506
   0.3916
   0.7622
   0.3368
   0.9537
   1.7640
   0.8008
   0.7075
   0.2810
   1.1265
   0.9233
   2.2547
   1.2930
   0.8821
   1.4177
   0.6719
   0.8209
   0.4764
   0.4779
   0.9928
   1.7839
   0.4234
   0.8487
   0.5045
   1.2647
   0.7690
   1.7100
   0.8530
   0.4366
   1.3487
   1.6540
   1.2438
   1.2939
   1.2509
   1.1864
   1.5079
   0.5398
   1.5253
   0.7506
   0.3602
   0.6655
   0.5487
   0.9629
   0.8239
   0.5772
   1.7759
   1.1164
   2.0085
   2.4511
   0.5719
   0.8370
   1.9457
   1.8392
   0.4311
   1.7527
   0.6564
   0.5148
   1.7340
   1.5280
   0.7212
   0.7633
   0.2677
   1.5301
   1.0188
   0.9083
   1.9244
   1.8024
   0.6400
   0.6292
   1.4033
   1.0466
   1.8070
   0.4887
   0.5268
   0.7690
   1.0647
   0.7175
   1.8652
   0.7600
   1.7472
   1.3165
   0.8438
   0.7014
   1.7221
   1.3719
   0.6424
   0.3614
   1.6622
   1.0035
   0.3046
   1.1550
   2.2394
   0.4393
   2.0394
   0.6203
   0.7904
   0.5909
   0.5999
   0.5237
   1.6623
   0.4956
   0.9237
   1.2586
   1.0979
   0.7725
   1.2605
   0.5287
   1.0207
   0.7320
   0.8348
   0.3073
   0.8846
   1.3800
   1.7928
   1.2566
   1.7417
   1.1854
   1.3552
   1.1520
   0.6409
   0.2213
   1.0331
   1.8735
   1.4577
   0.3095
   0.8078
   0.5011
   1.3633
   1.5177
   1.0732
   0.6951
   1.0584
   0.7855
   0.3630
   1.5680
   0.7381
   0.2942
   1.0164
   0.8328
   1.1403
   0.7712
   0.6978
   0.7934
   0.5050
   0.6211
   0.5950
   1.1867
   0.7926
   0.9898
   0.4034
   0.9814
   0.5341
   0.6986
   0.4039
   0.8508
   1.0654
   0.7307
   1.2679
   1.6764
   1.1227
   0.8096
   0.7166
   0.5857
   1.5706
   0.4628
   0.6659
   0.3616
   1.1078
   1.2236
   1.1228
   0.4974
   1.7764
   0.7966
   0.9031
   0.6408
   0.2818
   1.1394
   1.0001
   1.2336
   1.1786
   0.4413
   0.2599
   0.9736
   1.7982
   0.4818
   0.8187
   0.7513
   1.6180
   1.1182
   0.9958
   1.3819
   0.6457
   1.7420
   1.8193
   1.1134
   1.0493
   1.3833
   1.6888
   1.5388
   0.8219
   0.7915
   1.2706
   1.2869
   0.5280
   0.5008
   0.7461
   1.3694
   0.4754
   0.3898
   0.4691
   0.3738
   0.8138
   0.9344
   0.7486
   1.3213
   0.7447
   0.7390
   0.6793
   0.8276
   1.6187
   0.6273
   0.7902
   0.5704
   0.8567
   1.0552
   0.5149
   0.5563
   1.0424
   1.0995
   1.0970
   0.8403
   0.4551
   0.4413
   1.3403
   1.3630
   0.5890
   0.8387
   0.9271
   0.7321
   0.8020
   1.2445
   1.2656
   1.0812
   0.6590
   0.8929
   1.7873
   1.3737
   1.4713
   0.9073
   2.2578
   0.8691
   1.4488
   0.6943
   1.4956
   2.7636
   0.7461
   0.9129
   1.2514
   2.1010
   0.6937
   1.4819
   1.0840
   0.9009
   1.0871
   1.2745
   0.5311
   1.0287
   2.2623
   0.7603
   1.5034
   1.5312
   1.2453
   0.8360
   0.5113
   0.9036
   0.9466
   0.7511
   1.0691
   0.8716
   0.5866
   0.2451
   0.9548
   1.6470
   0.8386
   0.9113
   0.9260
   1.6181
   1.4204
   1.7924
   0.7132
   1.0263
   1.9151
   0.9553
   0.7284
   0.5337
   1.4613
   0.6461
   1.2332
   1.0751
   0.7825
   0.6062
   1.3563
   0.9931
   1.6717
   1.2041
   0.9136
   0.5269
   1.6528
   0.9756
   0.2427
   0.6210
   1.5523
   1.4500
   1.4527
   2.3759
   1.2399
   0.4307
   1.1666
   0.6948
   0.8292
   1.3365
   1.7686
   0.4951
   1.5479
   1.3167
   0.7870
   2.0701
   0.6447
   1.1692
   0.9328
   1.5920
   0.7693
   1.0137
   1.0100
   0.4379
   0.7705
   0.6546
   1.1685
   0.8493
   1.1917
   1.1285
   1.3897
   1.2531
   0.5230
   0.8219
   1.5348
   0.5625
   0.6293
   2.1289
   0.6436
   1.1331
   1.2609
   0.9842
   0.1715
   1.6492
   2.1376
   0.8965
   0.4833
   1.4019
   1.5127
   0.9407
   1.1773
   0.9333
   1.4601
   0.5883
   1.2791
   0.7187
   0.8079
   0.8888
   0.5449
   0.9368
   0.8700
   1.3281
   1.7088
   1.7357
   1.0632
   1.6722
   0.4247
   1.1436
   1.2130
   0.9115
   0.9293
   1.2731
   1.6955
   0.2519
   0.8690
   1.2757
   0.8383
   2.8980
   0.9617
   1.5922
   0.3875
   0.6199
   0.7682
   1.3323
   1.1722
   0.4857
   1.3355
   0.8905
   0.4473
   0.5932
   0.4390
   1.0741
   1.0389
   1.5391
   0.7684
   0.4898
   0.7506
   0.9661
   1.5081
   0.1509
   0.2038
   1.0817
   0.5852
   0.6784
   1.9781
   0.6758
   1.4530
   0.8263
   0.6896
   0.6773
   1.8123
   0.6879
   0.3605
   0.5070
   0.4728
   0.5087
   0.5359
   0.8165
   0.7862
   0.7109
   0.6960
   1.2956
   0.5956
   0.6152
   1.4324
   0.9912
   1.1574
   0.8710
   0.9558
   1.4598
   1.2926
   0.4745
   1.2740
   0.6845
   0.8819
   0.4275
   1.5375
   1.1898
   1.0505
   0.7292
   1.1445
   0.9561
   0.5206
   0.9910
   0.8287
   1.4876
   0.3898
   1.9650
   1.8276
   0.6827
   0.5532
   1.4553
   0.5590
   1.1967
   1.2951
   1.1211
   0.8449
   0.3024
   0.8931
   1.3895
   1.1109
   0.7226
   0.6529
   1.0560
   0.8521
   0.9346
   1.9579
   0.7542
   0.8023
   1.3338
   0.4628
   2.0398
   1.0518
   0.4577
   0.7446
   0.5172
   1.7655
   0.5289
   0.3605
   0.9487
   1.9175
   0.7429
   0.4442
   2.6129
   0.8321
   1.0295
   0.6410
   0.3518
   0.3527
   0.6277
   0.9038
   0.7338
   1.4086
   0.8602
   0.6919
   1.0143
   0.5264
   0.5368
   1.5417
   0.7801
   1.4911
   0.8713
   0.9106
   1.1384
   0.8623
   1.6095
   2.1494
   0.5898
   0.6667
   1.1198
   0.4583
   1.8287
   0.8832
   0.3418
   2.1255
   0.3353
   1.3623
   0.8942
   0.8795
   0.6744
   0.6964
   1.5310
   1.0062
   0.6359
   0.5759
   0.4050
   1.9081
   0.5247
   0.5112
   0.4543
   0.8759
   0.5080
   0.4213
   1.0422
   0.4422
   0.8211
   1.0600
   1.2700
   1.1033
   0.8058
   0.7583
   0.7165
   0.8219
   1.3853
   0.9824
   1.1862
   0.5977
   0.9648
   0.7885
   1.4031
   1.0122
   0.2623
   1.0334
   0.9180
   0.5165
   1.3104
   0.6272
   2.0387
   1.0979
   0.4574
   1.0429
   1.1753
   0.6456
   0.7425
   1.1277
   0.6144
   0.5111
   1.1074
   1.1883
   1.8339
   1.3600
   1.8573
   1.0856
   1.0922
   1.1417
   0.4156
   0.3899
   0.4589
   1.6163
   0.9034
   2.2162
   1.0108
   0.7929
   0.9001
   0.2377
   1.0602
   1.4101
   0.4867
   1.4868
   2.1636
   1.2825
   0.7026
   2.6317
   1.5106
   0.7118
   0.3238
   1.2197
   0.9696
   0.6948
   1.4649
   0.1283
   0.9177
   0.9356
   0.3738
   0.8814
   0.4434
   0.6154
   1.3891
   0.7308
   0.6298
   0.5553
   0.7393
   0.8608
   1.7302
   1.4066
   1.1442
   0.6800
   2.2603
   0.7243
   1.0359
   0.3105
   0.3096
   0.3980
   2.3777
   0.5372
   0.6728
   0.7441
   0.9115
   0.8043
   0.3302
   0.9212
   0.4321
   1.2282
   1.0617
   1.1771
   0.0826
   1.4862
   1.6727
   1.1843
   0.4967
   0.8835
   0.3731
   1.0930
   1.0823
   1.1112
   0.9389
   0.6380
   0.6265
   1.4952
   1.6333
   1.4940
   0.4929
   0.7650
   1.2536
   2.8739
   1.0937
   1.1609
   1.0153
   1.7412
   0.8626
   0.4326
   0.8057
   1.2214
   0.8262
   0.7757
   2.8222
   2.8291
   1.4814
   0.8456
   0.7238
   0.4686
   0.4516
   1.5427
   0.7392
   1.5613
   1.7308
   1.1806
   0.7070
   0.7641
   1.2284
   2.0274
   1.2665
   0.9387
   1.2254
   1.9779
   0.3942
   0.9894
   0.7156
   1.0136
   1.4289
   0.4285
   0.9654
   0.9161
   1.3494
   0.8300
   1.3190
   1.9723
   0.2232
   1.1994
   0.6592
   0.7757
   2.7308
   0.6585
   1.2215
   2.4657
   0.9290
   0.8326
   0.6072
   1.8376
   0.8628
   0.5287
   0.8425
   1.4590
   1.2674
   1.5121
   0.8670
   0.7855
   0.4509
   1.8544
   0.7703
   1.6978
   0.5472
   0.7894
   1.1521
   0.7427
   0.8922
   1.5651
   0.2060
   1.5233
   0.9076
   1.1662
   1.0617
   1.2714
   0.2612
   1.3045
   0.8254
   0.5222
   1.0851
   0.5293
   0.8213
   1.0498
   0.8272
   1.3983
   0.7611
   0.2669
   0.8497
   1.6322
   0.6522
   0.4699
   1.9654
   1.6550
   1.4838
   1.0880
   0.9625
   1.0318
   0.5652
   0.6146
   0.8296
   2.0911
   0.8996
   0.5222
   1.9541
   0.6874
   0.3921
   0.6841
   0.7289
   0.6576
   1.1951
   0.7197
   0.8028
   0.8504
   0.6500
   1.2084
   0.3729
   0.7853
   1.7812
   0.6969
   0.5642
   0.9457
   0.8216
   1.8313
   1.0694
   1.4063
   0.4615
   2.1058
   2.0225
   0.3091
   0.6619
   0.6890
   0.8003
   0.6977
   0.4951
   0.5954
   2.1151
   0.4535
   1.5041
   1.2415
   0.6016
   0.9587
   0.9741
   2.1960
   1.4884
   1.3817
   1.0580
   0.6232
   0.9555
   0.3886
   0.6273
   0.7029
   0.8581
   0.9710
   1.7602

