  7.7975e-001
  3.1623e-001
  1.1045e-001
  3.4520e-002
  3.0244e-001
  3.7939e-001
  2.6929e-001
  8.8763e-001
  7.1357e-001
  2.7255e-001
  1.9382e-001
  3.0281e-001
  4.9324e-001
  3.8749e-001
  1.1379e+000
  4.2386e-001
  6.4716e-002
  4.7853e-004
  1.1621e-001
  2.7086e-001
  2.6875e+000
  1.5210e-001
  5.1195e-001
  1.2504e-001
  5.4028e-001
  5.0452e-001
  1.6989e+000
  4.6871e-002
  4.5265e-004
  1.0464e-001
  2.2702e-001
  3.7503e-002
  6.1309e-001
  8.7275e-001
  5.0174e-001
  1.7226e-001
  3.2733e-001
  3.4908e-001
  2.0756e-001
  9.2321e-002
  4.2107e-001
  8.8358e-002
  7.2036e-001
  2.1821e-002
  5.2590e-002
  2.1775e-002
  7.9066e-001
  2.5378e-001
  5.2010e-002
  6.4669e-002
  5.5237e-001
  7.4875e-001
  2.8816e-002
  7.3142e-001
  2.3969e-001
  5.1508e-001
  9.1678e-001
  5.9818e-002
  1.6923e+000
  4.1355e-001
  9.8171e-001
  6.9875e-001
  5.5321e-001
  7.4466e+000
  8.4091e-002
  6.2257e-001
  2.2909e-001
  1.0217e+000
  6.0069e-002
  1.8983e-001
  2.8083e+000
  8.6173e-002
  6.0954e-001
  8.6902e-001
  2.7210e-002
  2.1738e+000
  1.6780e-001
  8.2489e-002
  7.1388e-001
  2.4223e-001
  2.0710e-001
  1.9016e-001
  8.5975e-001
  7.1252e-001
  1.5493e+000
  5.4879e-001
  4.6642e-001
  7.5517e-001
  7.0880e-001
  1.2113e-001
  1.6495e-002
  1.4557e+000
  1.5397e-001
  2.5410e-001
  5.2943e-002
  7.8658e+000
  1.7672e+001
  4.3073e-001
  7.4822e+000
  9.5406e-002
  1.1194e-001
  3.4958e-001
  1.7637e-001
  5.7376e-001
  1.4297e+000
  4.5400e-002
  3.3377e-001
  1.8891e-001
  6.6556e-001
  3.8174e-001
  1.0688e+000
  2.0228e-001
  2.5564e-001
  3.3901e-001
  1.7126e-001
  2.5086e-001
  4.2199e-001
  5.1714e-001
  1.3898e-001
  2.9330e+000
  5.9057e-001
  3.2654e-001
  3.2471e-001
  1.0707e+000
  5.2242e-001
  3.1272e-001
  5.4229e-004
  4.1364e-001
  2.3040e-001
  4.6362e-001
  4.4703e-001
  7.8084e+000
  5.2214e-001
  1.7214e+000
  3.1000e-001
  8.5695e-001
  2.1200e-001
  9.7184e-002
  1.5715e-001
  7.3821e-003
  1.1420e+000
  1.0486e-001
  5.3098e-002
  1.1143e+000
  3.9402e-001
  7.6304e-001
  5.8445e-001
  3.8817e-001
  1.8306e-001
  1.5497e-001
  3.4589e-002
  5.4558e-001
  1.3943e+001
  4.5749e-001
  5.6655e-001
  3.9461e-001
  1.1474e+000
  1.5965e-001
  2.6202e-001
  1.3040e-001
  2.0887e-002
  5.5715e-001
  4.1305e-002
  1.8209e+000
  2.0269e-001
  1.2491e+000
  1.9530e-002
  4.3862e-001
  2.3398e-001
  6.9608e-001
  2.9077e-001
  3.0251e-001
  5.8558e-002
  2.2013e-001
  1.7548e+000
  4.3117e-001
  4.3944e-001
  7.8701e-002
  3.1119e-002
  2.4175e-002
  4.3220e+000
  2.8697e-001
  1.7489e-001
  2.9582e-002
  7.0829e-003
  7.5600e-001
  2.5601e-002
  1.1757e-001
  2.3502e-001
  8.9111e-001
  1.2736e+001
  3.1331e-001
  6.0381e-001
  4.1317e-001
  1.2324e-001
  2.7044e-001
  9.9992e-001
  6.9745e-001
  2.0532e-001
  3.5128e-001
  1.0120e-001
  1.1557e+000
  1.6601e-001
  1.6540e-001
  2.0321e-001
  1.4539e-002
  1.8896e+001
  2.0699e-001
  1.3988e-001
  1.0650e+000
  2.3577e-001
  1.1548e-001
  5.4206e-001
  2.2618e-001
  1.1423e+000
  7.3168e-003
  2.7283e-001
  1.7354e-001
  1.0015e+001
  1.7829e-002
  3.7732e-001
  7.7963e-001
  4.1829e+000
  6.7096e-001
  1.1535e-001
  1.3172e-001
  1.8066e-001
  2.8509e+000
  2.7369e+000
  3.8941e-002
  2.1903e-001
  6.9048e-001
  4.0117e-001
  9.5724e-002
  9.1827e-002
  8.2477e-001
  1.7243e-001
  2.4856e+000
  3.9913e-001
  3.8781e+000
  5.1091e-002
  1.7822e-001
  2.1094e-001
  1.8193e+000
  4.5113e-001
  3.0530e-001
  4.5384e+000
  1.8599e-002
  1.5390e-001
  1.8952e-001
  5.0556e-001
  9.1624e-003
  4.6505e-002
  1.7449e-001
  4.1693e-002
  3.9719e-001
  9.3203e-001
  4.2600e-001
  1.3030e+000
  8.8807e-001
  2.1956e-002
  1.1813e-001
  8.5856e+000
  9.7351e-001
  2.4882e-001
  2.0654e+000
  5.1272e-001
  1.9038e-001
  2.2227e-001
  9.3431e-002
  1.9589e-001
  6.5943e-002
  2.5405e-001
  2.4886e+000
  2.3028e-001
  2.4091e-001
  3.8676e-001
  2.9881e-001
  5.5413e-001
  1.2057e+000
  1.5915e-001
  1.1055e-002
  1.8367e+000
  2.2590e+000
  1.9292e-001
  1.0809e-001
  1.0738e+000
  2.5332e-001
  8.2996e+000
  2.5288e-001
  1.0679e+000
  1.2194e+000
  2.3771e+000
  8.7780e-001
  6.6879e-001
  6.4448e-001
  7.9520e-001
  3.2840e-001
  2.6363e-001
  2.5156e-001
  3.7263e+000
  5.5131e-001
  1.1472e-001
  2.8571e+000
  3.1839e-001
  2.9311e-001
  8.7845e-002
  2.1099e-001
  1.1553e-001
  1.6337e-002
  1.4988e+000
  7.2034e-002
  2.3141e-001
  5.9012e-002
  5.0345e-001
  2.2038e+000
  2.8402e-001
  3.2958e+000
  7.0715e-001
  2.4779e+000
  1.0843e+000
  3.6251e-001
  1.5196e+001
  1.6102e-001
  3.4932e-001
  1.0334e-001
  1.4589e+000
  3.2812e+000
  1.5755e-001
  3.3757e-001
  3.9290e-001
  3.3216e-001
  4.1302e-001
  1.6592e-001
  4.9984e-001
  2.4189e-001
  1.4677e+000
  1.8589e-001
  1.9465e-001
  3.6760e-001
  1.0347e-002
  7.0840e-001
  1.0888e+001
  5.8485e-001
  2.6117e-001
  1.1999e-001
  3.8791e-001
  2.6631e-001
  3.4697e+000
  1.4100e-001
  3.9236e-001
  5.4931e-001
  5.7784e-001
  3.8894e-001
  9.6594e+000
  2.8989e+000
  5.3147e-001
  1.0505e+000
  4.3629e-002
  3.6899e+000
  9.9291e-003
  3.4145e-001
  1.9843e-003
  4.1179e-002
  1.3049e-001
  1.9661e-003
  3.3866e-001
  5.5156e-001
  3.6482e-001
  2.5903e+000
  3.7069e-001
  1.7541e-001
  3.0806e-001
  4.5458e-002
  2.8597e-001
  2.1293e-002
  1.5621e-001
  4.4934e-001
  5.6503e-001
  5.6223e-001
  9.9282e+000
  2.2465e+000
  7.1631e-001
  2.5044e+000
  8.8608e-001
  1.9885e-001
  2.5235e-001
  8.4107e+000
  6.4466e-002
  3.3053e-002
  1.2087e+001
  9.4569e-002
  1.4766e+000
  3.4600e-001
  2.9072e+000
  7.8170e-001
  2.4947e-003
  1.2042e+000
  1.8727e+000
  2.8860e-003
  2.5342e-001
  2.0171e+001
  4.3657e-001
  4.5964e+000
  1.3001e+000
  4.1874e-001
  1.1999e-001
  1.8918e+000
  1.8308e-002
  6.1658e-002
  1.3632e-001
  1.9242e+000
  8.0493e-001
  1.1350e+001
  2.1616e-001
  2.3264e-001
  1.8928e-001
  5.9778e-001
  3.8937e-001
  8.1262e-001
  1.5197e+000
  2.1044e-001
  6.4656e-001
  1.2486e-001
  1.5427e-001
  1.4594e-001
  9.4171e+000
  1.2216e+000
  1.0678e+000
  5.1982e-001
  4.5921e-002
  1.8542e-001
  2.3283e-001
  3.8701e-001
  5.5176e-002
  6.0442e-001
  1.8005e+001
  1.3082e-001
  1.8491e+000
  1.8418e-001
  6.3678e-001
  1.0008e-001
  1.6327e+000
  1.3861e-001
  9.7857e-002
  1.7314e-001
  9.8937e-001
  8.4017e-001
  1.1748e+000
  6.3024e-003
  3.2956e-001
  5.5927e+000
  2.7388e-001
  5.1680e-002
  1.6256e+000
  6.2843e-001
  4.4492e-001
  3.9800e-002
  1.4387e+000
  1.5534e+000
  5.4762e+000
  8.4738e-002
  1.8378e-001
  6.5484e-002
  3.0460e-001
  1.0247e+000
  1.9677e-001
  4.1951e-001
  1.4817e+001
  5.3296e-001
  1.9900e-001
  4.0962e-001
  2.8800e-001
  2.9354e-001
  3.7275e-001
  1.0356e+000
  1.9856e-001
  3.0250e-001
  1.5101e-001
  5.3504e-001
  2.4522e-001
  5.0971e-002
  4.8862e-001
  2.4323e-001
  3.1342e-001
  7.3066e-001
  3.1146e-001
  5.2694e-001
  3.1304e-001
  4.2438e+000
  4.0394e-001
  4.5836e-001
  2.0330e-001
  7.9426e-001
  7.0383e-002
  6.1824e-002
  2.3608e-003
  1.2354e+000
  1.9042e+000
  5.0938e-001
  7.6945e-002
  3.0311e-001
  2.3784e-001
  1.0745e+000
  5.8131e-003
  3.5981e+000
  6.1844e-001
  3.8401e-001
  2.2680e-001
  1.4846e-001
  2.7287e-001
  5.3542e-001
  7.8280e-002
  1.2310e-002
  3.3343e-001
  8.9250e-002
  3.2287e-002
  5.5671e-001
  1.2413e-001
  1.2686e+000
  3.2990e-001
  4.8379e-001
  1.9585e-001
  4.8875e-001
  1.3785e-001
  1.6300e+000
  4.5803e+000
  6.5133e-001
  4.8758e-001
  1.2450e-001
  7.5102e-001
  1.3154e-001
  7.8191e-001
  3.3619e+000
  3.9139e-001
  1.0610e-001
  1.6004e-001
  2.1929e-001
  7.6452e-001
  3.3250e-001
  4.7683e-001
  6.7409e-001
  5.0115e-001
  1.0361e+000
  1.6966e-002
  2.0524e+000
  2.6741e-001
  1.4008e-001
  2.4640e-001
  2.9666e-001
  2.6316e-001
  9.3089e-002
  2.8227e-001
  4.4879e-001
  2.1994e-002
  6.6909e-001
  9.7441e-001
  3.3734e-001
  6.6250e-001
  4.1944e-001
  1.7342e-001
  3.8514e-001
  4.5255e-002
  8.8781e-001
  2.4372e-001
  2.3667e-002
  3.1720e-001
  2.2774e+000
  3.9730e+000
  9.0719e-002
  3.3106e-001
  4.2058e-001
  3.0555e-001
  1.3337e-001
  3.4701e-001
  2.2743e-001
  3.5809e-002
  1.5030e+000
  5.4405e-002
  7.0086e-001
  2.8583e-001
  6.3850e-001
  1.5557e-001
  1.0182e-001
  3.4222e-001
  3.8386e-001
  8.7428e-002
  2.5242e-001
  1.5582e+000
  1.9515e-001
  3.2795e-001
  1.2033e+000
  6.1119e-002
  6.9730e-002
  8.2667e-001
  1.6894e-001
  2.0298e-001
  9.9336e-001
  1.5409e+000
  7.8592e-001
  5.3495e-001
  5.1452e-001
  6.1842e-001
  3.5790e-001
  6.6211e-002
  3.4577e+000
  5.2835e-001
  4.8626e-001
  5.3404e-001
  4.0953e-001
  9.7821e-001
  3.3926e-001
  1.8706e-001
  1.3966e-001
  3.7806e-001
  5.2477e+000
  7.3673e-001
  4.0954e-001
  1.3502e-001
  3.9168e-002
  5.6433e-001
  9.4647e-001
  7.2054e-001
  7.1244e-001
  1.9907e-001
  3.6707e-001
  9.8097e-002
  6.3024e-001
  4.3251e-002
  5.1178e-002
  5.6719e-001
  6.0552e-003
  3.3348e-001
  9.4561e-001
  1.3558e+000
  1.1601e+000
  2.7136e-001
  2.2469e+000
  4.1519e-002
  5.5162e-002
  9.1782e-001
  1.7395e-001
  4.1656e-001
  3.4562e-001
  3.0888e-001
  3.9408e-002
  3.0245e-001
  1.3721e-001
  1.2171e-001
  8.3208e-001
  3.7427e-001
  7.9617e-001
  8.9927e-001
  1.2730e-001
  3.8901e-001
  6.2366e-001
  1.3775e+000
  9.2985e-002
  7.4968e-002
  5.9847e-001
  7.3426e-001
  1.2440e+000
  5.6936e-001
  4.4867e-001
  7.1031e-001
  1.2361e+000
  4.1789e-001
  9.8740e-001
  1.1659e+000
  1.3115e+000
  8.0718e-002
  3.2286e-001
  1.5811e-001
  3.8783e-001
  1.3676e-001
  1.5582e-001
  1.8804e-002
  6.1669e+000
  1.5148e-001
  1.5499e+000
  1.5607e-001
  8.9975e-002
  1.3169e-002
  1.6075e-001
  1.8960e+000
  5.9161e-001
  5.3783e+000
  2.5908e-001
  1.7877e+000
  5.8625e-002
  1.5129e-001
  2.5853e-002
  5.1916e-002
  1.3149e-001
  8.8510e-001
  8.4648e-002
  2.3850e-001
  4.4476e-001
  2.7715e-001
  5.2124e+000
  1.4749e-001
  2.4649e-002
  2.0266e-002
  1.5715e+001
  6.9348e-001
  1.5185e-001
  8.2303e-001
  5.6482e-001
  8.2365e-001
  4.8784e-001
  3.2413e-003
  4.2777e-001
  1.3185e-001
  1.9245e-001
  7.5563e-001
  1.9965e+000
  7.3384e-001
  1.6657e-001
  3.4026e-002
  1.4146e-001
  2.9349e-001
  4.5453e-001
  3.3547e+000
  9.8134e-001
  5.6968e-001
  6.0909e-002
  2.4828e+000
  1.9235e+000
  9.6772e-001
  2.2920e-001
  1.8219e-002
  6.1208e-002
  1.1383e+000
  1.9750e-001
  4.6133e-001
  7.0484e-001
  4.7268e-001
  7.3160e-002
  1.3361e+000
  4.6340e+000
  2.1350e+001
  3.9460e+000
  3.3537e-002
  6.9816e-001
  9.4657e-001
  6.5730e-001
  1.7273e-002
  8.9095e-002
  7.5881e-001
  2.1116e-001
  1.1061e-001
  1.6676e-001
  2.9516e-001
  5.6021e-001
  4.2506e-001
  6.6354e-002
  4.8337e-002
  6.5833e-003
  2.5982e-001
  7.9978e-001
  7.2627e-001
  7.1327e-002
  1.2544e-001
  7.7859e-001
  6.7405e-001
  1.8194e+000
  1.4095e+000
  2.9475e-001
  1.0500e+000
  7.4221e-002
  2.9797e-001
  1.6512e-001
  8.6144e-001
  2.5459e-001
  5.6053e-001
  6.1321e-001
  6.5032e-004
  1.4029e-001
  4.4348e-002
  5.4317e-002
  4.2640e-002
  2.4589e-001
  6.8544e-002
  9.1296e-002
  2.0248e-001
  5.6773e-001
  1.2013e-001
  8.7945e-004
  3.6913e+000
  9.3849e-001
  5.8641e+000
  1.1276e+000
  3.3059e-001
  1.1533e+000
  3.2170e-001
  1.0337e+000
  4.6996e-001
  4.8473e-001
  1.2089e-001
  1.4593e+000
  1.0606e-001
  2.9483e-001
  6.6274e-001
  4.9818e-001
  8.2474e-001
  1.6109e-003
  3.0228e-001
  2.7810e-001
  8.0050e+000
  1.1096e+000
  4.3408e-001
  5.9847e-001
  7.4768e-002
  1.3671e-005
  7.8702e-003
  6.5157e-001
  1.3276e-001
  2.8596e-001
  5.9681e-001
  1.2032e+000
  4.2693e-001
  9.7587e-002
  7.8067e-001
  2.1960e-001
  4.6154e-001
  1.3462e-001
  1.5240e-001
  1.1837e-001
  3.8350e-002
  8.9517e-002
  1.2541e-001
  2.9992e-001
  3.6906e+000
  9.2999e-001
  3.2818e-001
  3.6508e-001
  1.1455e-001
  6.5037e-001
  5.5834e-002
  3.2563e-001
  2.3336e-001
  4.9717e-001
  2.5273e-001
  4.7716e-001
  3.6857e-001
  3.7921e-001
  1.0734e+000
  1.7074e+001
  1.4610e+001
  1.2522e+000
  2.5615e-001
  1.2251e-001
  2.2161e-001
  1.9850e+000
  6.7543e-001
  1.8418e-001
  1.4778e+001
  3.6003e+000
  2.4575e-001
  3.1668e-001
  2.5239e-002
  1.9706e-002
  5.6100e-002
  2.5377e-001
  8.0158e-001
  1.6100e-001
  2.9749e-002
  3.6323e-001
  4.4924e-001
  8.2160e+000
  3.0624e-001
  3.4748e+000
  9.4641e-002
  7.4225e-002
  2.7197e-001
  7.2601e-001
  7.1186e-001
  1.3071e-001
  4.1937e-001
  5.3097e-001
  1.7811e-001
  4.5180e-001
  7.6622e-001
  8.3667e-002
  1.2387e+001
  1.1076e+000
  1.4179e+000
  2.6251e-001
  1.7683e-002
  5.3428e+000
  8.3621e-001
  7.4378e-001
  1.7794e+000
  2.4194e-001
  8.0316e-001
  1.5017e-001
  5.6034e-001
  1.4141e-001
  4.0685e-001
  2.3720e-001
  7.9659e-002
  5.0723e-001
  1.3322e+000
  2.7331e-001
  3.7299e-002
  1.1518e-001
  7.2805e-002
  5.7330e+000
  2.9260e-001
  5.5748e-002
  1.7539e+000
  9.0635e-002
  1.5977e-002
  2.2073e-001
  5.3293e-002
  6.7701e-001
  7.0519e-001
  3.5011e-001
  3.7448e-001
  1.0123e-002
  1.2289e-001
  1.3610e+000
  1.5165e-002
  3.1086e+000
  2.1820e-001
  5.8222e-001
  5.7592e+000
  1.0499e+000
  2.9116e-003
  2.2972e-001
  9.2168e-001
  2.6316e-001
  5.2746e-001
  4.2452e-001
  7.0285e-002
  4.1589e-001
  3.1444e-001
  1.0053e-001
  9.4968e-002
  5.6869e+000
  8.6836e-001
  2.1643e-001
  1.6280e+000
  2.6832e+000
  1.1473e-001
  1.4183e-001
  5.9177e-001
  3.7132e-001
  1.0090e-001
  8.6318e-002
  1.7293e-001
  3.9423e-002
  1.8183e+000
  2.1019e-001
  6.4528e-001
  1.6024e-001
  2.3869e-001
  3.5727e-001
  9.5382e-002
  1.6478e-001
  3.9600e-001
  7.5083e-001
  3.7218e-001
  3.0440e-002
  1.6743e-001
  1.3104e-001
  1.7738e-001
  1.1939e+001
  2.7394e-001
  9.2273e-002
  4.4722e-001
  3.9887e-001
  4.4737e-002
  1.0455e-003
  3.4515e-001
  3.4011e-001
  4.8993e+000
  3.2774e-001
  9.2383e-002
  2.8875e-001
  2.2847e+000
  2.6572e-001
  2.0173e-001
  8.1198e-003
  3.9245e-001
  2.0176e-001
  3.9541e+000
  1.4072e-001
  6.9724e-002
  8.7556e-002
  1.5285e+000
  8.7762e-001
  2.1553e-001
  8.0733e-001
  1.5728e-001
  4.3319e-001
  7.6498e-002
  6.4282e-001
  2.1127e-001
  7.3330e-001

