   1.0744
   0.0403
   0.3428
   0.2280
   0.1750
   0.2258
   1.2687
   1.6438
   0.6932
   0.6163
   0.8888
   0.2341
   1.1681
   1.5467
   1.0509
   0.0858
   0.0936
   0.7951
   0.7930
   0.4288
   2.4252
   0.0874
   0.2878
   0.1987
   0.2808
   0.0593
   0.0749
   2.2356
   1.6998
   0.5496
   0.7799
   0.2524
   0.9803
   1.7896
   1.2906
   0.5726
   0.2195
   0.8973
   0.7752
   0.0177
   0.0221
   0.0671
   0.1460
   0.0865
   0.3454
   1.0749
   0.9106
   0.0039
   0.1564
   0.6728
   0.7800
   0.2013
   0.8288
   1.5599
   0.3413
   1.3566
   1.1808
   0.6735
   0.0207
   1.6274
   0.7897
   0.0341
   3.1087
   4.2681
   0.0294
   2.5767
   0.7039
   0.3574
   0.5358
   0.5526
   2.2069
   5.9930
   0.4720
   1.7351
   0.7031
   0.0562
   1.1383
   0.0776
   0.8565
   0.0577
   3.7715
   1.6770
   0.4249
   0.1442
   0.3761
   0.8078
   1.0034
   1.8369
   0.7640
   0.4338
   0.4675
   1.3578
   0.3327
   0.2126
   0.0258
   0.2471
   0.1719
   0.2157
   0.1165
   1.2156
   0.3609
   2.4890
   3.7243
   0.0745
   0.4291
   0.2172
   0.3138
   0.1185
   0.4499
   4.1931
   1.4740
   1.4502
   0.8957
   0.4110
   0.8004
   0.0488
   1.2339
   0.8816
   0.2483
   4.1024
   0.0994
   1.3167
   0.3460
   0.5529
   0.8901
   0.2399
   1.3278
   0.0468
   0.5855
   0.2812
   3.3999
   1.2677
   0.3468
   0.1513
   0.5241
   0.5319
   0.1532
   0.5511
   0.3247
   0.5346
   0.6999
   0.3744
   0.0287
   0.0192
   0.6552
   0.9372
   1.5906
   1.3629
   0.6149
   0.2118
   0.3029
   1.0500
   1.7675
   0.0950
   0.7265
   1.9678
   0.2277
   0.4459
   0.0023
   4.4900
   3.6172
   0.9992
   5.7089
   0.4884
   3.8620
   0.5079
   1.7306
   0.2100
   0.3084
   0.1827
   0.0175
   0.1244
   0.5894
   1.6541
   2.5460
   0.5870
   1.6171
   0.2127
   2.1346
   0.7093
   2.6371
   0.0028
   3.9488
   2.5455
   2.7938
   0.1568
   1.2095
   2.4136
   1.6703
   1.5018
   0.6280
   0.2260
   1.8762
   0.4163
   0.4000
   1.4838
   0.3467
   0.0404
   0.7789
   3.2939
   0.2292
   0.2456
   0.6320
   0.0621
   0.5592
   0.1063
   1.1574
   0.2865
   0.0436
   0.0966
   0.5124
   0.2516
   0.4977
   0.1657
   0.0056
   0.4596
   0.1643
   1.5160
   0.8210
   1.0304
   0.7032
   7.0658
   0.2166
   0.4297
   0.1467
   0.0319
   1.3407
   1.0869
   0.1722
   0.4184
   0.1451
   0.3040
   0.0185
   0.2928
   1.8296
   1.3167
   0.1923
   0.4705
   0.0164
   2.3442
   2.1591
   0.3032
   0.7866
   0.4428
   1.7095
   0.4553
   0.7361
   0.6148
   1.9437
   0.0885
   1.1465
   2.0587
   5.5167
   0.1299
   0.6354
   0.5315
   0.7514
   0.5429
   0.8307
   1.2597
   0.2834
   1.5016
   0.2395
   0.2320
   0.5106
   3.7825
   5.3360
   6.9307
   0.5775
   0.1089
   0.1511
   0.5938
   1.6075
   0.7278
   0.3540
   0.1901
   3.3517
   0.6747
   0.5397
   0.2979
   0.2552
   1.6700
   0.2354
   1.4136
   0.8009
   0.6326
   0.3087
   1.7267
   0.5523
   0.2065
   0.5464
   3.0193
   0.1251
   0.7458
   0.4449
   1.4731
   0.1922
   0.1495
   0.2934
   0.0505
   0.7701
   0.2337
   6.6930
   0.4774
   0.5390
   0.4171
   1.1868
   1.1318
   0.4645
   0.1412
   1.4325
   0.7745
   1.6542
   0.7168
   0.6698
   0.3848
   0.0984
   1.5395
   0.6358
   3.0626
   0.2552
   0.6642
   1.7024
   0.2813
   0.4781
   5.4058
   1.7361
   0.0858
   0.6759
   0.3419
   1.1108
   0.8755
   0.0549
   0.8248
   0.0705
   0.1810
   1.7108
   1.7545
   1.7433
   4.5851
   0.2345
   1.8199
   0.7737
   1.7722
   2.7411
   1.0484
   1.7513
   0.7160
   2.3386
   2.2364
   0.0712
   2.3444
   0.0899
   0.0965
   1.0289
   0.4547
   0.2432
   0.7182
   0.9319
   0.1244
   0.0805
   0.4331
   0.3580
   4.0217
   0.1373
   2.0879
   0.1304
   0.9513
   0.4943
   1.0594
   1.0817
   0.1496
   0.6410
   0.7452
   1.8458
   0.0405
   1.2104
   1.6217
   1.7038
   0.5867
   1.6960
   0.3145
   0.8617
   2.9820
   0.4927
   1.4048
   0.3649
   0.0602
   0.1885
   0.1904
   0.3401
   0.0493
   0.0118
   0.1839
   0.9548
   0.2768
   0.7505
   0.6903
   2.4666
   0.4254
   3.8699
   0.3404
   0.7775
   0.9529
   0.1046
   0.0385
   0.1240
   1.1412
   0.8117
   0.2503
   0.6804
   1.2853
   0.6198
   0.6390
   0.3623
   0.1547
   0.0782
   0.2604
   0.6849
   0.5760
   0.1230
   0.1301
   0.1319
   1.3410
   3.5248
   2.4885
   0.0860
   0.0179
   1.5402
   0.0900
   0.2319
   0.6953
   0.3029
   2.9312
   0.2048
   0.9794
   0.7425
   0.9808
   1.5152
   0.0543
   1.5006
   0.4372
   0.2116
   1.3607
   0.2791
   3.0064
   0.5847
   4.2673
   0.0960
   0.0050
   0.5942
   0.1048
   1.4161
   0.0826
   0.4966
   1.0311
   0.1399
   0.1035
   3.3987
   0.2211
   0.6815
   4.3544
   0.6904
   0.0439
   0.5268
   0.2506
   0.8029
   0.3094
   1.0362
   1.1693
   2.1417
   0.0985
   1.3467
   1.5130
   0.6849
   6.1162
   1.4827
   3.0741
   0.9465
   0.9788
   0.5158
   0.5387
   0.1735
   1.4880
   0.9165
   2.7718
   2.7331
   5.7435
   0.0123
   0.1191
   2.4844
   0.5502
   0.5846
   3.3217
   0.3877
   0.2053
   0.2268
   2.2147
   2.1185
   3.4860

