   1.1945
   0.3519
   0.5659
   0.5587
   1.5903
   0.0294
   0.1230
   0.3040
   1.2783
   0.0787
   3.4000
   3.3284
   0.1806
   0.1077
   0.2886
   0.9696
   2.0048
   0.6505
   0.6196
   1.1538
   0.7919
   0.6378
   2.5430
   1.0446
   3.9481
   0.9112
   3.1077
   0.5321
   0.1458
   0.2731
   1.0070
   0.0653
   0.6302
   0.3110
   1.9961
   1.3706
   1.6139
   0.0901
   0.1374
   0.8245
   0.5871
   0.7073
   1.1720
   1.0922
   0.3460
   0.0360
   1.4888
   2.4346
   0.1807
   0.0452
   0.0240
   1.4273
   1.8100
   2.4209
   1.5581
   0.7751
   1.9129
   0.3492
   0.2513
   0.2307
   0.0886
   0.3147
   0.1755
   1.4072
   0.0181
   0.3981
   1.3100
   1.0746
   0.2689
   7.2894
   2.5812
   0.6841
   3.5578
   0.0455
   1.5989
   0.6463
   1.6739
   2.5503
   0.1174
   0.0223
   1.2440
   0.3562
   4.4064
   1.2086
   0.5749
   1.3994
   1.3893
   1.4469
   0.0985
   1.4207
   1.5956
   0.3690
   0.3873
   0.1099
   0.3019
   0.5367
   0.3418
   4.5425
   0.1570
   2.9822
   0.9731
   0.2344
   0.3167
   0.3080
   0.8214
   0.8366
   0.3336
   0.7546
   1.1064
   1.8506
   1.5146
   3.0526
   0.3283
   1.3782
   0.4184
   2.4454
   0.0944
   0.7585
   1.3626
   1.5201
   1.7406
   0.3470
   0.0723
   1.7686
   0.3253
   1.4787
   0.2049
   0.4091
   1.2238
   0.1264
   1.6403
   0.8450
   1.7749
   1.0509
   0.1535
   0.8592
   2.2499
   0.8583
   1.0000
   1.1375
   0.9931
   0.8057
   0.5896
   0.4292
   0.8420
   1.7122
   1.2664
   2.6446
   0.4451
   2.6987
   0.6317
   1.7624
   0.4801
   0.1877
   1.1395
   1.1175
   3.4868
   1.0526
   0.0811
   0.6293
   0.1604
   0.8477
   0.8736
   1.0099
   0.2577
   2.1457
   2.0099
   0.4788
   0.9010
   1.9195
   1.0000
   1.7919
   1.1826
   0.4545
   0.5763
   1.1594
   1.0841
   0.5027
   2.2124
   2.6543
   0.3091
   3.3632
   0.8388
   1.1867
   0.7075
   0.3274
   0.0023
   0.2351
   0.8818
   0.9384
   0.5253
   0.2848
   0.7640
   1.5178
   1.4952
   3.0736
   1.3324
   0.9387
   0.6790
   1.0504
   2.1016
   0.6380
   1.4407
   1.0693
   2.4966
   0.5211
   0.3374
   0.4026
   0.4395
   1.6222
   0.1732
   0.8797
   0.4512
   0.5721
   0.0962
   1.0000
   2.4533
   0.9920
   2.2188
   0.3892
   0.5675
   0.7747
   1.4209
   1.7314
   0.7002
   1.2913
   1.9543
   1.4821
   0.1901
   0.5293
   2.6043
   0.6176
   0.9075
   0.6640
   2.0365
   1.8375
   1.1384
   0.8492
   2.2320
   0.5189
   0.5526
   1.7604
   0.8163
   0.2977
   0.9021
   2.4213
   1.1063
   0.7212
   2.1640
   0.9248
   2.7593
   0.1333
   2.3634
   0.7768
   0.4194
   1.6206
   0.3251
   0.9397
   0.8142
   3.2120
   1.0983
   0.4743
   0.6660
   0.6677
   0.5422
   0.1254
   1.7795
   0.0751
   2.2520
   0.9124
   1.3807
   0.2063
   0.3785
   0.8765
   0.7024
   0.5088
   0.4274
   0.1935
   1.3785
   0.3660
   0.3224
   0.1186
   0.5099
   0.2487
   1.8761
   0.2646
   3.8725
   0.1517
   2.1731
   1.2332
   0.0580
   1.3782
   0.0087
   0.9153
   0.8829
   0.4943
   2.9046
   0.9083
   0.6813
   0.7711
   2.1582
   0.4297
   0.5156
   1.1389
   1.1213
   0.1601
   2.8841
   0.8638
   2.1281
   0.7441
   0.5929
   0.0018
   1.6004
   0.2112
   0.6174
   0.6907
   1.2853
   0.0296
   1.1480
   0.8791
   0.2650
   1.2957
   0.0963
   0.5691
   0.4931
   1.0228
   1.3111
   0.6431
   0.3964
   0.8690
   0.4876
   0.4025
   0.4671
   1.1865
   0.2273
   0.4235
   1.3073
   0.4486
   0.8264
   1.0172
   0.1251
   1.1208
   0.3184
   0.9722
   0.1260
   0.1907
   0.7864
   0.1385
   1.0443
   1.8208
   2.8541
   1.2685
   0.8527
   2.1750
   0.6615
   0.7410
   1.2893
   2.0014
   0.1122
   0.8232
   0.6767
   0.3426
   0.3022
   1.8191
   0.4467
   0.4577
   0.6934
   0.2793
   0.0191
   0.1851
   0.8442
   1.0409
   0.8427
   0.9074
   1.6020
   0.1784
   0.0493
   0.2141
   0.5394
   0.9721
   2.0210
   1.5759
   1.5784
   1.1730
   1.7775
   0.9175
   0.0327
   0.0553
   0.3569
   0.7234
   1.0147
   1.6987
   0.0499
   0.2371
   1.6087
   0.3284
   0.6579
   0.1608
   0.2212
   2.6559
   0.1856
   0.8587
   1.1855
   0.5040
   1.2685
   0.9965
   0.9032
   2.8305
   0.5110
   2.0286
   3.0282
   0.1605
   2.8889
   0.9024
   0.1478
   2.0156
   0.9080
   1.0034
   1.2370
   0.3696
   0.2923
   1.1756
   0.1722
   0.3759
   0.1781
   0.6495
   0.1016
   1.1756
   0.3259
   0.2509
   0.0672
   0.6590
   0.6247
   0.1758
   1.4075
   1.8554
   1.0806
   1.0000
   0.7879
   0.6053
   0.3464
   2.6779
   1.1246
   0.4612
   0.1601
   0.4114
   2.6330
   1.0752
   3.3155
   1.1588
   0.0482
   0.3654
   0.0440
   0.3453
   0.0157
   1.1126
   1.7892
   1.2121
   1.1769
   1.3861
   0.3376
   0.0972
   0.8744
   1.8032
   0.0103
   0.0222
   0.6467
   0.1037
   0.8976
   1.9719
   1.5573
   0.5739
   1.4029
   2.1606
   0.1689
   1.6685
   0.9886
   0.1508
   1.5529
   0.5234
   1.3029
   3.0056
   0.1025
   0.1445
   2.2483
   2.4572
   0.2567
   0.6533
   0.9569
   0.1983
   1.2580
   0.0302
   1.6697
   0.4791
   0.3191
   0.0224
   0.7550
   3.0233
   0.7477
   0.6650

