   0.3373
   0.5884
   1.0000
   2.1003
   0.8074
   1.1394
   0.5805
   0.5579
   0.6034
   0.4910
   0.6632
   0.6394
   0.9458
   0.9296
   0.5721
   0.8050
   0.3490
   1.2975
   1.0000
   1.5581
   0.5962
   0.8103
   1.6110
   1.0894
   1.0000
   1.0743
   0.7889
   1.4718
   0.9457
   1.3012
   0.5084
   1.0000
   1.0000
   1.2235
   1.0000
   1.1627
   1.4231
   0.3730
   1.0000
   1.2127
   1.0167
   0.9548
   1.0000
   0.4948
   2.4703
   0.6538
   1.0944
   0.7195
   1.1343
   0.8263
   0.5301
   0.6235
   1.1695
   0.4451
   1.2747
   0.5804
   0.3492
   1.7533
   1.8899
   1.0000
   0.9747
   1.0516
   0.8929
   1.1753
   1.5979
   1.4485
   1.6306
   0.9992
   1.2172
   1.1942
   1.0000
   1.0133
   1.8205
   0.5797
   0.8801
   0.5483
   0.7800
   0.7880
   0.6284
   1.2632
   0.7245
   0.6844
   0.8467
   0.9206
   0.9015
   1.1819
   0.5883
   0.7596
   0.5550
   1.1826
   1.4130
   0.7673
   1.5368
   1.2811
   0.7078
   1.0000
   0.9693
   1.0000
   1.2114
   0.8432
   1.1321
   1.1874
   1.3721
   0.5434
   1.0617
   1.5977
   0.9348
   1.0591
   0.8006
   1.0822
   1.6799
   0.6546
   0.8033
   0.6668
   1.3050
   0.6044
   2.3026
   1.1517
   0.4277
   1.3750
   0.7244
   0.7153
   0.9430
   0.4213
   1.0000
   0.6189
   0.5537
   0.8458
   1.2926
   1.3272
   1.2359
   0.8193
   1.0000
   1.2893
   0.8180
   1.1722
   1.1541
   0.9426
   1.0000
   1.1937
   1.0000
   1.0814
   0.6984
   0.5536
   1.5004
   1.0000
   0.8346
   1.2229
   1.5288
   0.6985
   0.9747
   1.0000
   1.6694
   0.7700
   0.6700
   1.2984
   0.6564
   1.2906
   2.3663
   1.0000
   1.5281
   1.0000
   0.4270
   0.7454
   1.0379
   0.4704
   1.2003
   1.2046
   0.5660
   0.6686
   1.0966
   1.0000
   0.8936
   1.3436
   1.4434
   1.0000
   1.0000
   1.4108
   0.8886
   1.0961
   0.7489
   1.0000
   0.6577
   0.6728
   1.0000
   1.3916
   1.4426
   2.0754
   1.1174
   0.5525
   0.4397
   1.0000
   1.6761
   1.0000
   0.9448
   0.8483
   0.8022
   1.0000
   1.2336
   1.4384
   0.9789
   0.9500
   0.8065
   0.9883
   0.6793
   0.6769
   1.2530
   1.0883
   0.5530
   1.6598
   1.1156
   1.4894
   1.3961
   1.2169
   1.2126
   0.7755
   0.6596
   2.3582
   1.9964
   0.7365
   1.3603
   0.7461
   1.4141
   1.3667
   1.3995
   1.1129
   1.4217
   0.6068
   0.9439
   0.8226
   1.4541
   0.7486
   1.0000
   0.8287
   1.5470
   1.5093
   1.0314
   0.4117
   1.4752
   1.4819
   1.0000
   0.5786
   1.0975
   0.9032
   0.2750
   0.7341
   0.9992
   1.3891
   1.1390
   0.9260
   0.6478
   0.9407
   0.5411
   1.3274
   0.3609
   0.7140
   1.5707
   0.8092
   1.3223
   0.2498
   1.0000
   1.2831
   0.5387
   0.7924
   0.7912
   1.9342
   1.0000
   0.8631
   0.5710
   1.0000
   0.6825
   0.5051
   0.8420
   0.9731
   0.6548
   0.6372
   1.0000
   1.7438
   1.2681
   0.7987
   1.1387
   1.9307
   1.1193
   0.9409
   0.5615
   0.7603
   1.3512
   0.7517
   0.5889
   1.0256
   1.0733
   0.4928
   1.0263
   1.0000
   0.7708
   0.8859
   0.7778
   0.5327
   1.0000
   0.8601
   1.3037
   1.0000
   1.0000
   0.8813
   0.9184
   1.3984
   0.6268
   1.1944
   1.8773
   0.8037
   1.1801
   1.0032
   1.4057
   0.5468
   0.5226
   1.0000
   1.1717
   0.8305
   1.1392
   0.7443
   0.9996
   0.4435
   0.6324
   1.1016
   0.8248
   1.3503
   1.3616
   0.4684
   0.9330
   1.0000
   1.0000
   1.5804
   1.1913
   0.9191
   0.9047
   1.3498
   0.4674
   0.4816
   1.0000
   1.0000
   1.4087
   1.1897
   1.0375
   1.4347
   0.8413
   0.9129
   1.6112
   0.8919
   0.9204
   1.0000
   1.4272
   1.4156
   1.5020
   1.1230
   0.5106
   0.8368
   1.7213
   1.4540
   1.1744
   2.2331
   0.8940
   0.6523
   0.8488
   0.5947
   1.0511
   1.4786
   1.0000
   1.0000
   1.4279
   1.3051
   0.8803
   1.0000
   1.5560
   1.0124
   1.6187
   0.7552
   0.7164
   0.8629
   1.0000
   0.7069
   1.2239
   0.5743
   1.0000
   0.6646
   0.4367
   0.8595
   1.0000
   1.3143
   1.0000
   0.5525
   1.1843
   1.3543
   1.0203
   1.0449
   1.0000
   2.0079
   0.9741
   1.6491
   0.9325
   1.0830
   0.5530
   1.4235
   1.3016
   0.8581
   0.7938
   0.5957
   0.5664
   1.2893
   0.5449
   0.7462
   1.2073
   1.3909
   0.6103
   0.6119
   1.2240
   0.6992
   1.3251
   0.8761
   1.4475
   1.1655
   0.8636
   0.4172
   1.3768
   1.0000
   0.6010
   0.6123
   1.7482
   1.0000
   1.0000
   0.8111
   1.5429
   1.0000
   0.8308
   0.7411
   0.6878
   1.1256
   1.0000
   1.6902
   1.1624
   1.7680
   1.0000
   0.5409
   1.4117
   1.2855
   0.5022
   1.3889
   0.8199
   0.5471
   0.8600
   0.8895
   0.5743
   0.8228
   1.0000
   1.0000
   1.4341
   1.3281
   1.1269
   1.6980
   1.1903
   0.9741
   0.7000
   0.6891
   1.0785
   1.5637
   0.8640
   0.8167
   0.7885
   1.0000
   0.9809
   0.9061
   1.0000
   0.9023
   0.9527
   1.1233
   0.5015
   0.5754
   0.9371
   1.0000
   0.8228
   1.0728
   1.4302
   0.5838
   0.7597
   0.5771
   0.6659
   1.0000
   1.0199
   1.7141
   0.6311
   1.0000
   1.2759
   1.1260
   1.0000
   0.9772
   0.5744
   1.0728
   0.7288
   0.5746
   0.5375
   1.5102
   1.1966
   1.0618
   0.9426
   0.5191
   1.1806
   1.6841
   0.7483
   0.6218
   0.6355
   0.7890
   0.8842
   1.0000
   0.5284
   1.5324
   0.8048
   1.6403
   1.0000
   0.5595
   0.5476
   0.9508
   0.8478
   0.9785
   0.6530
   1.0000
   0.5751
   1.3548
   1.2593
   0.9028
   0.9833
   1.0000
   0.3423
   1.1001
   0.3263
   1.4255
   0.8005
   1.0000
   1.0000
   1.9183
   1.0000
   1.2458
   0.8189
   0.7431
   0.7689
   1.4581
   0.8787
   1.0000
   0.3421
   0.3922
   0.3806
   0.6140
   0.9647
   0.7478
   1.1650
   1.0000
   1.6469
   1.0000
   1.3655
   1.0080
   1.4018
   1.0000
   0.7054
   0.8808
   1.1459
   1.5281
   0.6000
   0.3657
   1.0000
   0.6821
   0.5289
   1.7496
   1.0000
   0.7567
   0.7735
   0.8135
   1.0000
   0.4546
   1.0000
   1.5626
   1.0000
   2.2482
   0.9582
   0.9916
   1.3300
   1.0000
   0.7445
   0.7745
   1.0975
   1.0534
   1.0000
   0.7257
   1.5680
   0.4051
   1.3920
   0.9781
   0.7087
   0.5001
   0.7102
   1.4451
   0.4276
   1.0218
   0.4346
   1.0000
   1.1650
   1.1640
   0.6555
   1.2350
   0.4133
   0.7842
   0.3918
   0.6753
   0.9781
   1.0000
   0.6726
   1.1078
   1.2763
   0.8618
   0.9323
   1.5243
   1.0281
   1.2542
   0.6384
   1.0000
   0.9727
   1.0475
   0.7294
   1.0000
   0.9943
   1.4444
   1.2030
   1.1206
   1.0508
   1.1732
   0.9274
   1.0000
   0.6970
   1.0018
   1.2830
   0.2282
   1.0314
   0.8662
   0.3414
   0.5397
   2.1528
   0.6841
   1.1499
   0.9646
   0.9080
   0.8193
   1.4469
   1.1033
   0.9758
   0.8394
   1.0000
   1.0000
   1.0000
   0.5638
   0.5523
   1.0000
   1.0000
   1.0425
   1.0793
   1.4656
   0.9367
   1.4395
   0.9827
   0.8420
   1.0216
   0.8322
   0.6857
   0.7899
   1.0023
   0.7063
   1.6520
   1.0568
   1.0690
   0.9533
   0.6225
   1.4900
   1.4341
   1.0000
   1.0704
   1.4518
   1.0000
   0.5107
   1.2251
   0.7899
   0.9839
   0.6329
   1.4805
   0.8107
   1.3799
   1.3914
   1.5130
   1.0000
   0.8463
   1.2202
   1.0514
   0.6329
   0.8664
   0.5981
   1.5332
   0.7009
   1.0409
   1.0000
   0.5525
   0.7907
   1.0000
   1.5320
   1.0000
   1.4340
   1.8071
   0.8324
   1.5540
   1.3207
   0.8699
   1.2122
   1.0421
   0.7370
   0.7433
   1.0060
   1.0000
   1.0000
   0.9385
   1.9359
   0.7144
   1.0659
   0.4306
   1.1241
   1.2433
   1.3860
   0.9116
   1.0329
   0.5474
   0.9497
   1.3262
   0.9204
   2.1201
   1.1674
   0.8893
   0.9949
   1.4945
   0.5515
   1.8901
   1.0542
   0.8596
   0.8209
   0.5702
   0.5731
   1.0413
   1.1335
   1.0000
   1.0000
   1.2013
   0.9621
   1.0000
   0.7345
   1.0168
   0.5674
   0.6288
   0.5693
   0.9006
   1.1980
   1.0000
   0.8679
   0.6450
   1.7113
   0.9037
   1.8827
   1.0288
   0.8085
   0.4607
   0.8501
   1.0000
   0.8334
   1.1991
   1.4350
   0.6142
   0.4910
   0.5135
   0.9891
   1.2677
   1.0000
   1.0695
   0.8001
   1.2805
   0.8534
   1.1001
   1.7579
   0.4639
   0.8497
   1.0570
   1.5723
   0.9241
   1.0000
   1.0000
   1.5114
   1.0286
   0.5026
   1.2164
   0.9272
   1.2990
   0.3602
   1.3877
   1.1635
   0.9153
   1.7146
   0.6537
   1.0269
   1.2546
   1.4172
   0.5430
   0.7163
   0.9893
   0.7710
   0.9190
   0.6028
   1.2281
   0.7187
   1.4241
   1.4209
   0.7868
   0.5743
   1.0240
   1.6956
   1.6965
   0.3194
   0.9067
   0.5105
   1.0144
   0.6982
   1.0000
   0.8155
   0.5972
   1.4263
   1.0000
   0.9726
   1.1077
   0.7581
   1.1843
   1.0000
   0.3765
   1.3263
   0.7425
   0.9641
   0.5210
   0.7440
   1.3940
   0.7391
   1.0000
   0.5428
   0.6806
   0.9617
   0.8580
   1.0000
   1.5383
   0.4277
   1.4035
   1.0000
   1.0000
   1.0862
   1.0000
   0.5387
   1.3787
   1.0787
   1.5090
   1.3377
   1.2955
   1.2849
   1.0000
   1.4678
   1.0000
   0.7601
   1.5079
   0.7006
   0.6101
   0.5694
   0.8838
   0.7971
   1.2097
   0.7174
   0.8332
   1.2199
   1.0000
   1.0000
   1.3650
   1.0828
   1.0000
   1.0666
   0.7743
   0.8103
   1.1532
   1.4295
   1.0000
   0.7658
   1.0607
   1.0000
   0.8881
   1.0815
   1.5099
   0.6241
   1.0634
   1.1708
   0.3701
   1.0000
   1.0000
   0.7507
   0.8632
   0.7409
   0.9677
   0.9659
   1.4092
   1.0000
   1.0000
   1.2251
   1.0672
   0.4424
   1.0218
   0.6539
   1.2091
   0.3568
   1.0000
   1.4371
   0.8621
   0.8357
   1.2209
   1.1280
   0.5134
   1.8580
   1.0000
   1.0000
   0.6406
   0.6811
   1.4202
   0.4015
   1.3218
   0.2955
   0.7792
   0.4012
   1.2250
   1.0586
   0.3181
   0.7205
   1.6087
   0.7873
   0.7125
   0.6045
   1.2602
   0.3396
   0.3461
   0.9465
   1.7549
   1.0000
   1.3467
   1.1085
   1.3820
   1.0000
   0.8353
   0.9867
   0.6268
   1.0051
   1.2721
   1.1215
   1.1958
   1.4833
   1.3671
   1.1582
   0.6795
   1.0000
   1.2201
   1.5229
   1.9284
   1.1415
   2.1335
   1.4230
   1.0749
   1.1785
   1.4704
   0.5566
   0.5248
   1.0000
   1.5091
   0.9441
   0.6232
   0.4823
   0.4922
   1.0000
   1.2431
   0.7947
   0.9297
   1.1280
   0.7483
   0.6680
   0.8001
   0.8767
   1.3947
   1.0250
   0.7065
   0.7670
   0.7430
   1.2414

