    4.3363
    0.5748
    0.1637
    1.1168
    0.0153
    0.6215
    3.2779
    1.0301
    0.2036
    1.0286
    0.1870
    0.0405
    0.5906
    0.0215
    0.0856
    0.4284
    0.2448
    0.4453
    0.0239
    0.0877
    2.5392
    5.0312
    0.3758
    0.7777
    0.2660
    0.0359
    0.3097
    0.3378
    0.4219
    1.1964
    0.0512
    0.3464
    0.0991
    0.0375
    0.2565
    6.1340
    7.9942
    0.2560
    1.1015
    1.5144
    0.0205
    1.8318
    0.1797
    0.3870
    0.2367
    0.7766
    1.0316
    0.9434
    1.0561
    4.3658
    0.3843
    0.7796
    0.0256
    1.9518
    0.2177
    0.0878
    0.0208
    0.3035
    0.1319
    2.3605
    0.6017
    0.8255
    1.8635
    0.2047
    0.0863
    0.0380
    0.3657
    0.1051
    0.0862
    0.5250
    0.8114
    0.7361
    2.7209
    0.1741
    0.2759
    0.0039
    0.4950
    0.1465
    0.5914
    0.3963
    0.3151
    0.2932
    0.5896
    0.5038
    0.5732
    8.9843
    0.4883
    3.5561
    6.4518
    1.3885
    0.2404
    0.4192
    3.1043
    0.2170
    0.1350
    0.1946
    0.0516
    1.1312
    3.5956
    0.9741
    0.3540
    5.6126
    0.4035
    0.1049
    2.7783
    3.3548
    0.1649
    0.6907
    0.1803
    0.0687
    0.0816
    0.1140
    0.6563
    0.1425
    7.3472
    0.4454
    0.1176
    0.3892
    0.9627
    6.7490
    0.3190
    5.1651
    1.0163
    0.6934
    0.2337
    1.3871
    0.1182
    0.0719
    0.0211
    2.2988
    4.0678
    3.2762
    1.5214
    0.0487
    1.3031
    0.3630
    0.2343
    4.8321
    3.2534
    0.2203
    0.1581
    0.3041
    0.6353
    1.0571
    0.1137
    5.7637
    0.5324
    0.2119
    5.9780
    0.4038
    0.2501
    0.2146
    0.1751
    0.6098
    2.4152
    1.7358
    1.0191
    0.1622
    0.2427
    0.0891
    0.5110
    0.5394
    6.3172
    0.4295
    0.4486
    0.0158
    1.4506
    3.6993
    0.1795
    0.0220
    0.0413
    5.3604
    0.1233
    1.1511
    0.1353
    0.3647
    0.0672
    0.2404
    0.2807
    1.3836
    0.5494
    0.1177
    0.3425
    1.9587
    0.1662
    3.3560
    0.3387
    0.4924
    0.1837
    0.4584
    1.6365
    0.6000
    0.0410
    0.4448
    0.1991
    0.8346
    0.1212
    0.3328
    0.9384
    0.0036
    1.0688
    0.0123
    0.1677
    0.4739
    1.5418
    0.5621
    0.2693
    4.0527
    0.6492
    0.0191
    4.1924
    1.4728
    1.3148
    0.0618
    0.7617
    0.9647
    0.1578
    2.6036
    0.3676
    0.7627
    0.2821
    0.0249
    3.5311
    0.2154
    0.0365
    0.6297
    0.3973
    0.4025
    0.3739
    0.2061
    0.1952
    0.9617
    0.3066
    4.9746
    0.1461
    0.2731
    1.9096
    0.1139
    0.3649
    2.7841
    1.2455
    0.6756
    8.0434
    0.7296
    0.3162
    0.8795
    0.3606
    4.0270
    0.2862
    0.1267
    0.5161
    0.1852
    0.0250
    0.4823
    0.5002
    0.5818
    2.8284
    1.3486
    0.1584
    0.1100
    0.5187
    0.2109
    0.2193
    0.5029
    4.2140
    0.7275
    0.1616
    0.0350
    3.1686
    0.4592
    0.0308
    0.3132
    3.9486
    4.1538
    1.7527
    5.4705
    0.0313
    0.0428
    0.9728
    0.1608
    0.1472
    0.0160
    0.4364
    1.7250
    0.5403
    0.8018
    2.3453
    0.0682
    0.3189
    0.3055
    3.4286
    1.1184
    0.3550
    2.1619
    0.3110
    0.0690
    5.5747
    0.2092
    0.3266
    0.8218
    0.4203
    0.1540
    1.2249
    0.5722
    0.3068
    0.7288
    0.2864
    0.0556
    0.2250
    1.6801
    0.8878
    0.0437
    0.2784
    0.0190
    0.5430
    0.1971
    3.4665
    0.0054
    0.3411
    1.4850
    1.2283
    0.1978
    2.0027
    0.5078
    0.2095
    0.4877
    0.2717
    0.2546
    1.1292
    0.1724
    0.1299
    0.0188
    1.1869
    0.6080
    9.7664
    0.0189
    0.1819
    3.9609
    0.4068
    0.0288
    0.0209
    0.4128
    0.0649
    1.3206
    0.5866
    0.9464
    1.5994
    0.7918
    0.2082
    0.2985
    4.0835
    2.5528
    0.0607
    0.1785
    0.2152
    0.9147
    0.0730
    0.1657
    0.3641
    0.6063
    0.7655
    1.1079
    0.6745
    1.7832
    0.3829
    1.7683
    0.1134
    0.0880
    0.1114
    0.3921
    0.1421
    0.6348
    1.0287
    0.3277
    1.2539
    0.6206
    0.4585
    0.2025
    6.2950
    1.1801
    0.1545
    0.1908
    0.2640
    0.9139
    3.0120
    0.2830
    0.5845
    0.0773
    0.2717
    0.8567
    0.5749
    1.2507
    0.3502
    0.2209
    3.2244
    0.4693
    0.4095
    0.7245
    0.7199
    0.1345
    4.1723
    1.4985
    0.1184
    0.1067
    2.2785
    4.6643
    1.0245
    0.4637
    1.6776
    0.0024
    0.1817
    0.0168
    0.0030
    1.5975
    0.1183
    0.5894
    0.0258
    0.5765
    2.1342
    0.0717
    0.6352
    0.1514
    4.5023
    0.1820
    2.4785
    0.6283
    0.3527
    0.3094
    0.5246
    0.1707
    0.5054
    0.1886
    2.0294
    2.4633
    0.1178
    0.1117
    0.9041
    0.1808
    0.5107
    0.1426
    3.2657
    0.4315
    0.1588
    4.1685
    0.6883
    0.0120
    1.1747
    0.0430
    0.4943
    0.4065
    1.0591
    0.6153
    0.0142
    0.0569
    0.0174
    0.1932
    0.4267
    0.0939
    3.7394
    0.0317
    0.3772
    0.5195
    0.8857
    0.2219
    0.2115
    0.0965
    0.0529
    1.1858
    0.2905
    2.5574
    0.2691
    1.2057
    0.4278
    0.2683
    0.7359
    0.0014
    0.0052
    0.0457
    1.2212
    0.1743
    0.7919
    0.1856
    0.3010
    2.7240
    0.6243
    0.0883
    1.4410
    0.5360
    0.3993
    0.4513
    0.5069
    1.0015
    1.0442
    1.0560
    0.2211
    0.4660
    0.1532
    0.4164
    0.3622
   12.7903
    4.7189
    0.2257
    0.1932
    0.9373
    0.5869
    0.1804
    0.0394
    0.1075
    0.2168
    0.6885
    3.4322
    0.0092
    0.3453
    4.5770
    0.4432
    0.3714
    0.1606
    1.6494
    0.2322
    1.1731
    1.2658
    0.0990
    2.6608
    5.9181
    0.0090
    0.0090
    1.7343
    0.1813
    0.2082
    0.2121
    0.0052
    5.3408
    0.0179
    7.6453
    0.0233
    0.3238
    1.4262
    0.8407
    0.6990
    0.1560
    1.8326
    0.7908
    1.0082
    0.0720
    0.9927
    0.6880
    2.6961
    0.2206
    0.2446
    0.3430
    0.5523
    0.3321
    5.5624
    1.3198
    0.1015
    0.8583
    0.5111
    0.1446
    0.7080
    0.1604
    0.6333
    0.2089
    1.2011
    0.6909
    1.4377
    0.1420
    0.1927
    0.0047
    0.6088
    7.4339
    0.5838
    0.2280
    0.5551
    0.8987
    0.0126
    0.2396
    0.4637
    0.0179
    0.3844
    1.4264
    0.4802
    0.2890
    1.0901
    0.2358
    0.6148
    0.0691
    0.4552
    0.6364
    0.7815
    0.2013
    0.0182
    0.6322
    2.9936
    1.3330
    0.0704
    0.7598
    0.5106
    1.9563
    1.5170
    0.1158
    0.1396
    0.0247
    0.1158
    0.1712
    0.0388
    0.0887
    4.5870
    0.0827
    0.9163
    0.2626
    0.0141
    0.2266
    0.0871
    0.7095
    0.7040
    0.4399
    0.2761
    0.6749
    0.3661
    0.1242
    0.5353
    1.0008
    0.2509
    0.9169
    6.4602
    2.3776
    0.0942
    2.1113
    0.1161
    0.0941
    0.1151
    0.0563
    0.3788
    0.3265
    0.2558
    1.1035
    0.2343
    0.0016
    0.1027
    0.5850
    0.0540
    0.0011
    0.6834
    0.6525
    0.5650
    0.5865
    0.0842
    0.6495
    0.3336
    0.7406
   11.6864
    2.7020
    0.3192
    0.7676
    0.5609
    5.2956
    0.0991
    0.0087
    1.0971
    1.1447
    0.4777
    0.4837
    0.4269
    0.6122
    1.0272
    0.7688
    0.8543
    0.2480
    2.6806
    0.2390
    3.7032
    0.2529
    0.8106
    0.0614
    0.5924
    0.2939
    1.1262
    0.0568
    0.1922
    0.1236
    0.0710
    2.1916
    0.3719
    0.0135
    0.2734
    0.1107
    0.0987
    0.2438
    0.2833
    0.5201
    0.6715
    4.1714
    1.9362
    0.8121
    0.4682
    0.6785
    0.0457
    0.8226
    1.1155
    0.4139
    0.8461
    1.3996
    0.8285
    0.2629
    0.8824
    1.1083
    0.7393
    0.0421
    0.3673
    0.2130
    0.3270
    0.0157
    0.0173
    1.7879
    0.0452
    1.6370
    0.2089
    5.6490
    0.0823
    0.7378
    0.2723
    0.3051
    0.3376
    0.1858
    0.9313
    2.0050
    2.5733
    0.5745
    0.6230
    2.5671
    0.1132
    0.4024
    2.1149
    0.1053
    0.3422
    0.4976
    0.2594
    0.0185
    0.3632
    0.3985
    0.2521
    0.0832
    0.5234
    0.2820
    1.0478
    0.0187
    1.0159
    0.3764
    1.0997
    2.9679
    0.1399
    0.1327
    0.2220
    0.3432
    0.2061
    5.0355
    0.1864
    1.0979
    0.2101
    0.6094
    0.1300
    0.1821
    0.1456
    0.1337
    0.1591
    0.7600
    0.7687
    0.5063
    1.2039
    0.0787
    0.1454
    3.2944
    0.2419
    0.6196
    0.2723
    0.1005
    0.0573
    0.4394
    1.3216
    0.2121
    0.0319
    0.9611
    0.2336
    0.2495
    0.4338
    0.6473
    0.1529
    0.0089
    0.0966
    0.2828
    0.2207
    1.9479
    0.5651
    1.4376
    0.0119
    0.0471
    0.8584
    0.0159
    2.2924
    3.3234
    0.2781
    2.0255
    0.6662
    0.2337
    0.5570
    0.1365
    2.6796
    0.2586
    4.1074
    0.1844
    4.6854
    0.1110
    1.1303
    4.6639
    0.5234
    3.0670
    0.1218
    0.0178
    1.2377
    0.8231
    1.1942
    0.1012
    0.2226
    0.0040
    0.5809
    0.3497
    5.2772
    0.0933
    0.6390
    0.3970
    0.3735
    0.8277
    0.2426
    0.6957
    1.8424
    0.5779
    2.5379
    0.4085
    0.3623
    0.1231
    0.8288
    0.1575
    0.8913
    0.0816
    0.1875
    0.4690
    0.0830
    1.2153
    1.0762
    0.3816
    7.2460
    5.4539
    5.7065
    0.0065
    4.0373
    1.0004
    5.1692
    3.1885
    0.0123
    0.0859
    0.3010
    0.0789
    0.0637
    1.6565
    1.1563
    0.0698
    0.6392
    3.1070
    1.0433
    0.1049
    0.1354
    0.1571
    9.2479
    0.8315
    1.3251
    0.2713
    0.5723
    0.2764
    0.0252
    0.3114
    0.0307
    1.0554
    3.3333
    0.6388
    0.0162
    0.0097
    0.0772
    0.0074
    0.9072
    0.1738
    0.6942
    0.1069
    0.0605
    0.1396
    0.0032
    0.0939
    0.0572
    1.2637
    0.9942
    1.2436
    0.2876
    0.2645
    4.8330
    0.0890
    1.6737
    0.0777
    4.0678
    2.0356
    0.5982
    0.9489
    1.6178
    0.0315
    0.4039
    3.6938
    0.0599
    0.6745
    0.2691
    0.3215
    0.6800
    0.8458
    3.7755
    3.1487
    0.9299
    0.0413
    0.4985
    0.2477
    0.2822
    0.0143
    0.6682
    1.1673
    1.7198
    0.1014
    0.5199
    0.0138
    6.4820
    0.1466
    3.6348
    0.5633
    1.3272
    1.4608
    0.0472
    0.5068
    0.1861
   10.3907
    1.1173
    0.2037
    0.1653
    3.6832
    0.2879
    0.3826
    0.0050
    0.9795
    0.6775
    0.3280
    0.2290
    0.0279
    0.3004
    0.1457
    1.1207
    0.2387
    0.0788
    0.8797
    0.8183
    0.3824
    1.4706
    0.0383
    0.1653
    5.9083
    0.8831
    0.6239
    0.4909
    0.2318
    0.9457
    0.0417
    0.5636
    0.5034
    0.1184
    0.0144
    0.2801
    0.1961
    1.9103
    5.4073
    2.4933
    0.4089
    0.7812
    2.8736
    0.6199
    0.1449
    7.3431
    3.8241
    0.9985
    0.5434
    0.2163
    0.3115
    0.0603
    0.1189
    0.3309
    0.4904
    0.2348
    0.3261

