   0.9657
   0.5670
   0.8326
   0.8142
   1.1772
   1.0156
   1.1352
   1.3085
   1.4799
   0.7377
   0.4625
   2.0535
   1.3325
   0.5674
   1.0000
   1.5461
   1.4542
   1.0000
   1.0785
   0.7822
   1.0458
   1.5315
   0.2862
   1.0573
   0.6938
   1.3194
   1.1413
   1.3118
   1.5049
   1.2192
   1.0213
   0.9753
   0.5880
   1.0482
   1.0000
   1.0000
   2.2841
   0.7482
   1.0000
   0.6045
   1.2440
   0.8320
   1.3112
   1.1508
   1.1212
   0.6918
   0.9245
   1.0000
   1.3899
   1.1584
   0.6396
   0.5469
   0.7619
   1.1278
   0.7384
   1.0746
   0.6503
   1.0000
   0.9370
   0.7760
   0.6280
   1.1881
   0.8390
   1.0000
   0.9013
   1.5391
   0.4986
   0.7903
   1.0000
   0.6182
   0.9031
   0.8151
   2.1280
   0.5270
   1.0191
   1.4702
   0.7588
   1.4083
   1.3527
   1.1258
   0.9355
   0.9103
   0.6673
   1.0000
   1.0000
   1.3173
   1.2408
   0.9147
   1.0000
   1.5529
   1.0000
   0.4791
   1.0713
   1.1860
   0.7806
   0.8217
   1.8476
   1.2005
   0.6264
   1.0000
   0.2766
   0.6478
   1.6502
   1.1450
   0.7724
   0.8015
   1.0382
   1.1488
   0.7785
   0.8621
   0.7166
   1.0000
   0.4937
   1.0000
   0.5936
   0.6121
   0.6163
   1.5869
   0.5909
   0.7971
   1.4414
   1.5474
   0.6331
   0.8510
   1.0000
   1.0675
   0.7491
   1.0000
   0.8522
   0.6457
   1.0000
   0.5368
   1.4501
   1.0000
   0.6647
   0.8286
   1.1851
   1.0321
   0.9858
   1.0000
   2.2554
   0.8219
   0.6162
   0.6035
   0.5874
   0.7475
   1.1066
   0.9217
   1.3440
   0.7402
   1.0000
   0.7124
   0.8182
   1.5053
   1.7099
   1.6952
   1.3148
   0.7977
   1.1214
   0.9811
   0.9533
   1.0401
   1.1523
   0.8780
   1.4889
   1.0000
   1.3381
   0.4856
   1.7209
   2.2035
   0.8980
   0.9715
   1.0781
   2.0735
   0.6035
   0.6517
   0.7404
   0.9716
   0.7474
   1.0000
   0.5790
   0.5684
   0.6592
   1.1645
   1.0000
   1.0000
   1.9537
   1.0000
   0.6105
   1.2452
   0.3206
   1.9284
   1.1504
   0.4678
   1.5315
   1.0000
   0.6630
   0.5784
   1.2543
   0.8709
   1.0730
   1.0870
   0.8251
   0.8765
   0.7941
   0.8293
   0.2453
   1.0038
   1.1970
   1.0000
   1.3129
   1.4807
   1.3745
   0.5336
   0.7023
   1.1744
   0.5403
   1.4939
   1.9475
   1.0000
   0.3977
   0.5557
   1.3830
   0.5635
   0.8027
   0.9184
   1.4606
   0.7636
   0.3267
   1.0000
   0.7830
   0.8664
   1.1313
   0.9201
   1.0000
   1.0660
   0.8849
   1.2353
   0.7621
   0.3592
   0.7517
   0.6874
   0.5344
   1.2644
   0.9135
   1.0669
   1.0488
   0.4612
   1.0755
   0.6800
   1.4592
   1.0000
   1.0000
   0.7110
   1.1051
   0.4745
   1.0000
   1.3586
   1.0652
   2.0576
   0.8411
   1.3830
   1.5779
   1.0000
   0.5452
   1.3682
   0.7715
   1.1485
   0.9209
   1.1109
   0.3201
   1.1110
   1.1658
   0.7904
   0.6293
   0.8366
   1.4568
   0.9507
   0.9221
   1.5009
   1.7913
   0.9380
   1.1697
   1.4258
   0.8162
   1.0000
   0.9609
   1.4644
   0.6605
   0.6941
   0.8870
   0.8665
   0.4645
   0.8765
   1.0876
   1.6480
   0.9974
   0.5131
   0.8399
   1.2751
   1.2959
   1.5139
   1.5402
   1.0000
   1.0000
   0.7866
   1.0323
   1.0000
   1.0000
   1.2177
   1.5557
   0.4267
   1.5276
   0.9638
   1.1235
   0.7397
   0.9332
   0.7447
   1.0000
   1.1043
   1.3801
   1.0000
   1.0000
   0.7993
   1.0534
   0.6745
   0.6464
   0.4440
   1.9500
   0.2807
   1.0000
   0.6088
   1.3428
   0.5555
   0.7913
   2.5667
   1.7409
   1.2367
   1.3121
   1.0490
   0.7995
   1.1265
   1.3240
   1.5440
   1.0193
   1.1306
   0.8171
   1.8583
   1.3240
   0.7099
   0.3773
   0.7768
   0.8124
   1.5381
   0.6508
   0.7608
   1.0664
   0.7401
   0.8588
   0.9440
   0.5100
   1.1338
   1.0000
   1.0000
   0.5867
   1.8596
   0.5445
   1.2901
   1.1262
   0.6824
   1.0000
   0.9633
   0.9414
   1.4692
   0.6850
   0.9517
   1.0000
   0.8065
   2.0802
   0.7734
   0.9166
   0.4473
   1.0000
   0.3304
   1.0913
   1.0010
   0.8129
   1.0137
   1.2977
   0.6702
   0.5557
   1.1856
   0.7846
   1.1596
   0.4832
   0.9798
   0.8908
   1.0499
   0.8275
   1.4426
   1.2689
   1.0000
   1.0000
   1.1829
   1.0000
   0.8463
   1.0832
   1.1549
   1.0893
   0.6240
   1.1367
   0.4573
   1.1568
   1.3194
   0.7865
   0.7039
   0.5264
   1.2278
   0.4906
   0.7246
   0.8015
   1.0043
   0.4876
   1.1974
   1.4923
   0.9791
   0.8069
   0.9559
   0.8459
   0.8289
   1.0469
   0.8244
   1.5533
   2.4826
   0.9915
   1.4538
   0.6018
   1.1175
   1.4792
   0.9391
   1.3947
   1.0927
   1.2170
   1.2935
   0.8369
   1.4664
   1.0297
   1.0000
   0.5343
   1.3328
   2.2727
   0.6471
   1.0157
   1.2502
   0.8998
   1.0000
   1.1126
   2.0436
   1.2249
   0.4999
   0.4762
   0.5869
   1.0000
   0.7774
   0.6027
   0.5438
   1.0051
   1.6776
   1.8409
   0.6424
   1.3508
   0.5419
   0.9543
   1.0000
   1.3082
   1.1339
   0.8278
   0.8503
   1.1378
   0.9406
   0.5892
   0.7013
   0.8462
   1.3564
   0.5803
   0.6313
   0.8925
   1.1886
   0.5663
   1.3307
   1.0084
   1.0000
   1.2066
   1.0000
   0.9028
   0.8578
   1.3154
   1.0000
   0.8456
   1.4509
   0.6109
   1.0430
   1.1441
   0.8192
   0.8321
   0.6674
   1.0000
   0.8241
   0.8471
   0.8701
   1.0000
   1.2566
   1.3002
   1.4846
   1.0000
   0.8211
   1.5849
   1.3701
   0.6731
   1.0000
   0.9032
   1.0945
   0.8939
   0.5856
   1.0682
   1.0356
   0.5453
   1.2850
   1.4236
   0.5143
   0.2208
   0.8504
   1.7827
   1.0874
   1.0987
   1.5218
   1.4572
   1.0000
   0.9124
   1.2141
   0.7569
   0.9804
   1.0000
   1.0000
   0.7726
   0.9957
   1.0000
   1.1179
   0.5991
   0.5913
   1.0000
   1.0000
   1.1523
   1.0237
   0.9252
   0.5544
   1.2804
   1.1114
   0.3475
   1.2825
   0.6683
   0.6065
   0.6827
   0.7307
   1.0000
   0.4257
   1.2068
   1.0000
   0.3121
   0.6656
   1.0496
   1.4324
   0.7356
   1.3692
   1.0000
   1.6328
   0.7749
   0.7557
   0.7233
   1.0000
   1.2612
   1.0726
   0.6040
   0.6778
   1.0000
   0.5011
   1.0000
   0.6591
   0.4526
   1.3463
   1.0000
   0.7726
   0.7644
   0.5115
   1.0486
   0.6361
   0.5031
   1.0000
   1.8111
   1.3643
   1.7369
   0.5284
   0.5837
   0.6474
   0.3905
   0.9432
   1.9979
   1.0000
   0.3867
   1.2676
   0.8797
   1.6709
   0.3852
   2.0381
   1.5577
   0.3518
   1.1712
   1.2791
   1.5116
   0.8864
   0.7404
   0.7885
   0.8578
   0.7471
   1.1394
   1.0303
   0.9577
   1.0295
   1.2025
   1.3952
   1.0820
   1.1844
   1.3973
   0.6890
   1.1321
   1.0783
   0.7888
   0.4507
   0.6760
   1.6814
   0.7737
   0.5595
   0.3463
   0.8841
   1.0167
   0.8365
   0.6975
   1.3943
   0.5532
   0.8910
   0.9837
   1.0000
   1.0907
   1.2251
   1.3636
   0.5613
   1.1445
   1.0000
   0.5831
   1.0000
   1.0783
   0.7782
   0.7746
   1.0703
   1.0916
   1.2648
   1.3222
   0.8647
   1.0000
   1.0000
   0.9882
   0.6245
   1.0220
   1.2763
   0.9933
   0.8694
   1.0843
   0.7249
   1.0362
   1.2268
   1.0174
   0.6506
   1.1319
   1.3165
   0.3381
   1.0000
   0.9058
   1.2683
   1.7507
   1.1037
   0.7301
   1.0000
   1.1582
   1.0000
   1.4950
   1.0959
   0.8600
   1.0000
   1.0000
   0.7005
   0.8321
   0.9102
   0.6476
   0.5095
   1.0590
   0.6424
   1.3409
   0.9707
   0.7363
   0.8423
   0.6022
   1.0369
   0.3329
   1.0000
   1.0584
   0.5394
   0.7243
   0.5004
   0.7751
   0.6874
   0.3233
   0.7388
   1.3449
   2.3545
   0.6368
   1.1137
   0.7531
   1.2010
   0.8474
   1.2837
   1.0380
   1.0000
   1.0302
   1.0850
   1.0000
   1.0000
   0.9399
   1.5124
   0.6373
   1.0000
   0.7722
   0.3921
   1.0327
   1.0000
   1.2715
   0.7810
   1.0921
   0.7522
   0.5538
   0.4243
   1.1447
   0.5842
   0.3473
   0.8750
   1.0000
   1.7947
   0.8244
   1.0000
   1.1508
   1.0000
   0.7532
   0.6551
   1.4233
   0.8085
   0.8173
   1.3510
   0.5465
   0.6031
   0.8601
   1.1373
   0.5208
   1.0000
   1.3642
   1.0000
   1.4890
   0.8456
   1.5759
   0.9452
   2.4937
   1.0481
   0.5661
   0.6885
   1.0515
   1.0000
   1.0754
   0.4235
   1.1410
   0.7991
   1.2966
   1.0105
   0.4697
   1.3652
   1.4031
   1.0661
   1.5201
   0.2859
   1.0000
   1.0788
   0.7695
   0.3560
   1.1965
   0.5774
   1.4851
   0.5633
   0.4483
   0.5755
   1.5817
   1.0051
   1.0406
   1.7146
   1.6074
   1.1754
   1.1742
   1.0470
   1.0000
   1.0000
   0.6328
   0.5742
   1.0000
   1.0000
   1.1832
   1.3772
   0.6849
   1.2022
   1.8722
   1.7800
   1.3138
   0.6690
   1.5478
   0.4269
   0.6060
   0.9040
   1.7274
   1.2440
   0.8183
   0.6175
   1.0063
   0.8632
   0.4046
   0.8153
   1.0787
   0.7606
   0.9529
   0.5333
   1.1037
   1.0209
   0.7978
   0.8257
   0.3252
   0.5920
   0.8313
   1.1563
   1.0000
   0.6222
   1.6698
   0.8486
   1.2113
   1.0000
   1.2468
   0.7467
   0.5343
   0.4677
   1.0795
   0.8929
   3.0300
   1.2136
   0.7917
   1.2662
   0.5807
   0.6056
   1.5672
   1.0052
   1.0000
   0.6604
   1.8676
   0.6265
   1.0000
   1.3401
   1.0000
   1.3269
   0.6433
   0.5592
   1.1336
   1.4259
   0.8732
   1.4316
   0.5041
   1.4996
   1.0759
   0.7971
   1.6294
   2.2710
   1.0000
   1.1655
   1.5282
   1.1150
   1.0000
   1.0271
   1.0000
   1.0000
   0.6577
   1.0000
   0.8055
   0.5944
   1.2681
   1.1903
   0.6565
   2.0438
   0.5194
   0.6401
   1.2306
   0.7878
   1.0000
   1.2556
   1.0000
   1.0000
   1.0000
   0.6715
   1.0374
   1.0000
   1.0000
   1.8407
   1.1908
   0.8389
   1.3466
   0.6050
   0.9923
   1.2349
   0.3723
   0.9461
   1.0060
   0.8437
   0.9729
   1.2232
   0.7049
   1.0594
   1.0000
   0.8259
   1.3039
   0.9540
   0.6706
   1.3604
   1.0000
   1.3097
   0.6997
   0.5241
   1.2980
   1.2120
   0.8253
   0.5438
   0.6800
   1.1063
   1.3538
   1.8848
   1.4757
   0.7920
   0.7059
   1.0828
   1.6778
   1.3069
   1.0000
   1.2274
   0.5969
   1.6053
   1.4190
   2.0472
   1.3022
   1.2360
   0.7223
   1.0618
   1.4736
   1.0266
   0.8891
   1.0000
   1.0000
   0.2917
   1.1635
   1.5145
   1.4031
   0.6113
   0.8172
   1.5060
   0.5435
   1.1536
   0.6385
   1.3849
   1.1340
   0.5555
   0.8498
   0.7116
   0.6358
   0.7608
   0.9192
   1.0664
   1.5522
   0.9799
   0.9570
   0.9330
   1.1220
   0.8252

