  5.3925e+001
  2.9122e+001
  1.4351e+002
  5.0355e+001
  3.8460e+000
  1.9162e+001
  3.1403e+001
  5.2178e+000
  3.4577e+001
  1.9609e+002
  5.2461e+000
  4.1406e+001
  2.2253e+002
  1.0061e+001
  1.4809e+001
  9.8715e+001
  2.4881e+002
  1.4081e+002
  7.0871e+001
  5.8806e+001
  8.4172e+001
  1.1162e+001
  5.6735e+001
  4.0809e+001
  2.4077e+002
  4.0839e+001
  3.3295e+002
  6.3199e+001
  2.5915e+001
  1.7248e+002
  6.9574e+001
  2.2443e+001
  2.4614e+001
  1.9054e+001
  2.3474e+002
  5.1488e+002
  2.7322e+000
  1.2971e+001
  5.6584e+001
  9.1497e+001
  1.1395e+001
  6.1579e+001
  2.7486e+001
  3.7007e+001
  5.5824e+001
  2.2622e+002
  1.9809e+001
  2.7139e+002
  4.4322e+001
  1.2950e+001
  6.8844e+000
  1.1438e+002
  6.1287e+001
  8.8472e+001
  3.2059e+001
  3.0767e+001
  2.6339e+002
  1.6112e+001
  2.6271e+001
  1.2200e+001
  4.2570e+000
  1.5008e+002
  7.9237e+001
  5.8304e+000
  1.8985e+001
  1.2630e+002
  3.6271e+001
  6.8321e+001
  8.0316e+001
  7.0210e+001
  2.6899e+001
  1.6281e+002
  1.3218e+002
  6.3299e+001
  1.3704e+002
  9.8884e+001
  2.3283e+002
  1.2468e+001
  7.3828e+001
  1.3294e+001
  1.8976e+002
  2.9316e+002
  4.0564e+002
  1.6477e+002
  2.9020e+001
  9.1700e+001
  4.2790e+001
  2.0990e+002
  1.2346e+002
  1.9697e+001
  7.0591e+001
  2.4136e+002
  7.6526e+001
  3.9065e+001
  1.0202e+001
  7.2898e+001
  2.7958e+002
  1.7578e+001
  5.3071e+001
  4.9444e+001
  2.1951e+002
  4.8890e+001
  1.8009e+002
  1.8640e+002
  2.3810e+002
  4.7537e+002
  5.4528e+002
  1.1773e+002
  4.8975e+001
  4.5054e+001
  1.1049e+002
  3.2121e+001
  1.1096e+002
  1.6732e+002
  1.4605e+001
  1.4104e+002
  7.7040e+001
  5.3839e+001
  3.1190e+001
  2.6102e+001
  1.8722e+002
  1.1283e+002
  9.4710e+001
  9.9643e+001
  2.9557e+001
  2.7759e+001
  1.8263e+002
  1.2574e+002
  2.4694e+002
  1.2315e+002
  4.4643e+001
  1.5577e+002
  4.7592e+002
  4.0407e+001
  1.4893e+001
  1.1650e+001
  3.0695e+001
  3.2523e+002
  1.8114e+001
  1.0925e+002
  1.1103e+002
  4.9617e+001
  6.9317e+001
  1.2748e+002
  3.3993e+001
  1.0011e+002
  4.7303e+001
  2.5602e+001
  5.8576e+001
  3.9435e+001
  8.5619e+001
  2.2837e+001
  1.9626e+002
  3.2037e+002
  4.8013e+001
  7.3883e+001
  1.2767e+002
  9.3172e+000
  5.0141e+002
  5.4915e+001
  1.0324e+002
  4.0633e+001
  4.7657e+001
  3.9862e+001
  8.4999e+001
  4.9628e+001
  4.6263e+002
  1.5735e+001
  8.3108e+000
  7.5749e+001
  7.7669e+001
  8.4234e+000
  9.4518e+001
  4.1838e+001
  5.1412e+001
  7.2712e+001
  3.9858e+001
  2.0736e+002
  4.3945e+001
  1.5627e+002
  7.4418e+001
  8.2968e+001
  1.5604e+002
  2.5560e+001
  3.3952e+001
  2.4949e+002
  1.1472e+002
  4.0515e+002
  4.7701e+001
  7.9924e+001
  1.2971e+002
  4.9216e+001
  8.6325e+000
  2.6599e+000
  7.8730e+000
  5.4346e+001
  4.0867e+001
  1.4146e+001
  4.8999e+002
  1.4593e+001
  5.0261e+001
  2.0975e+001
  1.1533e+002
  2.1690e+002
  4.3847e+001
  4.4511e+001
  3.4554e+002
  2.3992e+001
  8.2474e+001
  3.8371e+002
  1.9986e+002
  1.5211e+001
  1.1606e+002
  1.3316e+001
  2.7372e+002
  2.4126e+002
  2.7697e+002
  3.1123e+002
  3.2772e+002
  2.6342e+001
  1.6355e+001
  1.1479e+002
  2.6725e+001
  1.6638e+001
  7.1960e+001
  4.6078e+001
  4.6924e+000
  6.5859e+000
  9.4183e+001
  4.5121e+001
  3.2321e+001
  6.4082e+001
  1.2164e+001
  1.3598e+001
  9.6879e+000
  3.2807e+002
  6.3841e+000
  2.6230e+001
  1.2969e+001
  1.1487e+002
  1.1580e+001
  5.8080e+001
  1.7346e+002
  2.8425e+002
  3.3598e+001
  1.4826e+002
  2.3305e+002
  1.1805e+002
  8.2500e+000
  9.5862e+000
  1.8437e+001
  1.3983e+001
  4.4830e+001
  9.4531e+001
  5.1193e+001
  1.3877e+001
  2.2293e+001
  1.7796e+002
  1.8258e+001
  7.3655e+001
  4.0560e+001
  2.8436e+001
  1.1560e+001
  3.8693e+001
  3.4785e+001
  1.6029e+002
  2.5799e+001
  1.5320e+002
  3.0819e+001
  9.0862e+000
  9.1276e+001
  1.2757e+002
  1.3886e+002
  2.0791e+001
  6.0651e+001
  6.4947e+001
  4.3016e+001
  7.8382e+001
  1.9090e+001
  5.8111e+001
  5.9164e+000
  2.0737e+002
  1.0464e+002
  2.4569e+002
  2.5324e+002
  2.3952e+001
  1.0389e+001
  1.9565e+001
  1.9114e+001
  2.3733e+001
  9.0834e+000
  7.6921e+001
  3.8411e+002
  1.3537e+002
  1.4066e+002
  6.3545e+001
  4.3735e+001
  1.0866e+002
  1.5253e+001
  8.5810e+001
  9.7416e+001
  2.3832e+001
  4.7480e+001
  2.9560e+001
  3.1264e+002
  2.0949e+001
  5.9121e+000
  6.1826e+001
  1.2088e+002
  4.6339e+001
  1.3321e+002
  2.1872e+002
  1.9192e+001
  8.6781e+001
  1.7545e+001
  5.9004e+000
  1.4649e+002
  8.0503e+001
  8.3698e+001
  3.0678e+002
  4.1860e+001
  6.5954e+001
  2.5321e+001
  2.3013e+001
  3.1481e+000
  1.7399e+002
  5.7240e+001
  1.3637e+002
  1.5823e+002
  6.2022e+001
  7.3186e+001
  1.9460e+002
  2.4973e+002
  1.0165e+002
  9.4785e+001
  2.1584e+002
  3.0317e+002
  9.3993e+001
  7.7509e+001
  1.0517e+002
  8.2934e+000
  6.8663e+001
  8.1684e+001
  2.9631e+002
  1.6661e+002
  2.7936e+001
  8.9832e+001
  4.7501e+001
  3.7684e+001
  1.4697e+002
  2.4482e+001
  1.3369e+002
  1.9880e+002
  3.1498e+001
  1.0481e+002
  3.7165e+002
  1.8914e+002
  1.1020e+001
  9.8132e+001
  5.4656e+000
  6.0227e+002
  1.6855e+001
  3.1610e+000
  3.8807e+002
  1.9037e+001
  1.1598e+002
  9.7223e+000
  1.0792e+002
  3.2994e+001
  8.0470e+001
  2.9490e+002
  2.3391e+001
  2.5633e+002
  2.6017e+001
  2.3172e+001
  7.7708e+001
  9.8476e+000
  1.5625e+002
  4.7928e+001
  3.8473e+001
  1.5306e+001
  8.7344e+001
  3.8984e+002
  2.0592e+001
  1.2424e+001
  2.1273e+002
  4.6462e+001
  4.7938e+000
  4.5210e+001
  8.5559e+001
  1.6773e+002
  1.0950e+002
  8.7321e+001
  9.5619e+001
  7.9967e+001
  7.0059e+001
  8.5345e+000
  1.1251e+002
  3.8679e+001
  4.6934e+002
  8.3998e+000
  2.0161e+001
  1.3826e+002
  5.2839e+001
  5.8190e+001
  1.3957e+002
  2.4585e+001
  1.5532e+002
  9.7495e+001
  3.8932e+001
  1.0467e+002
  2.3507e+002
  2.1035e+002
  1.6978e+002
  1.0274e+002
  2.0534e+001
  7.8635e+001
  2.2920e+001
  3.6614e+001
  9.9227e+001
  1.5299e+001
  1.4254e+001
  2.4595e+002
  9.7365e+001
  3.4366e+002
  1.4469e+002
  6.6250e+000
  7.8191e+001
  1.4437e+002
  1.2358e+001
  1.0770e+002
  2.9630e+002
  1.4953e+002
  3.4829e+001
  4.0756e+001
  7.1889e+001
  4.8733e+001
  2.0763e+002
  3.4786e+001
  3.7414e+001
  1.7386e+002
  2.6751e+002
  3.5705e+001
  6.2867e+001
  5.9840e+001
  8.3408e+001
  1.9130e+001
  5.7751e+002
  8.2096e+001
  1.2613e+002
  3.2724e+001
  1.3891e+002
  2.3359e+002
  1.5224e+001
  4.3150e+001
  1.6086e+001
  3.8750e+001
  1.0398e+002
  1.6914e+002
  2.2190e+001
  1.2521e+002
  6.2824e+001
  1.4519e+002
  2.2717e+001
  4.7297e+001
  2.2411e+002
  2.4225e+001
  1.6358e+002
  2.6559e+001
  3.2401e+002
  2.8561e+001
  6.3191e+001
  3.2708e+001
  2.3068e+002
  3.7490e+002
  1.6537e+002
  2.2125e+001
  1.9378e+002
  5.1757e+001
  4.1657e+001
  5.0606e+000
  2.2507e+001
  7.2299e+000
  5.0914e+001
  2.1948e+001
  1.6977e+001
  1.8837e+001
  1.3514e+002
  3.1900e+001
  1.0511e+002
  2.8279e+002
  1.1610e+002
  5.2232e+001
  1.9622e+002
  5.2385e+001
  6.5381e+001
  7.5564e+001
  7.6001e+000
  2.0899e+001
  6.3324e+000

