   1.0100
   0.2460
   0.0552
   2.4288
   0.5442
   0.0966
   1.9233
   0.1805
   1.8369
   1.5987
   0.2433
   0.9980
   1.3302
   0.8875
   0.0616
   5.1921
   0.3431
   0.6419
   0.4666
   3.3574
   2.3101
   1.6585
   2.1754
   0.1130
   1.0566
   1.0000
   4.9043
   0.5156
   1.0177
   0.6920
   0.7782
   1.5550
   1.2654
   1.7267
   0.0584
   0.3894
   1.0723
   2.2095
   0.1399
   0.9463
   0.4360
   0.7452
   1.8586
   1.7736
   1.0312
   0.1336
   0.0819
   1.6451
   1.7266
   1.0682
   1.1003
   0.5440
   0.0187
   0.1819
   1.1827
   0.8714
   1.5205
   1.1951
   1.0529
   1.1764
   1.6458
   0.4289
   0.1561
   0.9601
   0.1331
   0.2152
   2.6670
   0.8170
   0.6700
   0.7967
   0.4667
   0.2656
   1.1578
   0.4965
   0.4521
   0.7425
   0.6441
   0.0621
   0.5582
   0.4642
   0.2411
   1.0687
   0.1151
   0.0341
   1.5672
   2.1371
   0.3169
   0.5019
   1.0478
   1.4817
   0.7899
   0.1227
   0.3448
   0.1932
   3.2567
   0.5405
   2.9002
   3.0457
   2.4057
   0.0268
   0.4562
   0.0661
   2.6571
   2.2141
   1.1105
   1.8043
   2.3419
   0.6861
   0.2387
   0.1705
   0.7235
   0.2422
   0.1705
   0.2412
   0.1676
   0.3785
   2.5953
   1.5127
   1.9595
   1.7922
   4.6389
   1.4369
   0.1824
   1.0008
   0.2586
   4.1324
   0.0353
   0.1198
   3.3907
   2.1568
   0.4192
   0.2123
   1.1842
   3.8887
   0.1303
   0.0102
   0.1061
   0.4985
   0.6580
   3.1340
   0.2053
   0.6404
   0.2889
   0.1037
   1.2713
   0.1147
   0.3483
   1.1702
   1.2740
   0.6105
   0.2077
   0.5572
   1.5956
   0.2770
   0.8722
   0.2696
   2.2842
   0.0082
   0.1979
   1.5900
   1.3709
   0.4413
   0.0851
   1.0610
   1.3441
   0.0818
   0.5182
   0.7992
   0.0043
   0.1439
   1.2387
   0.2446
   0.3415
   2.0799
   0.2564
   1.0288
   0.4936
   0.7186
   1.0962
   1.3200
   0.6950
   1.2227
   1.2448
   0.4247
   0.9752
   0.0899
   0.1281
   0.0912
   0.5260
   1.0442
   0.8502
   0.1804
   0.0358
   0.4380
   0.4782
   0.5589
   1.5855
   0.0788
   0.4629
   1.8582
   0.3793
   0.3732
   0.4140
   3.7234
   1.9739
   1.1791
   0.2284
   0.0263
   0.3450
   0.9562
   0.6341
   1.2299
   1.7080
   0.2899
   3.0564
   0.6675
   2.2785
   0.1384
   0.7782
   0.3780
   0.0650
   0.0364
   1.5005
   0.0920
   0.9627
   0.7187
   0.2690
   0.1967
   0.0100
   0.3232
   1.8623
   2.4197
   0.2638
   2.0976
   1.5175
   0.7877
   1.7331
   0.3544
   3.9830
   0.8303
   0.0400
   2.0936
   0.2983
   1.0423
   0.0796
   2.5490
   0.1013
   0.7016
   0.3769
   5.0533
   0.1143
   1.0493
   1.1643
   1.2454
   1.2175
   1.3974
   0.8251
   0.6473
   1.5765
   0.9752
   0.2228
   1.0172
   0.1249
   0.4253
   0.0637
   0.5880
   1.0529
   1.0000
   0.1786
   0.1273
   0.6049
   1.2094
   0.4803
   0.9376
   0.2727
   0.1256
   0.0398
   1.0676
   0.1346
   0.1712
   0.4694
   0.5361
   0.3140
   1.0294
   0.3126
   0.5778
   0.1732
   0.0258
   1.9216
   0.2050
   0.9747
   0.9758
   0.9718
   1.1507
   2.3707
   0.4923
   2.1154
   0.0558
   1.0535
   1.7771
   1.9640
   0.9913
   0.8928
   0.2108
   1.3595
   0.2574
   1.1977
   0.4436
   0.4326
   0.8582
   4.4562
   0.9312
   2.2532
   1.9631
   0.4091
   3.2668
   0.4823
   2.8716
   0.5781
   0.8589
   1.6334
   1.8262
   0.3688
   2.5079
   2.7288
   1.1410
   0.5724
   0.6726
   1.3524
   0.3897
   0.2748
   3.5692
   5.6721
   3.1362
   2.2698
   0.2662
   0.5002
   0.7506
   0.3077
   0.7779
   1.8069
   0.0966
   2.4835
   0.3373
   0.1230
   1.8881
   0.6532
   0.9183
   1.1103
   1.1572
   0.0938
   0.8834
   1.1743
   1.0737
   1.2219
   0.9668
   1.5905
   0.6703
   1.5547
   0.2409
   0.5812
   0.9004
   0.0697
   1.8534
   0.2629
   0.4536
   0.6471
   2.1659
   0.4671
   1.9327
   2.0038
   1.9090
   0.2624
   0.6060
   0.7058
   1.0949
   1.1728
   0.7566
   0.8009
   1.4321
   0.1208
   1.6492
   0.7202
   0.4060
   1.0765
   1.7037
   2.8656
   1.7078
   1.5582
   0.6993
   0.4813
   0.2785
   3.6936
   1.3872
   0.1555
   1.5727
   0.1670
   0.8951
   0.4399
   1.4357
   3.3463
   0.2544
   0.8644
   0.2428
   0.4627
   0.2312
   1.2929
   0.4801
   0.7903
   0.0566
   0.1210
   1.5824
   0.6056
   2.2860
   1.2510
   0.4922
   0.3942
   0.4790
   0.5244
   1.3241
   0.3704
   1.4400
   0.3143
   6.1347
   0.1215
   0.2725
   0.5702
   2.5505
   2.6643
   1.5804
   0.9494
   0.7856
   1.4824
   0.0266
   0.4088
   0.0986
   1.2623
   0.4579
   0.5250
   0.1936
   2.3062
   3.5451
   0.3787
   1.0019
   0.5351
   0.2864
   0.1178
   1.4775
   0.5732
   0.0805
   0.1909
   0.8759
   1.6414
   0.6201
   1.5752
   2.6298
   0.1733
   0.5485
   0.7378
   0.0241
   0.1852
   0.2094
   1.6207
   1.0000
   0.5115
   0.0722
   1.0473
   0.9919
   1.6001
   4.1620
   0.5925
   0.6468
   0.3142
   0.0212
   1.1075
   0.3917
   1.6773
   0.4918
   2.0541
   0.1886
   0.9712
   0.4526
   0.0032
   0.9168
   0.8097
   2.0063
   0.3052
   0.7436
   0.5316
   0.7264
   0.5069
   0.8090
   0.5714
   0.3659
   1.8876
   1.2324
   0.0811
   0.3498
   2.4259
   0.6437

