    3.5965
    2.9201
    1.0413
    0.9528
    0.2789
    3.3373
    0.7092
    0.2240
    0.4213
    0.1821
    0.0176
    0.0506
    1.2144
    0.0820
    0.4088
    1.0940
    0.5437
    0.5413
    0.2286
    0.9324
    0.0299
    0.2648
    0.3122
    0.1100
    0.6614
    0.1804
    4.0223
    0.1963
    0.7706
    0.8104
    0.5128
    0.1449
    0.1520
    1.4731
    0.9284
    0.0878
    1.6258
    0.1122
    6.0887
    0.0673
    0.8027
    0.3581
    0.1166
    0.0080
    0.0499
    0.1688
    0.0383
    0.2582
    0.0981
    1.4060
    0.1454
    2.4891
    0.1705
    1.0832
    0.0864
    0.0209
    0.3718
    0.2628
    0.0215
    0.1212
    0.0909
    1.4189
    0.3867
    0.0274
    0.0095
    0.7517
    0.1658
    1.2089
    0.0831
    0.3519
    0.8009
    0.9472
    0.1366
    0.9360
    0.3418
    0.8340
    1.2656
    0.4196
    1.4851
    0.1200
    0.4845
    0.1303
    0.2743
    0.2236
    0.7256
    0.7098
    1.3238
    2.8189
    0.0327
    0.2280
    0.1465
    0.4355
    0.0883
    0.2986
    0.4161
    0.3204
    2.4083
    1.0647
    0.5143
    0.5178
    0.1522
    0.2412
    0.4617
    0.8060
    0.2903
    9.3138
    0.0584
    1.0587
    0.3824
    0.1752
    0.9283
    1.3650
    0.9661
    2.9823
    0.3868
    0.6983
    0.5232
    0.4914
    1.5171
    0.0960
    0.5474
    1.2384
    0.4833
    0.3861
    0.4023
    1.0905
    0.5972
    2.0549
    0.1910
    0.6219
    0.2450
    0.8151
    0.5390
    1.0473
    1.1838
    0.7528
    0.1549
    3.8024
    0.9312
    0.2551
    0.0554
    1.0729
    0.0282
    2.9651
    0.0259
    1.1820
    0.9381
    0.3875
    0.8630
    0.4494
    0.1399
    0.0915
    0.2324
    0.0174
    3.2358
    1.4466
    0.2639
    1.0218
    0.1648
    4.0867
    2.3984
    0.7338
    0.2076
    0.3351
    2.3521
    0.0545
    0.2849
    0.4313
    0.0443
    0.1061
    1.2280
    2.5457
    0.3381
    0.7824
    0.2052
    0.3252
    0.0168
    0.7370
    0.9774
    1.3167
    0.1828
    0.2994
    0.6007
    0.0508
    0.5812
    0.2260
    0.3811
    2.6361
    0.1347
    0.6013
    0.2980
    2.3371
    0.3773
    0.1061
    5.1328
    0.0786
    0.1454
    3.1061
    0.6287
    1.7058
    0.1482
    0.0274
    0.1293
    0.6565
    1.3580
    0.6344
    0.5207
    0.6375
    1.0781
    0.3326
    0.2320
    0.5504
    0.1737
    1.2013
    0.4748
    1.1894
    0.5063
    0.9358
    0.1837
    0.3293
    5.6235
    1.6128
    0.0109
    0.2085
    0.1949
    0.0669
    0.0224
    0.7449
    0.8201
    1.3598
    0.1235
    4.5071
    0.0411
    0.7805
    1.7702
    0.2022
    0.0363
    0.3501
    1.9817
    0.0304
    0.5842
    1.1812
    0.9999
    0.1545
    0.0416
    1.6425
    2.0603
    0.0155
    0.1420
    0.8626
    8.7289
    0.9165
    1.3512
    0.5489
    0.0602
    2.1330
    0.0156
    0.1746
    0.3802
    0.7063
    0.4530
    0.2647
    0.1697
    0.5097
    0.1687
    0.2984
    0.4386
    0.7308
    0.5129
    0.2570
    5.1623
    0.1412
    0.2534
    0.0082
    0.3085
    0.5672
    0.3826
    0.4866
    1.5283
    0.5067
    0.2850
    0.7753
    0.3318
    0.0350
    0.2263
    1.0003
    3.3339
    0.1731
    0.8244
    2.1280
    0.2459
    2.4283
    0.8266
    1.4309
    1.2866
    0.7533
    1.4275
    0.7482
    1.4997
    3.4742
    0.1419
    1.5467
    0.1257
    0.6263
    0.6866
    0.7116
    9.8342
    1.5238
    0.3851
    0.0295
    0.7683
    0.0521
    0.0608
    0.0964
    0.1829
    0.1797
    0.7275
    0.9252
    0.4566
    1.1214
    0.7056
    1.6409
    0.3398
    0.2916
    0.3589
    0.4415
    0.2591
    1.3729
    2.2007
    2.3424
    2.5461
    4.3033
    0.4857
    0.7582
    0.1564
    5.9428
    0.3613
    0.6263
    0.5050
    4.7730
    0.6326
    0.0401
    0.3147
    0.3219
    0.3081
    0.8737
    1.5917
    0.1401
    1.9622
    0.4981
    0.2035
    1.0846
    0.3702
    4.7462
    1.2692
    0.6459
    0.6697
    0.0859
    0.1895
    0.0916
    0.0211
    2.7355
    0.3616
    0.4398
    0.0473
    0.1445
    1.7382
    0.2684
    2.0048
    0.3290
    6.7524
    0.2842
    1.0477
    3.5391
    0.0100
    0.2315
    7.1866
    0.1602
    0.6253
    2.6728
    0.9211
    0.2226
    1.0013
    0.5174
    0.4069
    0.5801
    3.0789
    0.4639
    0.2816
    0.3956
    0.5499
    0.1213
    0.2221
    0.0068
    3.6813
    0.7102
    0.8154
    1.3970
    0.3921
    0.7593
    2.4273
    0.1058
    0.3489
    0.5377
    2.2130
    0.0692
    0.2680
    0.8130
    0.2983
    0.9465
    0.0643
    1.0979
    0.1791
    1.1757
    0.9803
    0.2298
    0.0115
    0.2266
    0.8023
    0.8267
    0.1989
    0.1913
    1.5316
    0.1028
    0.2221
    1.3385
    3.1400
    0.1961
    0.0765
    0.0128
    0.2724
    1.2180
    0.4393
    1.3118
    2.3383
    0.9411
    3.8063
    3.1908
    0.0081
    0.7680
    0.2665
    0.5924
    0.5554
    0.0691
    1.3200
    1.8219
    0.0646
    0.0483
    1.8519
    0.2612
    0.3931
    0.8259
    0.0150
    0.0530
    0.0581
    3.9020
    0.0867
    0.6875
    0.0420
    1.3948
    1.1439
    0.2519
    0.6607
    1.3936
    3.0209
    0.7117
    0.5985
    0.1890
    0.0859
    0.7112
    0.0426
    0.4876
    0.7362
    0.8683
    0.6432
    0.9693
    0.5451
    0.9394
    0.1747
    0.6924
    0.0870
    1.3287
    0.8280
    0.3310
    0.1914
    0.2670
    0.3406
    2.2844
    0.4034
    0.6798
    0.0780
    0.1000
    0.2151
    1.8583
    0.7317
    0.5780
    0.5648
    0.1255
    0.3499
    0.0404
    0.0378
    0.1708
    0.6351
    0.0883
    0.8958
    0.1001
    0.3269
    0.8802
    0.3152
    5.1190
    0.3893
    0.2425
    0.0518
    0.6044
    0.0779
    0.2012
    0.2421
    0.0470
    0.0259
    0.9625
    0.2419
    5.4236
    1.0807
    0.8322
    1.7371
    0.4833
    0.1233
    0.5325
    1.3514
    0.6346
    1.5740
    0.0099
    0.9830
    1.3867
    0.9784
    0.4314
    3.3442
    0.1338
    2.4833
    0.3487
    5.0799
    2.1228
    0.4458
    3.3841
    0.1338
    0.4104
    0.3749
    0.3209
    0.3998
    0.0736
    0.6536
    1.0079
    0.7108
    0.2727
    0.3836
    1.0986
    0.2012
    0.4037
    1.2356
    0.5026
    0.0776
    0.7790
    0.1489
    0.9801
    1.1472
    0.0577
    0.0798
    3.1681
    0.3906
    3.8321
    0.1582
    2.6455
    0.5563
    2.6159
    0.7267
    0.5029
    0.2562
    0.2025
    0.5653
    5.7567
    0.2629
    0.5705
    1.1537
    0.2513
    0.4082
    1.2908
    2.1969
    0.7632
    0.0105
    5.7469
    0.0984
    1.6924
    0.2718
    0.1472
    0.7282
    1.7687
    0.6562
    0.2129
    0.1073
    0.1068
    4.0343
    0.1117
    0.3468
    0.0332
    0.8952
    0.2546
    1.9879
    0.0955
    2.7315
    0.3170
    0.0603
    0.2059
    0.3792
    5.7571
    0.0795
    0.4786
    0.5855
    1.0151
    0.0379
    0.1774
    1.1538
    1.4728
    2.5369
    0.0344
    1.1796
    0.3752
    0.6354
    0.4639
    1.8855
    1.1010
    0.0707
    0.0058
    4.3273
    2.4645
    1.9225
    0.4570
    2.4987
    1.9693
    0.8249
    1.6212
    0.8608
    0.7239
    0.1281
    0.4188
    0.1900
    2.4310
    0.8860
    0.7874
    1.2376
    0.1314
    0.8298
    0.0072
    0.1832
    0.7585
    3.1691
    0.6877
    0.6884
    1.0190
    0.4895
    0.1149
    2.0887
    0.5039
    0.2456
    0.0312
    0.0777
    0.0244
    1.8254
    4.3540
    0.2778
    0.5912
    0.0502
    5.4999
    0.9359
    0.1138
    4.4313
    1.1055
    0.3966
    1.0173
    4.9242
    0.1592
    0.1401
    0.4205
    0.2384
    0.3287
    0.5741
    1.3245
    1.0622
    0.9311
    0.3808
    1.3046
    4.1526
    0.2471
    0.0855
    0.3848
    3.9778
    0.2407
    0.2766
    0.1009
    0.2178
    0.0562
    0.0547
    1.8193
    0.9780
    0.4185
    0.3050
    6.5031
    2.1681
    0.3049
    4.8911
    0.3218
    0.3257
    0.0317
    2.4764
    1.1316
    0.3215
    0.6012
    0.0746
    0.5878
    2.0049
    1.3789
    0.1564
    0.8185
    0.0977
    2.7782
    3.8983
    0.2174
    4.4796
    0.2576
    0.0054
    1.3878
    4.2251
    0.3353
    0.6106
    0.6877
    0.1697
    0.1657
    2.3081
    2.4718
    0.9619
    2.0325
    2.9935
    3.8456
    3.4164
    0.3344
    0.4880
    0.1725
    4.2116
    0.2465
    0.0437
    0.1550
    0.0448
    0.1601
    0.3379
    0.4445
    0.3966
    0.0506
    1.3627
    0.0763
    0.6658
    0.0612
    0.2909
    0.1667
    0.0396
    0.5242
    0.3725
    0.7109
    0.3358
    0.4317
    2.8379
    0.0519
    0.1278
    0.7894
    3.2821
    0.8063
    0.2546
    5.5357
    2.6931
    3.2321
    0.7796
    0.3867
    0.1024
    1.2070
    0.6974
    0.0456
    0.2077
    0.0443
    0.6259
    0.1410
    1.5928
    0.5651
    0.0367
    0.2021
    1.8236
    0.7640
    0.3280
    1.0954
    0.4748
    0.4207
    0.0231
    0.1366
    1.0142
    0.3205
    4.7100
    0.2874
    0.1151
    1.1886
    0.7862
    0.1278
    0.9713
    0.1967
    1.8216
    1.5715
    0.0649
    5.1398
    0.3050
    0.3773
    0.0422
    0.4802
    0.1292
    0.1925
    4.2588
    0.1319
    2.3093
    0.1336
    0.8819
    0.1338
    4.8775
    0.9170
    1.7202
    0.2754
    0.0977
    3.7237
    0.0391
    1.4507
    0.4133
   10.5044
    0.1634
    1.5533
    0.2658
    0.3754
    0.4952
    0.0628
    1.4591
    2.6853
    2.1553
    0.3074
    4.4666
    0.1955
    0.2414
    5.0520
    0.1583
    1.4568
    0.5532
    0.8604
    0.4311
    0.0290
    0.8390
    1.3068
    1.8670
    0.1468
    6.3522
    0.1085
    2.3147
    0.1072
    1.3402
    0.8990
    1.0070
    3.7808
    0.0027
    1.0084
    0.9828
    1.0438
    0.5844
    0.3968
    0.1895
    3.9645
    1.1081
    1.6450
    5.2935
    0.2437
    0.0221
    1.0207
    0.1605
    1.5959
    3.2126
    0.6223
    2.5169
    0.5858
    3.9696
    0.3717
    3.0910
    7.7686
    0.0157
    0.7767
    0.0948
    4.1202
    0.5314
    0.3262
    0.2608
    0.4516
    0.5884
    0.3979
    2.9518
    1.0742
    0.3526
    0.0564
    2.5134
    0.2677
    0.3293
    1.0825
    0.0595
    2.2815
    1.7264
    0.4103
    0.2036
    2.1711
    0.0801
    0.5081
    0.4582
    0.5077
    0.0798
    0.0075
    0.3396
    1.6989
    2.7312
    1.8109
    0.0910
    0.7430
    0.7336
    0.5055
    0.0697
    0.2744
    0.0962
    0.2781
    1.0897
    0.0922
    0.4429
    2.1927
    0.9573
    0.1454
    0.0847
    1.0471
    0.0554
    1.6626
    0.9057
    0.8251
    4.2326
    1.7321
    0.5699
    1.0737
    0.1967
    3.2171
    0.3996
    1.2657
    1.1867
    0.0520
    5.0045
    0.5603
    2.6059
    0.1817
    0.0140
    2.5578
    0.1988
    0.1721
    0.6440
    1.0912
    0.3587
    0.0798
    2.0708
    0.0934
    1.5343
    2.3351
    0.7654
    0.1117
    0.4766
    1.0631
    0.1702
    5.1555
    4.4113
    0.5928
    0.1686
    0.2000
    1.3841
    0.2170
    0.1649
    0.1354
    0.7084
    0.1535
    0.7574
    1.1517
    1.9882
    0.4792
    2.5301
    0.5277
    0.3085
    0.0924
    0.1875
    3.9495
    0.4325
    0.4702

