   0.4752
   0.4721
   0.5447
   1.4680
   2.0922
   1.6243
   2.5105
   0.5786
   0.8227
   1.6722
   0.4875
   1.8604
   1.0131
   0.6884
   0.9516
   2.4878
   1.2928
   0.5159
   0.7947
   0.5598
   0.6612
   0.4618
   0.8910
   0.3657
   1.0847
   0.4963
   1.1696
   0.3400
   1.0230
   0.6237
   0.4667
   0.6507
   0.7120
   0.8152
   1.3638
   0.5972
   0.3353
   0.9603
   0.9650
   0.7935
   1.9671
   0.7836
   0.8155
   1.1304
   0.7322
   0.2623
   0.3340
   0.6114
   1.4407
   1.3036
   0.8494
   0.5153
   1.4778
   0.8032
   1.0265
   0.7940
   1.3747
   0.6118
   2.2910
   0.3158
   1.6016
   1.4296
   0.1896
   0.9813
   1.2377
   0.4199
   0.9043
   0.7397
   1.2431
   0.2730
   0.9479
   0.8248
   1.4411
   0.5594
   1.3143
   1.5688
   0.3187
   2.6906
   0.4477
   0.8114
   0.7092
   1.1317
   0.5689
   1.9409
   1.0404
   1.0322
   0.8433
   2.3947
   0.7065
   0.5837
   0.7741
   0.5588
   0.7554
   0.5676
   0.6120
   0.9274
   0.7677
   1.5626
   0.9052
   1.3473
   0.7217
   1.5405
   1.5641
   1.6261
   0.8151
   1.2888
   0.6710
   1.3851
   0.7647
   2.2475
   0.5371
   0.4416
   0.2706
   0.6997
   0.9312
   1.8037
   1.9250
   0.9335
   1.0340
   1.1544
   0.4784
   1.1057
   0.4093
   1.0170
   0.8536
   1.3106
   1.3913
   0.3984
   1.0771
   0.3515
   2.1463
   0.4739
   1.2175
   0.7892
   0.7493
   0.8429
   1.2975
   0.8811
   1.3479
   0.4908
   1.1293
   1.5339
   0.4465
   0.8501
   0.6469
   1.9519
   0.4565
   1.4786
   1.5072
   0.9729
   0.3910
   1.0167
   1.5763
   0.9385
   0.4012
   0.4477
   0.9240
   0.4446
   1.1634
   0.2879
   1.4515
   1.9325
   0.6622
   0.9993
   0.5667
   1.4214
   0.7392
   0.5047
   0.5992
   0.5269
   1.3221
   0.8415
   0.9962
   0.4183
   1.2102
   1.0813
   0.8284
   0.8796
   0.6506
   0.7998
   1.0187
   0.6514
   1.2660
   1.2130
   1.9275
   0.3832
   0.6333
   0.7075
   0.3659
   0.8146
   0.5577
   1.3633
   0.8543
   0.8177
   1.1215
   1.0347
   0.4728
   1.7181
   1.2906
   0.8932
   0.5459
   1.1313
   0.2817
   1.3163
   0.7792
   1.2998
   1.1311
   1.2698
   0.8524
   0.3882
   1.1308
   0.8577
   1.5876
   1.0502
   0.5153
   0.9068
   0.8267
   0.3592
   0.8068
   0.9413
   1.1951
   1.0371
   1.3559
   1.5654
   1.3816
   2.1400
   0.4139
   1.0524
   1.1396
   0.8139
   0.4060
   0.4674
   0.4823
   0.5908
   0.7400
   1.7627
   0.5701
   0.5949
   1.0972
   0.8316
   0.9100
   0.9496
   0.7450
   1.0137
   1.5446
   2.7436
   0.9250
   1.0444
   0.4280
   0.6507
   1.1750
   0.4033
   0.8267
   0.7333
   1.0691
   0.7637
   1.8387
   0.6545
   2.0558
   0.2699
   0.2745
   0.5694
   0.8607
   0.4924
   1.3019
   0.8080
   0.3072
   0.8602
   0.6678
   3.2224
   0.8982
   0.8318
   0.7128
   0.8803
   1.7977
   0.7840
   0.6039
   0.6814
   1.2280
   0.6699
   1.1904
   0.8672
   1.5119
   0.7176
   1.3678
   0.8523
   0.9346
   2.4286
   1.6792
   0.6941
   0.2919
   0.6731
   0.7956
   1.0645
   1.2730
   0.8040
   0.7051
   0.4639
   0.4832
   1.0446
   0.6119
   0.5419
   1.3826
   0.9027
   1.5941
   0.4939
   0.9930
   1.7883
   1.7620
   1.7820
   0.2755
   0.3763
   0.5348
   0.6205
   0.7468
   0.8686
   1.6140
   0.5861
   0.5085
   1.8665
   1.3885
   2.4778
   0.7402
   1.1577
   1.1818
   0.4352
   0.5393
   0.7462
   0.4622
   0.6309
   1.4924
   0.3846
   0.7233
   0.7692
   0.5928
   1.2536
   1.4605
   0.5836
   0.3748
   0.3952
   0.7211
   0.6780
   0.9396
   1.1533
   1.3574
   1.8783
   0.7099
   1.8455
   0.5253
   1.2996
   0.9904
   0.8539
   0.9294
   0.3790
   1.4223
   2.0702
   0.4995
   1.0256
   1.2869
   1.1007
   0.5059
   0.7402
   0.2487
   0.1951
   4.8525
   0.6453
   0.5505
   0.9041
   1.9990
   0.4494
   2.4113
   0.6422
   1.1969
   1.5812
   1.2060
   1.2287
   0.9299
   0.9296
   0.5665
   0.8208
   2.0902
   0.5808
   0.8935
   0.6978
   1.1587
   1.2058
   0.5445
   0.7627
   1.2971
   1.3315
   1.1622
   0.8418
   0.3268
   0.9855
   0.6669
   0.8778
   1.1937
   0.2017
   0.5877
   0.4858
   0.8830
   0.3870
   1.3937
   1.0120
   1.0247
   0.7408
   0.7944
   0.9479
   0.9063
   0.6000
   0.8953
   0.4964
   0.3868
   1.8086
   1.0150
   0.4483
   1.4566
   0.1495
   0.3690
   1.0190
   0.7168
   0.3540
   1.4223
   0.2947
   1.4093
   1.1263
   0.7239
   0.1479
   0.3557
   0.8679
   0.5283
   0.5659
   0.9555
   0.3932
   1.5869
   0.4741
   0.9898
   1.5773
   1.0903
   1.1594
   1.0909
   1.8543
   0.4036
   0.4153
   1.3524
   1.5415
   0.7669
   0.5394
   1.3363
   0.7930
   0.9796
   1.0406
   0.3999
   1.1369
   0.2558
   1.5370
   0.7386
   1.1362
   1.1805
   1.2057
   0.9174
   0.4890
   0.8210
   0.9957
   0.5255
   0.7313
   0.5780
   1.4265
   0.3143
   0.7357
   1.4517
   0.4261
   0.4997
   0.7744
   0.6494
   1.2053
   1.0064
   0.8274
   1.1926
   1.3244
   1.8724
   2.2618
   1.2691
   1.3892
   0.8287
   1.0698
   0.9543
   0.7751
   0.9116
   0.2925
   0.7428
   0.9307
   1.1345
   0.8871
   0.3772
   0.2842
   0.9125
   1.6958
   1.5760
   1.2607
   0.8198
   0.3724
   2.2807
   2.6387
   1.6614
   1.6285
   0.3515
   0.3225
   1.0237
   0.6698
   0.4890
   0.3264
   1.4802
   1.0546
   0.5780
   2.2773
   0.8466
   0.8528
   0.4174
   0.7877
   0.9829
   0.7109
   0.6310
   0.5536
   2.1839
   0.8190
   0.6675
   1.0283
   1.7484
   1.0738
   2.1324
   0.6262
   1.0120
   1.3590
   0.5547
   1.5798
   0.8979
   1.1106
   0.3123
   0.9210
   0.6838
   0.8030
   1.5159
   0.9099
   0.5207
   1.2474
   0.9775
   1.6209
   1.6705
   1.1165
   0.5141
   1.0068
   2.2775
   0.9616
   0.4930
   1.7270
   0.8243
   1.7330
   0.3899
   1.7360
   0.7675
   1.8553
   0.7696
   0.7123
   1.1035
   0.6342
   1.3560
   1.2101
   1.1489
   1.4995
   1.2464
   1.4447
   0.7984
   0.7897
   0.8830
   1.9717
   1.4595
   0.9742
   1.0660
   2.2996
   0.7391
   2.2968
   0.5681
   0.4813
   0.5819
   1.0091
   0.4461
   0.8554
   1.5507
   1.1478
   1.2137
   1.1090
   1.9160
   0.4079
   0.5862
   1.4202
   0.4870
   0.5468
   0.8459
   1.0292
   1.5914
   0.9945
   0.6341
   1.1274
   1.3471
   1.1694
   0.7413
   1.4504
   2.0135
   0.9347
   0.9192
   0.9486
   1.1232
   0.9641
   0.5491
   2.0363
   0.9590
   1.4554
   1.0369
   1.0860
   0.3684
   1.0593
   1.5514
   0.6732
   0.9367
   0.4926
   0.3207
   0.6962
   1.3809
   1.8412
   0.7781
   1.9349
   1.4816
   0.4021
   1.1322
   2.0593
   0.8586
   0.4035
   0.6049
   0.9844
   0.7056
   1.0021
   1.1721
   1.5107
   1.0439
   0.9761
   0.9611
   0.8594
   1.2732
   1.1402
   1.3805
   1.6086
   0.8262
   1.0392
   0.0969
   0.9176
   1.4696
   0.4248
   1.3268
   0.4039
   0.5445
   0.3645
   3.0264
   0.5360
   0.6381
   0.8279
   2.0293
   1.1837
   1.4948
   1.0480
   0.8691
   1.6654
   1.0625
   1.0157
   0.4420
   0.9463
   3.0826
   1.0731
   0.5752
   0.5980
   1.7650
   0.7821
   0.6711
   2.3948
   0.9352
   1.0160
   0.2466
   0.9925
   0.5970
   1.1650
   0.3334
   1.6039
   1.1775
   0.6338
   0.9373
   1.6852
   0.7829
   0.6600
   0.7444
   1.5951
   1.3662
   1.1140
   0.7562
   1.0534
   1.3448
   1.5720
   0.7748
   2.6308
   0.2601
   0.9281
   1.1717
   0.7134
   1.9734
   0.5966
   1.0038
   1.2591
   0.7782
   0.9280
   0.9841
   1.1143
   1.7245
   0.7319
   1.0373
   0.2270
   1.4968
   0.7460
   1.1708
   0.9456
   0.7036
   1.6225
   0.6125
   1.3526
   0.9921
   0.6394
   1.7963
   0.6793
   1.2573
   1.1336
   0.9417
   0.7066
   0.7723
   0.5117
   3.2033
   0.8715
   0.8826
   0.9189
   0.7282
   1.2387
   1.2838
   1.5388
   1.2257
   0.7327
   0.7010
   0.3315
   1.1869
   0.7526
   0.9854
   0.4979
   0.4546
   0.8067
   1.3844
   0.5777
   0.8092
   1.9845
   1.1428
   1.0382
   0.5915
   0.5177
   1.1280
   1.2927
   1.0172
   0.6030
   0.8004
   0.8384
   0.6479
   0.6304
   0.8353
   1.1975
   1.0398
   0.4944
   1.3274
   0.3731
   1.3741
   0.3077
   0.7283
   1.0562
   0.4190
   1.3457
   0.7377
   1.1724
   1.1320
   1.0708
   1.3050
   1.0998
   1.2129
   0.7519
   1.3937
   0.8175
   0.4220
   1.3422
   1.2314
   0.7342
   0.6379
   1.5036
   0.8545
   1.4570
   0.5542
   0.6987
   0.5934
   1.1200
   1.5734
   1.3473
   1.4842
   0.9219
   1.7191
   1.2647
   0.5508
   0.8839
   1.3842
   0.7417
   0.6333
   1.4098
   0.4248
   0.9118
   1.3476
   1.1101
   0.6993
   0.6421
   0.9516
   1.4676
   1.5828
   1.3745
   0.7747
   1.3623
   0.5506
   1.2733
   0.6498
   1.9136
   1.7436
   1.7206
   0.6028
   0.7898
   1.0953
   0.5730
   0.8265
   1.5376
   0.8414
   0.5762
   1.4046
   0.9982
   0.8153
   1.1581
   1.6445
   0.2805
   1.3865
   1.6442
   2.0190
   0.4809
   1.0579
   1.1374
   1.5913
   1.2251
   1.0287
   1.0703
   0.6124
   0.3094
   0.8491
   0.8975
   1.0361
   0.4933
   1.8783
   1.5660
   1.5196
   1.1200
   0.6037
   1.1308
   0.7222
   1.8085
   0.6473
   1.9177
   1.4035
   0.3365
   0.9769
   1.3040
   2.2233
   1.0919
   1.8029
   0.9513
   0.8279
   0.5146
   1.0864
   0.9581
   1.2050
   0.9387
   0.3011
   0.3441
   0.9506
   1.3001
   0.8813
   0.4767
   0.7604
   1.0373
   0.9795
   0.8068
   1.3064
   0.4681
   0.2883
   0.7312
   0.6738
   0.6680
   1.4131
   0.7615
   1.5709
   1.1498
   0.7480
   0.7586
   2.4158
   1.2919
   0.3745
   0.5979
   0.6227
   2.3901
   0.9978
   0.6975
   1.0515
   0.9893
   0.8842
   0.3236
   1.0931
   0.3991
   0.7829
   1.0950
   0.5173
   0.6039
   2.2975
   2.0780
   0.7114
   0.6307
   0.7769
   1.6326
   1.3475
   0.5052
   0.8519
   0.1841
   0.6888
   0.3865
   1.3441
   0.4693
   0.8057
   0.6654
   1.5396
   0.3090
   1.2029
   1.0391
   1.0872
   1.2313
   0.6763
   0.5104
   1.2670
   0.8912
   1.1853
   0.3879
   1.2641
   0.2517
   0.9100
   0.8695
   0.8879
   1.2898
   0.5834
   0.2972
   0.4729
   0.4747
   0.7866
   0.5509
   2.1046
   0.6476
   0.5659
   1.6780
   0.8773
   0.7621
   1.1664
   0.5700
   0.7430
   1.0074
   1.0066
   0.8118
   1.1014
   0.8214
   0.7484
   1.6938
   1.2497
   1.2357
   0.7279
   2.7180
   1.5518
   1.8976
   0.5814
   2.1811
   0.3669
   1.0893

