  8.7301e+001
  6.6375e+000
  2.4518e+001
  1.6528e+002
  7.2059e+001
  1.9011e+001
  2.9839e+002
  1.8920e+002
  4.2895e+001
  8.5936e+001
  1.0784e+001
  1.3208e+001
  8.2607e-001
  7.6745e+001
  1.6729e+002
  6.5748e+000
  1.2831e+001
  5.1798e+001
  1.0799e+001
  2.7754e+002
  1.4751e+002
  3.0495e+001
  1.8268e+002
  1.9737e+002
  2.3614e+000
  4.0379e+000
  1.9981e+001
  2.0107e+002
  8.5925e+001
  2.7096e+002
  5.2402e+001
  7.5336e+001
  2.0537e+002
  5.9275e+001
  3.3686e+002
  3.6462e+001
  1.6840e+000
  3.6001e+002
  5.4302e+001
  9.9533e+001
  6.8379e+000
  2.6868e+002
  3.0838e+001
  1.5053e+001
  2.0724e+001
  2.1781e+000
  5.5430e+000
  5.9695e+001
  1.6985e+001
  4.0619e+002
  1.1824e+002
  7.1301e+000
  3.7189e+002
  8.1447e+001
  3.3999e+002
  8.6705e-001
  6.1205e+001
  8.9010e+001
  2.7023e+002
  2.2251e+001
  3.4367e+001
  4.8445e+002
  1.0679e+002
  2.6211e+002
  3.4203e+002
  1.3363e+002
  8.1698e+001
  1.4606e+002
  2.3032e+001
  2.5088e+002
  5.2692e+001
  5.7823e+001
  2.5153e+001
  4.3125e+002
  2.1584e+001
  2.0616e+002
  4.7382e+000
  8.3830e+001
  6.7961e+001
  8.7338e+000
  1.0553e+001
  4.4499e+001
  8.3070e+001
  1.4743e+001
  1.2168e+002
  1.0970e+002
  6.0707e+001
  5.0192e+001
  6.0065e+001
  1.5720e+002
  6.5528e+001
  1.7677e+001
  1.9143e+002
  4.1400e+001
  7.7797e+001
  2.3251e+001
  6.2871e+001
  9.8610e+001
  1.1160e+002
  1.9362e+002
  1.2013e+002
  1.2027e+002
  2.9814e+002
  2.5952e+002
  1.9604e+000
  5.9968e+001
  1.8681e+002
  3.6459e+002
  3.9019e+002
  4.1199e+001
  1.9744e+001
  2.1625e+001
  3.5303e+001
  5.2525e+001
  2.2597e+002
  3.5763e+001
  6.7754e+000
  7.3154e+000
  1.3334e+002
  4.8521e+002
  1.4000e+002
  7.7242e+001
  1.6970e+002
  8.8024e+001
  1.1036e+002
  1.3126e+001
  7.0154e+000
  2.7924e+002
  1.9262e+001
  6.0865e+001
  7.5220e+001
  1.6887e+001
  2.0481e+001
  2.8505e+002
  4.4689e+001
  1.6358e+000
  4.5435e+001
  2.2901e+001
  1.5927e+001
  3.4894e+001
  4.2546e+001
  8.6940e+000
  2.1244e+002
  3.2413e+002
  9.0373e+001
  4.1358e+001
  1.4225e+002
  3.5382e+001
  2.6851e+001
  1.9163e+002
  7.3963e+000
  5.6589e+001
  1.6878e+002
  4.4989e+002
  1.4090e+002
  1.6432e+001
  1.6237e+001
  3.9132e+001
  1.2008e+002
  8.7574e+001
  3.7988e+001
  1.5202e+002
  1.9339e+002
  1.3615e+002
  1.1465e+001
  1.9348e+002
  1.2035e+002
  2.9132e+002
  1.2153e+002
  1.0420e+002
  2.5711e+002
  1.0143e+002
  6.6787e+001
  3.3354e+000
  1.3121e+001
  2.6512e+001
  1.3129e+001
  1.0140e+002
  2.9871e+002
  1.5020e+001
  2.5674e+000
  1.2380e+002
  1.5689e+002
  8.9309e+001
  3.5379e+002
  8.8158e+001
  1.2165e+001
  1.3821e+002
  2.0994e+001
  1.5940e+002
  2.7173e+002
  3.8576e+001
  1.1888e+002
  1.4351e+001
  7.3201e+001
  1.2837e+002
  4.9380e+001
  9.0365e+001
  2.3067e+002
  4.0615e+001
  2.0874e+001
  1.4887e+002
  1.7788e+001
  1.8650e+001
  8.6063e+000
  7.8085e+001
  1.0946e+002
  2.8322e+002
  2.1660e+001
  1.6421e+000
  6.3746e+001
  2.6250e+001
  8.6635e+001
  1.4486e+002
  8.8123e+001
  4.4258e+001
  3.4773e+001
  3.3037e+001
  2.0031e+002
  2.0392e+002
  4.5288e+001
  1.4298e+001
  2.8622e+001
  2.3527e+001
  9.4270e+001
  4.3689e+001
  2.2036e+002
  4.9630e+001
  1.3914e+002
  2.3266e+002
  7.4437e+000
  3.2644e+001
  7.2699e+001
  9.6495e+000
  4.5479e+002
  1.2633e+001
  2.4582e+001
  1.9466e+001
  2.2252e+002
  9.5217e+001
  8.1233e+001
  1.5114e+002
  8.7248e+001
  4.3591e+001
  1.8347e+002
  3.7744e+000
  4.6103e+001
  2.2355e+002
  1.2322e+002
  1.4884e+002
  4.5725e+001
  1.4366e+002
  1.3442e+001
  1.2752e+001
  9.5901e+000
  3.9273e+001
  2.0013e+002
  8.7619e+000
  4.6041e+002
  2.9952e+001
  2.8124e+001
  1.4948e+002
  3.1324e+000
  4.1639e+001
  1.7700e+001
  5.1276e+001
  1.1655e+001
  2.1947e+001
  5.3949e+001
  1.1914e+001
  2.2789e+002
  1.2435e+002
  9.1121e+001
  9.4678e+001
  6.0661e-001
  2.7433e+001
  2.6480e+001
  2.1155e+001
  2.3355e+002
  9.1365e+001
  9.0402e+000
  4.0230e+001
  7.2312e+001
  7.8326e+000
  1.3344e+002
  8.2698e+001
  5.8818e+001
  1.4002e+002
  1.3422e+002
  2.8450e+001
  2.8356e+002
  1.3827e+002
  1.3377e+002
  1.0915e+001
  2.3023e+001
  2.2277e+001
  5.2269e+001
  5.2921e+001
  3.8278e+001
  3.3872e+000
  3.2781e+002
  8.9741e+001
  2.0470e+002
  1.5745e+001
  4.1203e+001
  8.9444e+001
  3.6164e+001
  1.8117e+001
  1.0853e+002
  3.7452e+001
  7.0365e+000
  5.0744e+001
  1.6992e+001
  9.3666e+001
  3.8635e+002
  5.6062e+001
  4.4926e+002
  1.1610e+002
  6.7477e+001
  2.4824e+001
  1.3665e+002
  3.4494e+001
  5.4085e+001
  2.0766e+002
  5.7767e+001
  2.4525e+001
  7.0475e+001
  3.0247e+001
  2.5742e+001
  1.6426e+002
  7.2615e+001
  1.9484e+002
  8.5334e+001
  8.4079e+000
  1.3619e+002
  2.2593e+000
  8.2930e+001
  1.0550e+002
  7.6352e+001
  2.9413e+002
  9.4959e+001
  1.7645e+001
  7.0616e+001
  1.0892e+002
  1.9224e+002
  1.6113e+002
  1.1008e+002
  1.3166e+000
  6.3590e+001
  1.5745e+001
  1.6470e+000
  1.3050e+002
  7.9255e+001
  3.2091e+001
  2.6313e+002
  2.8820e+000
  2.1805e+002
  3.5149e+001
  2.7747e+002
  3.6596e+001
  4.3623e+001
  1.3627e+002
  4.3303e+001
  8.1097e+001
  3.1742e+002
  8.3482e+002
  4.4371e+001
  4.2220e+000
  2.5979e+001
  8.1749e+001
  2.8370e+000
  2.5604e+001
  3.0023e+001
  1.2317e+002
  2.0241e+002
  2.0692e+001
  6.8774e+001
  3.5888e+000
  5.9503e+002
  5.1566e+001
  1.6507e+001
  2.9812e+001
  2.1088e+001
  4.0373e+001
  9.3231e+001
  5.1187e+001
  4.4775e+001
  2.3236e+002
  1.4720e+002
  6.9430e+001
  7.6973e+001
  9.5953e+000
  1.1107e+002
  2.0917e+002
  4.2170e+001
  9.9080e+000
  1.8644e+001
  2.3123e+002
  5.3125e+001
  3.1029e+000
  2.6654e+002
  8.1152e+001
  3.3742e+002
  6.7901e+001
  7.1526e+001
  4.5254e+001
  2.2819e+001
  5.1627e+001
  1.7714e+001
  2.3687e+002
  7.1468e+001
  5.2214e+001
  2.4424e+002
  8.9767e+000
  3.0428e+001
  7.0292e+000
  9.3401e+001
  8.0965e+000
  6.3683e+001
  7.9370e+001
  5.0753e+000
  1.1783e+002
  1.7442e+000
  2.0246e+002
  5.4839e+001
  3.8423e+001
  1.5291e+002
  9.1663e+002
  6.3096e+001
  1.4365e+001
  2.9352e+001
  1.8737e+002
  1.9655e+002
  3.5006e+002
  1.7770e+002
  8.6117e+001
  2.0910e+002
  6.8443e+001
  6.5743e+001
  3.3277e+001
  4.2647e+001
  9.5075e+000
  5.0061e+001
  1.8172e+002
  1.8867e+002
  2.5822e+002
  1.0655e+001
  1.0316e+002
  1.9558e+002
  1.0363e+000
  3.0833e+001
  3.3879e+002
  2.8260e+002
  1.6095e+001
  3.3687e+001
  2.3729e+002
  1.7969e+002
  8.8476e+000
  1.0542e+001
  6.7736e-001
  5.6115e+001
  1.2582e+002
  7.0593e+001
  1.6589e+001
  1.2515e+002
  3.3584e+001
  2.0330e+001
  1.3290e+002
  2.3389e+001
  4.3762e+001
  2.5613e+002
  1.2909e+002
  2.0298e+002
  1.2737e+002
  3.0937e+001
  8.1836e+001
  7.9293e+002
  3.2188e+001
  2.4958e+001
  1.9559e+001
  2.9686e+000
  9.6942e+001
  2.4750e+002
  7.9608e+001
  4.2468e+001
  3.5652e+001
  1.6032e+002
  5.3523e+000
  8.0214e+000
  2.3700e+002
  1.9128e+001
  8.5493e+001
  1.3357e+002
  2.3480e+002
  2.6240e+000
  2.4213e+002
  3.0428e+002
  1.7186e+002
  8.4540e+001
  2.6210e+001
  8.8316e+001
  8.6966e+001
  4.3631e+002
  8.0046e+001
  1.5156e+001
  7.2748e+000
  3.0620e+001
  1.3591e+001
  6.0657e+000
  5.5455e+001
  1.5009e+001
  1.2647e+002
  1.1824e+001
  1.0458e+001
  1.2147e+001
  2.9562e+001
  4.1559e+002
  8.7489e+001
  1.1647e+002
  4.7235e+001
  9.5279e+001
  1.7482e+002
  6.1615e+001
  1.4475e+002
  3.5095e+001
  3.7488e+000
  2.2051e+002
  8.7012e+001
  3.5330e+001
  1.5326e+001
  1.3127e+002
  9.5128e+001
  5.8211e+001
  1.1054e+001
  8.9292e+001
  1.9780e+002
  7.0464e+001
  9.4150e+002
  8.4060e+001
  2.8194e+002
  5.6496e+002
  6.5766e+001
  1.6148e+001
  1.0025e+001
  1.2662e+002
  2.4129e+002
  1.6709e+002
  3.5730e+001
  8.1216e+000
  6.8602e+000
  1.2197e+002
  3.8008e+002
  1.4228e+001
  2.0982e+002
  2.4462e+001
  8.7486e+001
  2.7595e+002
  1.2028e+001
  3.8816e+002
  4.5554e+001
  5.3408e+001
  1.4831e+001
  6.2814e+000
  2.0001e+002
  1.9150e+001
  3.7806e+001
  4.2152e+002
  3.6430e+001
  2.1264e+002
  1.4541e+002
  1.0924e+001
  5.8324e+001
  1.5604e+001
  2.9066e+001
  6.9971e+001
  1.3245e+001
  7.4746e+001
  1.3969e+002
  3.8756e+001
  3.2055e+001
  1.3380e+002
  5.8337e+001
  3.3329e+001
  1.5567e+001
  4.8386e+000
  6.9501e+001
  1.7049e+002
  1.5176e+001
  1.2698e+002
  8.0777e+001
  6.6534e+001
  2.0638e+001
  1.7441e+002
  2.5211e+001
  2.3009e-001
  2.8893e+002
  2.8864e+000
  3.1181e+001
  5.6072e+001
  5.0177e+001
  7.0803e+001
  1.0995e+002
  1.3327e+001
  5.9737e+001
  9.2317e+001
  9.8109e+001
  5.3385e+000
  5.9728e+001
  7.1826e+001
  1.6785e+002
  8.0853e+000
  4.1494e+001
  1.3874e+002
  5.2281e+001
  9.0658e+000
  6.2106e+000
  1.8969e+001
  3.9892e+001
  4.1045e+002
  5.0228e+001
  1.4111e+001
  1.7368e+002
  7.1054e+001
  1.1687e+002
  4.8487e+001
  3.2388e+001
  6.7383e+001
  4.3001e+002
  1.4705e+002
  1.1473e+002
  1.9410e+002
  1.1369e+002
  1.5896e+002
  1.0359e+002
  5.2388e+001
  2.0732e+002
  1.3799e+002
  1.3706e+001
  1.8950e+001
  3.1096e+001
  2.2535e+001
  1.6207e+002
  8.3623e+001
  6.0501e+001
  7.0231e+001
  9.8001e-001
  1.4358e+001
  2.3295e+002
  4.9590e+002
  2.4538e+001
  1.7254e+002
  1.9792e+002
  2.3615e+002
  3.1955e+000
  1.9260e+002
  1.1895e+002
  3.3058e+001
  9.3093e+001
  1.2694e+001
  3.5651e+002
  4.1753e+001
  6.7006e+001
  2.1615e+002
  4.6257e+001
  1.7777e+001
  7.4867e+000
  2.4523e+001
  5.1582e+002
  2.7677e+001
  7.2813e+000
  6.2205e+001
  1.2675e+002
  5.0423e+000
  2.5958e+002
  3.8427e+000
  5.4627e+001
  1.7942e+001
  2.4608e+001
  1.8217e+002
  1.5364e+002
  9.7027e+001
  5.0981e+001
  4.1194e+001
  4.8898e+001
  1.5106e+001
  1.2269e+002
  1.8648e+001
  1.9685e+001
  1.4883e+001
  2.2288e+002
  5.7837e+001
  8.7471e+001
  7.6201e+001
  1.1403e+002
  4.6625e+001
  1.5337e+002
  4.5814e+000
  2.7754e+002
  1.6728e+002
  3.8412e+001
  2.8374e+001
  5.9983e+001
  6.3198e+001
  2.9785e+002
  3.6646e+001
  4.4511e+002
  5.7237e+001
  1.9291e+002
  6.9589e+001
  7.0353e+001
  9.4433e+000
  1.1015e+003
  2.4510e+002
  1.4111e+001
  2.2882e+001
  8.1394e+001
  5.3703e+001
  1.3012e+001
  4.5915e+002
  7.0915e+001
  4.7843e+000
  1.5887e+002
  6.3160e+001
  6.9283e+001
  2.9366e+002
  7.5346e+001
  2.2735e+002
  5.9425e+000
  3.7011e+001
  1.4572e+001
  7.1513e+001
  7.1414e+001
  2.8925e+001
  6.0269e+001
  4.8766e+001
  3.5556e-001
  5.5290e+001
  1.4541e+001
  5.3645e+001
  7.2650e+001
  1.1574e+002
  2.2561e+001
  1.6438e+002
  1.4026e+002
  1.7845e+002
  5.1875e+000
  2.1230e+002
  5.7574e+001
  2.7764e+001
  1.2577e+002
  5.1515e+001
  1.8405e+001
  1.7228e+001
  9.5663e+001
  1.6304e+002
  4.2180e+002
  1.6439e+001
  4.7858e+001
  3.6084e+001
  6.1265e+001
  3.8079e+002
  9.0673e+001
  7.0358e+001
  1.6252e+002
  9.2381e+001
  9.2773e+001
  1.5609e+002
  2.3476e+001
  2.3396e+001
  4.0134e+001
  2.5017e+002
  2.8371e+002
  5.4571e+001
  9.1566e+001
  8.9444e+001
  9.5022e+000
  1.0916e+001
  3.4440e+001
  1.2566e+002
  3.5039e+001
  4.2294e+002
  1.4979e+002
  1.0493e+001
  1.5793e+002
  4.1965e+001
  7.8115e+000
  5.1702e+001
  4.5904e+001
  1.8318e+002
  5.4823e+000
  3.7142e+001
  5.8510e+001
  2.7821e+001
  1.5762e+001
  8.0695e+001
  1.0836e+002
  1.3534e+002
  1.2989e+002
  2.1767e+002
  2.6122e+001
  3.6876e+001
  1.7136e+002
  3.7092e+001
  9.5397e+001
  3.1205e+002
  1.6646e+002
  6.2809e+001
  1.7715e+002
  2.8547e+001
  1.1413e+001
  2.2090e+001
  6.7473e+001
  2.7324e+001
  7.8757e+001
  1.0464e+002
  2.9422e-002
  8.6658e+001
  3.4134e+001
  2.3959e+001
  1.6136e+001
  4.9500e+001
  2.2123e+002
  8.8486e+000
  2.1904e+002
  1.0998e+002
  5.7075e+001
  4.2435e+000
  9.9548e+000
  1.5708e+001
  4.1386e+001
  4.1331e+000
  3.6957e+002
  1.5910e+001
  2.9475e+000
  7.1024e+000
  5.3475e+001
  8.4953e+000
  8.6059e+000
  8.7136e+001
  3.2634e+002
  4.4882e+000
  2.6157e+001
  5.7601e+001
  5.2997e+001
  5.7351e+001
  7.1331e+001
  6.3669e+001
  6.0408e+001
  5.7400e+001
  5.5043e+001
  1.3607e+002
  2.9539e+001
  1.7376e+001
  4.6668e+001
  1.9737e+002
  8.2821e+001
  7.9306e+001
  1.6023e+001
  1.9286e+001
  4.5631e+001
  4.5397e+002
  2.9918e+002
  1.7971e+001
  3.7090e+001
  6.3194e-001
  1.2660e+002
  2.2522e+001
  7.0374e+001
  8.7763e+000
  1.2880e+001
  2.1219e+002
  1.8705e+002
  6.1616e+001
  2.7440e+002
  9.4851e+001
  2.3485e+001
  4.8121e+001
  1.3095e+002
  8.2245e+001
  1.0226e+002
  1.1178e+002
  2.2630e+001
  5.6892e+000
  6.9289e+001
  9.5912e+001
  4.9415e+001
  8.7884e+001
  4.5096e+001
  2.3162e+001
  2.3421e+002
  1.5518e+002
  1.1984e+002
  1.2391e+002
  1.0105e+001
  1.3322e+002
  3.1511e+001
  1.7857e+002
  1.4907e+001
  1.8115e+002
  3.2410e+000
  3.6930e+001
  5.7636e+000
  1.0783e+002
  1.6058e+001
  2.0017e+002
  3.8093e+001
  1.8310e+001
  9.6826e+000
  2.9889e+002
  1.8568e+001
  2.2819e+001
  2.2050e+001
  2.8229e+001
  2.5099e+001
  6.2557e+000
  1.0094e+002
  7.3976e+000
  6.1358e+001
  3.8709e+001
  8.2792e+001
  2.2433e+002
  5.3954e+001
  1.0408e+001
  8.7512e+001
  1.9412e+002
  3.4763e+001
  9.9959e+000
  1.9126e+002
  1.2785e+002
  8.7505e+000
  8.3003e+001
  3.3574e+002
  1.0443e+001
  1.5844e+002
  4.3309e+001
  2.7809e+000
  2.7114e+001
  1.7551e+002
  5.3451e+001
  1.4415e+002
  2.3900e+002
  3.9791e+002
  7.1050e+000
  4.2786e+000
  2.4347e+001
  1.1158e+002
  6.1860e+001
  7.2221e+001
  5.9729e+000
  4.5243e+000
  3.0925e+002
  1.2130e+002
  5.7376e+001
  2.2195e+002
  6.8558e+000
  3.1596e+002
  1.1018e+002
  1.8109e+001
  5.0026e+001
  2.2367e+002
  1.4847e+002
  1.2036e+001
  1.7359e+001
  1.0854e+001
  1.7521e+002
  8.2262e+000
  1.6461e+001
  1.8307e+002
  7.2641e+001
  5.3944e+001
  1.4425e+001
  2.1358e+001
  2.1608e+002
  8.4497e+001
  3.5269e+001
  6.3751e+000
  1.2664e+002
  6.4874e+000
  7.0973e+000
  1.2945e+002
  3.9343e+001
  4.7996e+001
  1.1397e+002
  1.0613e+002
  3.2347e+002
  6.5923e+001
  6.6756e+001
  2.7033e+002
  1.8706e+001
  4.9712e-002
  9.1570e+000
  2.0226e+001
  6.8255e+001
  9.2695e+001
  1.0265e+002
  1.9617e+001
  7.2067e+000
  8.1259e+001
  3.8252e+002
  2.2258e+000

