   1.5695
   1.2220
   0.9994
   0.8049
   0.5406
   0.8221
   1.3637
   0.8730
   0.2764
   0.9303
   1.9693
   0.4100
   0.4792
   1.3632
   1.2739
   0.4306
   0.6064
   0.3987
   1.2848
   1.9207
   1.5536
   0.5736
   1.4255
   0.8365
   1.3802
   0.6715
   0.6108
   0.8157
   0.2037
   0.5525
   1.8898
   0.3942
   1.0304
   1.7198
   1.0372
   1.3233
   1.3505
   0.7254
   1.1997
   1.0015
   0.6184
   1.2705
   1.4801
   0.6332
   0.3063
   0.6567
   0.4967
   1.4613
   0.7907
   0.3421
   0.5997
   0.6079
   1.0280
   0.6967
   1.0797
   0.6819
   1.2271
   0.9156
   0.7770
   1.1519
   0.2335
   0.9281
   1.0873
   0.7510
   1.3833
   1.1342
   1.1570
   1.1701
   1.0961
   1.7742
   1.1012
   0.6749
   1.1884
   0.9955
   0.3953
   2.0990
   0.6490
   0.7864
   0.7973
   1.1872
   1.5216
   0.2829
   0.4428
   0.2768
   1.4233
   1.0686
   0.8535
   0.8710
   0.7347
   0.7700
   0.6579
   0.3171
   0.6030
   1.0999
   1.6219
   1.2365
   1.0981
   0.8043
   0.4930
   1.0506
   1.1236
   0.7291
   1.3288
   0.8012
   1.8444
   0.9680
   1.7660
   0.8007
   1.5461
   0.8464
   0.5953
   0.4390
   0.8548
   0.9354
   0.3462
   0.9997
   0.7716
   0.7820
   0.9163
   1.1605
   0.7410
   0.2499
   0.3616
   0.4098
   1.0319
   0.7133
   2.2329
   0.5491
   1.3063
   0.2473
   0.6889
   1.9959
   0.5045
   1.0253
   0.8711
   0.8444
   0.6182
   0.2482
   0.7089
   1.5911
   1.2791
   1.4459
   1.1563
   0.7197
   0.2134
   0.9416
   0.4518
   0.5384
   0.4587
   0.8994
   0.8880
   1.1689
   1.1736
   1.5701
   1.1055
   1.1778
   0.2882
   0.9667
   1.2470
   2.5135
   0.4837
   0.3428
   2.0674
   0.9041
   1.5887
   1.1186
   1.7316
   1.8053
   1.0781
   0.8794
   0.9063
   0.5714
   1.4339
   1.6138
   0.4161
   0.4883
   0.3175
   0.4723
   1.7197
   1.3065
   1.1034
   0.4063
   0.3907
   0.7673
   1.7289
   1.1420
   0.5367
   0.6649
   1.7245
   0.6843
   0.1473
   1.7935
   1.1283
   1.5348
   0.3261
   1.4839
   0.4088
   0.7668
   0.7993
   0.6335
   1.3672
   0.8643
   0.8677
   1.0221
   2.8085
   0.6853
   0.9294
   0.5887
   1.5237
   0.5249
   0.8738
   0.5839
   0.8127
   1.2446
   0.9499
   1.4085
   0.4342
   1.6285
   0.5392
   0.5973
   1.0468
   0.6649
   0.9957
   0.9564
   1.0231
   0.4639
   1.0046
   1.2612
   0.7481
   0.9407
   0.7284
   0.4857
   1.2436
   1.0696
   2.6417
   1.7388
   1.2637
   0.5357
   0.5904
   0.5474
   1.0725
   0.3304
   0.8177
   0.5105
   0.5462
   0.7342
   2.1571
   1.0055
   2.5055
   1.4723
   1.5931
   0.8335
   0.3704
   0.2893
   0.6975
   1.6834
   0.7285
   1.0226
   1.9441
   1.0475
   1.9480
   0.7757
   0.6493
   0.3960
   0.7667
   0.8122
   1.4953
   1.1239
   2.2480
   0.7910
   0.5720
   0.8463
   0.5277
   0.7874
   0.9238
   0.7163
   1.0683
   1.8180
   1.3013
   1.9905
   1.1883
   0.5971
   0.9083
   0.6610
   0.5271
   1.1694
   0.5642
   0.5285
   0.8158
   0.8864
   0.5128
   0.7057
   0.2828
   0.9343
   1.0806
   1.3397
   0.7549
   0.5049
   0.3943
   0.4161
   0.1802
   0.5591
   0.6069
   0.5131
   0.5635
   0.2311
   2.3968
   0.4573
   1.3338
   1.7802
   0.9372
   1.5380
   1.1695
   0.5416
   0.5472
   1.2055
   0.9513
   0.8471
   0.5699
   0.9892
   0.3490
   0.6278
   0.6547
   0.9017
   0.8322
   0.8728
   1.3482
   1.0256
   1.2516
   0.5191
   1.3425
   1.4819
   0.7859
   1.3735
   1.7351
   1.3780
   1.2052
   1.3443
   1.2679
   0.6783
   1.0045
   1.1231
   0.3499
   0.4850
   0.1100
   1.2859
   0.6101
   0.3917
   1.1687
   0.8701
   0.4376
   0.5467
   0.7544
   1.3911
   1.6166
   1.4095
   0.8792
   0.9434
   0.8968
   0.5690
   0.5263
   0.5624
   1.6515
   1.9785
   1.2685
   1.6196
   0.6810
   0.1969
   0.7351
   1.3165
   0.5355
   0.3443
   0.6696
   1.3816
   1.5809
   1.0803
   0.4372
   1.2625
   0.7373
   0.8865
   0.3933
   1.5793
   0.8315
   0.8167
   1.0440
   1.0060
   1.0778
   0.7109
   1.2883
   0.3924
   1.3303
   0.7511
   0.6267
   0.8395
   0.8380
   0.8703
   0.7393
   0.9578
   0.2619
   1.1698
   0.9233
   1.4861
   0.8533
   0.5472
   1.2538
   0.5873
   0.7472
   0.8074
   1.2651
   0.6444
   1.2836
   1.3259
   1.5727
   0.2281
   0.4931
   1.5064
   1.8541
   0.6252
   0.7982
   1.0389
   1.1681
   1.7208
   0.3152
   1.0983
   0.7148
   0.4441
   0.4055
   0.6960
   0.6576
   1.1911
   0.6770
   0.7916
   1.2585
   0.6092
   0.9171
   0.4503
   1.9599
   0.6444
   0.2413
   0.7856
   1.1831
   0.5328
   0.4752
   0.9732
   1.0917
   1.9367
   0.4640
   1.5339
   0.6252
   0.4694
   0.9258
   1.2107
   0.2544
   0.7936
   1.2666
   0.8716
   1.1001
   1.1394
   1.1035
   1.1816
   0.4341
   0.6785
   1.9444
   1.3796
   1.5928
   1.2383
   1.3473
   1.1925
   0.7402
   0.6464
   0.6581
   1.1382
   1.1289
   0.8430
   1.2989
   0.5079
   1.0804
   0.9885
   0.6540
   0.6180
   1.9391
   0.8970
   0.5575
   0.5460
   0.4289
   1.0596
   0.6193
   1.0915
   0.7545
   0.6229
   1.4160
   0.4507
   1.2177
   1.1557
   1.1252
   1.0926
   0.6274
   1.0175
   1.3793
   0.5659
   1.0646
   0.7765
   1.2859
   1.1024
   1.7876
   1.6403
   1.3320
   1.1488
   1.1497
   0.7434
   0.3638
   0.8943
   1.4197
   1.8452
   1.1373
   0.6702
   0.6123
   1.1264
   1.0525
   1.1001
   1.6295
   0.5489
   0.5658
   1.1227
   1.4906
   0.6266
   1.4911
   1.1083
   1.4001
   0.6897
   1.2036
   0.9481
   1.0835
   0.6551
   0.3884
   0.6229
   1.5212
   1.7506
   0.8474
   1.4704
   0.3230
   0.7488
   0.6062
   0.6676
   1.4685
   0.6895
   0.4753
   1.0973
   0.5301
   1.2518
   2.5694
   1.2246
   0.7166
   2.5504
   1.3745
   1.1892
   0.2879
   1.7707
   0.6345
   0.7349
   0.3805
   0.7312
   1.7095
   0.9824
   1.1573
   0.9611
   1.5082
   0.7688
   1.3587
   0.6532
   0.6801
   1.5583
   0.7754
   1.1528
   1.4172
   0.7917
   0.6675
   0.7258
   1.4747
   0.7390
   0.9731
   0.7894
   0.7455
   0.7365
   0.1645
   1.8542
   0.8450
   0.7882
   0.6029
   1.1156
   0.6840
   1.3721
   2.9499
   0.5984
   0.6798
   0.3083
   0.9323
   0.7934
   1.5351
   0.6082
   1.9898
   1.4037
   1.8171
   1.4550
   0.5109
   1.3241
   0.2656
   1.5135
   1.0741
   1.8556
   1.0980
   0.8487
   0.9141
   0.4911
   0.6570
   0.7872
   1.9313
   0.9702
   1.2052
   0.9847
   1.2498
   0.8472
   1.7889
   0.5915
   0.8232
   0.7106
   0.9114
   1.0569
   0.9616
   1.4283
   1.6621
   1.2485
   0.7254
   1.3241
   0.8030
   0.7509
   1.2854
   2.0319
   0.5865
   1.8506
   1.3505
   0.3113
   0.7477
   0.9217
   0.8928
   1.0045
   1.6975
   0.2521
   0.7458
   1.2221
   1.0426
   1.0527
   1.1396
   1.0943
   0.9225
   1.1400
   0.3941
   0.4495
   1.0777
   1.1504
   1.0429
   1.1986
   1.6122
   0.5127
   0.9817
   1.0991
   1.4265
   1.3619
   0.4011
   0.5743
   0.5794
   1.5212
   0.9845
   0.4054
   0.9917
   1.1520
   1.0522
   0.9398
   1.1418
   1.2195
   1.6530
   0.7825
   1.1315
   1.2416
   0.6995
   0.8067
   1.1433
   1.5022
   1.3744
   0.4486
   0.8604
   0.4394
   0.2129
   1.1572
   0.8964
   0.8578
   1.4916
   0.5443
   0.8672
   0.6321
   1.1225
   1.2418
   0.6782
   1.3246
   1.3206
   1.1507
   0.7446
   0.6155
   1.2295
   2.1011
   1.6636
   1.2183
   1.1975
   1.0244
   0.2527
   0.6901
   1.5390
   2.4110
   0.9930
   1.1226
   0.9322
   1.0722
   0.8313
   1.2865
   0.5104
   0.5051
   0.5258
   0.5559
   1.9326
   0.4975
   0.9439
   1.2680
   1.4034
   0.4390
   1.3070
   0.4594
   1.1277
   1.1635
   1.2585
   0.5753
   0.9365
   1.1747
   0.5399
   0.4351
   0.5990
   0.6611
   0.6479
   0.2806
   1.0415
   0.9933
   0.7959
   0.5486
   0.4836
   1.0966
   2.5088
   1.3291
   1.6750
   1.3070
   1.7259
   0.8850
   1.5925
   1.8314
   1.3555
   0.7523
   2.9098
   0.5312
   0.7694
   0.6182
   0.4749
   0.9827
   2.1360
   1.1982
   0.7017
   1.1429
   0.5450
   0.6751
   1.2863
   0.8234
   1.0030
   1.2364
   0.7386
   0.9370
   1.0576
   1.1418
   1.9728
   0.3799
   1.2181
   0.7361
   1.8262
   0.7868
   1.6610
   0.8777
   2.0794
   2.2071
   0.9334
   1.3721
   0.9435
   1.7989
   1.8167
   1.4463
   1.5572
   0.5577
   0.9313
   1.4403
   1.0772
   1.2588
   1.1282
   0.4232
   0.5595
   0.8318
   1.5365
   0.6299
   1.2420
   0.5846
   0.2604
   1.6342
   0.8136
   0.9120
   0.3913
   0.9158
   1.0335
   0.8477
   1.3086
   0.8337
   1.9426
   0.6148
   1.2602
   1.1398
   0.7656
   1.0350
   0.8504
   1.9011
   0.6771
   0.9513
   0.9630
   0.4810
   0.5371
   0.5036
   0.8082
   1.2259
   2.2609
   0.7470
   1.9158
   1.1960
   1.8844
   0.4467
   1.3909
   0.3774
   0.8018
   0.8776
   1.2353
   0.7080
   0.6825
   1.1705
   1.9631
   0.4896
   1.3336
   0.7953
   0.4450
   0.7735
   2.3496
   0.5157
   1.6089
   1.8498
   0.4725
   0.8277
   0.9500
   0.9371
   1.3688
   2.3667
   0.8981
   1.9645
   0.8090
   1.3939
   2.3096
   0.7716
   0.3043
   1.3907
   1.5826
   0.5891
   0.6200
   0.7527
   0.5696
   0.6788
   1.2129
   1.2781
   0.7303
   0.9590
   1.4733
   1.2961
   1.2302
   2.3841
   0.4814
   1.2491
   1.1652
   0.5635
   1.0469
   1.4523
   0.9330
   1.5751
   1.1096
   1.1366
   1.2204
   1.7334
   0.4619
   1.1119
   1.1971
   0.9297
   1.0037
   0.3553
   1.2349
   1.6870
   0.2358
   1.0813
   0.5156
   0.4817
   1.1392
   0.4346
   1.0205
   0.5339
   0.5857
   1.4481
   1.0847
   1.4127
   1.4838
   0.3540
   1.7450
   0.8411
   0.4610
   1.5709
   0.8350
   0.6565
   0.9327
   1.2997
   1.7356
   1.2867
   0.6055
   0.3529
   1.1351
   1.7522
   0.8916
   0.9397
   0.4594
   0.4924
   0.6267
   0.7665
   1.2388
   1.2111
   1.9153
   1.2518
   2.5778
   0.7346
   1.0277
   0.9205
   0.8772
   1.1107
   1.3308
   1.3910
   0.8102
   0.7470
   0.7730
   0.2706
   0.6675
   0.9275
   0.9025
   0.7659
   1.4395
   0.4513
   1.7383
   1.0059
   0.6502
   0.8967
   0.3981
   1.1545
   0.9864
   1.4110
   1.6440
   0.3210
   0.7089
   1.2724
   2.1644
   1.2334
   0.8542
   0.7468
   0.8311
   0.9223
   0.9173
   0.7291
   1.5661
   1.9472
   0.8145
   1.3037
   0.4758
   1.0130
   0.6254
   1.0575
   1.0329
   0.3424
   1.1712
   0.6980

