    0.0739
    0.0832
    6.0342
    2.8213
    0.0688
    0.0232
    0.0912
    0.4458
    0.0210
    0.5576
    1.1929
    0.3373
    0.7472
    0.0166
    0.9640
    0.0192
    1.2512
    0.1498
    0.6160
    0.8129
    0.7263
    0.3760
    0.1510
    0.7068
    2.3297
    0.4637
    0.0248
    0.1226
    0.1114
    0.9317
    3.8889
    0.0007
    0.3515
    0.3097
    0.5158
    0.1107
    0.4620
    0.0295
    0.8614
    2.7755
    0.4912
    5.5658
    1.5201
    0.2729
    0.2211
    0.5637
    0.0068
    0.9617
    0.8148
    0.8368
    0.4668
    2.1829
    1.2075
    0.8395
    0.1752
    0.9971
    0.0718
    0.8015
    0.9155
    1.2080
    0.4752
    0.8188
    0.4541
    0.4873
    1.2540
    0.0159
    0.0090
    2.9754
    0.5744
   10.2260
    0.4138
    1.9083
    0.3900
    0.7622
    0.1910
    0.1203
    0.5969
    0.0552
    0.5512
    0.4155
    1.7112
    0.0560
    0.7823
    0.5429
    1.8206
    0.5527
    0.8881
    1.0718
    0.2771
    0.0571
    0.3263
    0.9691
    0.1126
    0.1613
    1.6006
    0.1127
    0.8639
    0.5113
    1.4178
    0.4553
    0.1448
    0.5975
    0.4423
    0.6517
    1.8902
    0.1725
    0.4029
    0.0629
    0.3232
    0.5994
    0.1035
    0.2530
    0.6986
    0.1545
    1.0433
    0.4766
    0.0203
    1.7974
    0.6209
    0.5820
    0.0811
    0.0247
    0.7622
    0.0621
    3.4817
    0.5688
    0.7090
    2.1577
    5.9725
    0.5025
    0.3160
    1.4662
    0.1464
    1.0618
    0.4166
    0.1327
    0.6967
    0.3308
    2.2848
    4.3272
    2.2173
    0.3035
    0.2248
    0.0088
    0.8252
    1.2816
    1.3622
    0.0680
    0.3419
    0.2406
    0.8986
    1.2930
    1.1170
    0.1446
    0.2494
    0.0254
    0.7210
    1.6109
    0.5322
    0.4809
    1.0916
    0.0686
    1.3392
    1.4944
    1.9316
    0.0129
    1.3066
    0.5474
    0.9041
    3.4884
    0.3527
    0.0085
    1.8850
    0.2768
    3.3801
    3.9611
    0.1634
    0.7096
    0.1587
    0.9419
    0.2638
    2.0402
    0.2598
    0.4238
    8.1335
    0.0521
    0.4061
    0.2214
    0.1740
    0.2209
    0.4593
    0.9143
    0.7345
    0.2230
    2.2110
    3.2085
    0.4314
    0.6972
    0.3448
    2.0544
    0.6328
    1.3468
    0.1046
    0.3494
    0.7036
    0.2414
    2.0883
    1.9201
    0.7669
    0.0450
    0.1540
    0.0709
    0.0400
    1.9226
    2.5010
    0.4218
    0.6743
    0.2960
    0.7410
    0.3651
    0.1714
    0.1412
    0.5535
    0.0365
    0.0839
    0.0691
    3.0235
    3.5357
    0.0800
    0.0398
    3.2679
    0.1832
    2.3354
    0.6294
    1.1323
    0.4480
    0.4422
    0.0963
    1.1135
    1.4912
    0.0400
    0.0110
    0.2328
    0.0141
    0.0865
    0.3890
    0.6311
    1.7407
    0.6058
    0.5912
    1.3861
    0.2260
    0.4662
    4.9109
    0.6707
    1.0292
    0.5664
    0.6938
    2.0775
    0.4274
    0.0254
    0.4107
    1.2822
    0.1447
    1.0581
    0.3138
    0.2025
    0.0041
    1.8928
    1.4929
    3.3888
    1.3868
    0.2854
    1.3201
    1.0837
    0.3759
    0.2864
    0.5741
    2.4130
    0.5281
    1.7442
    0.7415
    0.2336
    0.6599
    0.0281
    3.0440
    3.7791
    0.3503
    0.1048
    8.6097
    1.8005
    2.6036
    0.0882
    0.3890
    0.0085
    0.1251
    0.9481
    0.4518
    0.4633
    0.6531
    0.1104
    0.1184
    0.1995
    0.5674
    2.1105
    0.0723
    1.9355
    1.7254
    0.3998
    5.0100
    1.0979
    0.0460
    0.3648
    2.1454
    0.1341
    1.2051
    0.1180
    0.2049
    0.8178
    0.5584
    2.0482
    0.6909
    1.2895
    1.6421
    0.8197
    0.0661
    0.0463
    0.4347
    0.0205
    0.1353
    0.5021
    0.0193
    4.1152
    0.4599
    0.3371
    1.0431
    0.2253
    2.1696
    0.6140
    0.2834
    0.2138
    1.1612
    0.4719
    0.2069
    0.9184
    0.9665
    1.2290
    0.0525
    0.4722
    0.7061
    0.3674
    0.5450
    0.4439
    1.1435
    2.7747
    0.8203
    4.9463
    0.8610
    0.0986
    0.0405
    1.4297
    0.1714
    3.0694
    0.4968
    0.4730
    2.6193
    1.1959
    1.6698
    3.2894
    2.0421
    1.6650
    1.1895
    0.3004
    0.1382
    0.1065
    0.6165
    1.5904
    1.1535
    0.2376
    0.5677
    0.7432
    1.7505
    1.0042
    0.9264
    0.2072
    0.6712
    0.6163
    1.8795
    0.0899
    1.0393
    0.5059
    0.1952
    0.0960
    5.0647
    0.8292
    1.6701
    1.2405
    0.2795
    0.9029
    0.0054
   11.3041
    0.0266
    0.9944
    1.3706
    0.4870
    1.1046
    3.0248
    0.2305
    3.9450
    0.9642
    0.0884
    0.1865
    0.9197
    0.8540
    0.0304
    0.3396
    0.1251
    1.2676
    0.0143
    0.0300
    1.5362
    0.4668
    0.1259
    3.0653
    1.9314
    0.0452
    0.2793
    0.4345
    0.0799
    5.1948
    0.5840
    0.3145
    0.0681
    0.2752
    0.7270
    0.4344
    0.2202
    0.3258
    0.2366
    0.3164
    0.1625
    0.8632
    1.1828
    0.6422
    0.4853
    2.1225
    0.9297
    1.6351
    1.1805
    6.5446
    0.3096
    0.2326
    0.0602
    0.2945
    0.1144
    0.1604
    0.1041
    3.7990
    0.1866
    0.5165
    1.0971
    1.1936
    0.2092
    0.2934
    0.7708
    0.7611
    2.7279
    0.1722
    1.0670
    0.2150
    0.0512
    0.7626
    0.9613
    0.1502
    0.7792
    0.1030
    1.2308
    0.2459
    0.0149
    0.1493
    0.4051
    0.2647
    0.0827
    0.0722
    0.3049
    1.2151
    4.2178
    0.1387
    0.0587
    1.7539
    0.1906
    2.7018
    0.0425
    2.0275
    0.1833
    0.6319
    3.5998
    0.1735
    0.6968
    0.9630
    1.9393
    0.1010
    0.3971
    7.8444
    1.0741
    3.0020
    0.5224
    1.1298
    0.3443
    0.1011
    0.7039
    0.0215
    0.4370
    2.2737
    0.3237
    0.6804
    0.1644
    0.5140
    0.1015
    0.3562
    1.3406
    0.2366
    0.0663
    0.5290
    3.7006
    0.2535
    1.6236
    0.8685
    0.3836
    0.2953
    0.0566
    0.0276
    0.6913
    0.1238
    0.2585
    0.3770
    1.3451
    0.5532
    0.5172
    0.6268
    0.2681
    0.6945
    1.2499
    0.2393
    0.7957
    0.4441
    0.1036
    0.4120
    0.0149
    0.8350
    1.4508
    0.0456
    2.4913
    1.4465
    0.5219
    5.4765
    0.3170
    0.0457
    1.0550
    0.8179
    0.0383
    4.8055
    1.2780
    0.0271
    0.5975
    1.8574
    0.1695
    0.0459
    0.0161
    1.7066
    0.1018
    0.8170
    0.0902
    3.5377
    0.1835
    0.3302
    2.9763
    0.9614
    2.0965
    2.0902
    1.7298
    0.8071
    0.1229
    0.0470
    0.3635
    0.0412
    0.3295
    1.1132
    0.0314
    0.9097
    0.0579
    0.0200
    2.6569
    1.6475
    0.5856
    0.0347
    3.8246
    0.4436
    0.7083
    1.7288
    0.2604
    1.4258
    0.4434
    0.7169
    0.4365
    2.3635
    0.7361
    0.3635
    0.1065
    0.4204
    8.2532
    0.0684
    0.1024
    0.0407
    0.0755
    0.5313
    0.6460
    3.4212
    0.1657
    0.4911
    0.4930
    1.2006
    0.0033
    0.1246
    0.3142
    0.7094
    0.0344
    0.7779
    0.4740
    0.5682
    0.7031
    0.1041
    0.4681
    0.0345
    0.3240
    0.4889
    0.8126
    0.2005
    0.2410
    0.1292
    0.7568
    0.1309
    0.0062
    2.0203
    1.3823
    0.0663
    4.2961
    0.1462
    0.4436
    0.6711
    1.3923
    1.5648
    2.0057
    4.0715
    3.4260
    0.3036
    3.2081
    1.0471
    0.0186
    1.4994
    0.5074
    0.9981
    0.4763
    2.1969
    0.4509
    0.1069
    0.6047
    0.2821
    0.0583
    1.3482
    0.6122
    0.6642
    3.2508
    2.1889
    0.4887
    1.0704
    1.9327
    0.2025
    1.2517
    0.4212
    0.6152
    0.8810
    0.0667
    0.1962
    2.2346
    0.1023
    0.1039
    0.9116
    3.0181
    0.2703
    0.1570
    3.4364
    0.4864
    0.2450
    0.2093
    0.1304
    2.1338
    1.1047
    1.7057
    0.4319
    0.2770
    1.0271
    0.1528
    0.5795
    0.3866
    0.2327
    0.4748
    0.4846
    0.5506
    0.0865
    1.5409
    0.1889
    4.0484
    0.6606
    0.3967
    0.1954
    0.5145
    0.0070
   11.4482
    0.5563
    0.1672
    0.5624
    0.6810
    0.2450
    0.1852
    1.0918
    0.9471
    0.4466
    0.3693
    0.6785
    0.7994
    2.3181
    0.1149
    0.0068
    0.1734
    1.1173
    1.6604
    3.1159
    2.4020
    2.5461
    2.5026
    0.4278
    0.1400
    2.0303
    0.0639
    0.5747
    7.7463
    0.3102
    0.2089
    0.3507
    0.6331
    0.0368
    2.3890
    0.5541
    0.1866
    0.3285
    0.6487
    0.3860
    0.9099
    1.7294
    0.7722
    0.5141
    2.6047
    1.5142
    0.7244
    1.3701
    0.7470
    1.6368
    7.7809
    1.0243
    0.4247
    0.5987
    0.2977
    0.0534
    0.0287
    0.0589
    2.2573
    0.3456
    0.9726
    0.2594
    0.3250
    1.4397
    0.3745
    0.0673
    0.1721
    6.1578
    0.7338
    1.2718
    0.3793
    0.9309
    2.1414
    3.0994
    0.4713
    0.2551
    1.4104
    0.0124
    0.0980
    0.1943
    0.2252
    0.2225
    3.5879
    1.9504
    0.7454
    1.0625
    0.7627
    0.3388
    1.0806
    0.5473
    1.0047
    0.6505
    2.3836
    0.3790
    0.7291
    0.7776
    0.5909
    0.0465
    1.3094
    1.2193
    2.2549
    0.0361
    0.4342
    0.1006
    0.6237
    1.6175
    4.5704
    0.3244
    0.2541
    0.0271
    0.4109
    0.6572
    0.6217
    1.1877
    1.2021
    0.3365
    1.0490
    0.4525
    0.1760
    0.1789
    0.9320
    0.0989
    0.6075
    0.8172
    0.3923
    0.3631
    0.1702
    0.1321
    0.0987
    1.4043
    1.6725
    0.5361
    0.1685
    2.0424
    1.0879
    0.0468
    1.7036
    0.6020
    4.9462
    2.1559
    1.0831
    0.2457
    0.2663
    0.1264
    0.0011
    0.3193
    0.1362
    0.2791
    0.0041
    1.4661
    0.6711
    1.6733
    0.0990
    0.7397
    0.8298
    0.2261
    0.6577
    1.0693
    0.9426
    0.5314
    0.0142
    1.4774
    0.7530
    0.7402
    1.3247
    1.7588
    0.2039
    0.9103
    1.1644
    0.9209
    0.8938
    1.2194
    1.1343
    0.1326
    1.3720
    0.1782
    0.2674
    0.1823
    0.1108
    0.6803
    0.0777
    0.0908
    0.0357
    0.2562
    5.9247
    0.0245
    0.2664
    5.1982
    0.5295
    1.0801
    0.5392
    0.4267
    0.0630
    0.6813
    2.2334
    0.0130
    0.2346
    0.1325
    0.1204
    0.7863
    0.1299
    1.6977
    3.1804
    0.0021
    3.0591
    2.0444
    0.1306
    1.8374
    3.1161
    0.4762
    0.2009
    0.1531
    2.2584
    6.4318
    0.3564
    2.4266
    0.3922
    0.4522
    1.8912
    0.4190
    1.5316
    0.3180
    0.4626
    0.9100
    0.8305
    0.6618
    0.0412
    0.0811
    0.0558
    0.0937
    1.4463
    0.5874
    1.1166
    0.4972
    0.1312
    0.3049
    0.0402
    0.3383
    0.3957
    0.8941
    1.2082
    0.6392
    0.0898
    0.2892
   13.1463
    7.2610
    0.0235
    0.4782
    0.7006
    0.5493
    1.2537
    0.8332
    1.1952
    1.6252
    0.7953
    0.8683
    6.3821
    2.4960
    0.0939
    0.2601
    0.2024
    0.8612
    0.6700
    4.8045
    0.6091
    4.2959
    0.9513
    1.9073
    0.6323
    0.1520
    1.2255
    0.1250
   11.1876
    0.2178
    2.4103
    1.6557
    0.4632
    0.4984
    0.2633
    0.0501
    0.9609
    3.4095

