  7.9364e-003
  1.2133e-001
  3.9698e-001
  4.2806e-002
  1.8680e-001
  4.5613e-003
  1.1805e-001
  9.9000e+000
  6.8021e-001
  2.6094e+000
  1.3069e-001
  3.6011e-001
  6.8744e-002
  7.9476e-001
  9.7382e-002
  2.6615e-001
  8.6837e-002
  3.7886e-002
  8.8830e-003
  2.2847e-002
  1.0775e-001
  9.2590e-002
  1.1684e+000
  9.4875e-001
  1.4831e+000
  1.6209e-002
  1.2385e-001
  8.4647e-001
  9.7976e-002
  7.1862e-001
  1.4156e-001
  4.6355e-001
  6.5148e-001
  3.7132e-001
  2.2801e-001
  4.6504e-003
  2.4196e-001
  2.1181e-001
  1.2322e-001
  9.2467e-002
  4.8879e-001
  2.1582e-001
  3.2357e-001
  1.6360e+001
  3.2161e-001
  3.6337e-001
  3.3722e-001
  2.6585e-001
  5.6654e-001
  2.8353e-001
  8.8059e-002
  1.1649e+000
  1.8023e+000
  1.7804e+000
  6.6657e-001
  5.0499e-001
  1.0236e+000
  1.0642e+001
  6.9582e-001
  2.9098e-002
  1.0804e-001
  9.6133e-002
  9.9734e-002
  9.5835e-002
  1.6048e-001
  2.9254e-001
  1.3417e-001
  7.7484e-001
  2.6947e-001
  1.4144e-001
  8.1752e-002
  2.2462e+000
  7.4259e-001
  1.6431e+001
  1.6392e+000
  2.4592e-001
  7.4711e-001
  3.5064e-002
  2.7095e-001
  9.1626e-001
  6.9364e-001
  1.3351e+000
  1.6981e-001
  2.5827e-001
  3.3820e-001
  3.1738e-001
  2.9615e-001
  1.5848e+000
  9.8954e-001
  9.4836e-002
  3.4621e-001
  6.2115e-002
  7.3570e-002
  7.1575e-002
  5.2921e-001
  8.5185e-002
  4.4395e-003
  2.2142e-001
  2.7899e-002
  1.5592e-002
  2.5414e-001
  4.0800e-001
  3.8892e-001
  2.8130e-001
  4.2916e-001
  8.9060e-001
  5.1962e-001
  2.0727e+000
  2.9047e+000
  8.2039e-003
  5.6173e-001
  1.0888e-001
  1.3224e-001
  4.6379e-001
  4.3599e+001
  2.0327e-001
  1.7957e-001
  3.0353e-002
  2.1832e-001
  2.5629e-005
  5.2292e-001
  4.2830e-002
  2.6101e-002
  7.0762e-002
  1.1160e-001
  1.7975e-001
  1.3100e+000
  2.7837e-001
  5.8125e-002
  1.2194e-001
  4.4544e-001
  1.6988e-001
  6.4155e-001
  4.4067e-001
  3.4167e-003
  1.3311e-002
  7.1283e-002
  3.8724e+000
  7.2771e-002
  8.7094e-002
  1.2831e+001
  6.6659e-001
  9.2830e-002
  1.4603e+000
  3.4580e-001
  5.8293e-001
  1.2065e-001
  6.6164e-001
  5.3789e-001
  5.2411e-002
  3.9692e+000
  3.6472e-001
  4.6519e-002
  9.4155e-002
  3.5933e-001
  3.8146e-001
  7.5456e-001
  7.8501e-001
  8.7131e-002
  1.8115e-001
  1.4209e+000
  4.1027e-001
  6.5380e-002
  2.3754e-001
  1.0972e-001
  2.0541e-002
  1.3792e-001
  1.4330e-001
  1.5329e+000
  4.7963e-001
  1.1596e-001
  1.0529e-001
  1.2257e-001
  1.8216e-001
  5.1009e-001
  2.9616e-001
  1.3441e-001
  1.3732e-001
  4.1959e-001
  8.7543e-002
  2.2860e-001
  6.8517e-002
  1.1273e+000
  1.5308e-001
  4.8310e-001
  9.1136e-003
  5.0545e-001
  4.3538e+000
  7.3329e-002
  2.5448e+000
  8.4175e-002
  5.2316e-001
  3.0644e-002
  1.0090e-001
  3.2609e-002
  2.8650e-001
  6.6702e-001
  6.3676e-001
  2.1525e-001
  4.9793e-002
  3.1122e-002
  3.1410e-002
  6.5189e-003
  4.2358e-001
  8.9529e-002
  5.6936e-001
  5.8365e-001
  3.8671e+001
  3.0792e+000
  2.8375e-001
  1.1202e-001
  2.1383e-001
  2.4017e+000
  9.9623e-001
  2.9940e-001
  8.3408e-001
  3.6733e-001
  1.3362e-001
  2.0300e-001
  5.2977e-001
  1.5225e+000
  1.5758e-001
  2.7101e-001
  5.3038e-001
  2.5231e-001
  3.0029e-001
  1.0836e+000
  2.9528e+001
  2.2292e-001
  1.3144e-001
  5.2590e-001
  5.5108e-001
  6.3930e-001
  1.7400e+000
  2.3804e+000
  8.0257e-001
  4.9981e-002
  2.9248e-001
  5.6469e-002
  8.9098e-001
  3.6094e-001
  1.0074e+000
  3.8908e-002
  3.1498e-002
  6.4502e-001
  2.3918e+000
  1.8932e+000
  6.0233e-002
  3.2649e-002
  1.8600e-001
  2.6136e-001
  1.0269e-001
  3.2764e-001
  4.9016e-001
  1.3164e-001
  7.5750e-001
  1.1318e-001
  3.0572e-001
  4.6417e-001
  2.2990e-001
  2.7535e-001
  1.0943e-001
  3.3884e-002
  1.5265e-001
  1.6205e-001
  3.9819e-001
  1.5353e-001
  3.5573e-001
  4.1541e-001
  1.4431e-001
  3.3730e-001
  2.4750e-001
  3.0784e-002
  2.6169e-001
  7.1161e+000
  7.9752e-001
  2.9354e-001
  3.0921e-001
  3.0971e-003
  5.3566e-001
  3.9401e-001
  2.0124e-001
  2.8410e-001
  1.2143e+000
  6.7697e-001
  4.8075e-001
  1.0454e-001
  1.3044e+001
  1.0543e-001
  1.0128e-001
  1.0548e-001
  2.8294e-001
  4.7091e+000
  8.2708e-001
  3.3927e-004
  5.8568e-002
  2.7441e-001
  2.0699e-001
  1.9911e-001
  4.1581e-001
  3.6917e-001
  5.7608e-002
  1.0830e+000
  4.7712e-001
  4.3386e+000
  1.0714e-001
  7.7122e-001
  2.2600e+000
  8.5823e-001
  2.2843e-001
  4.8689e-001
  2.4055e-001
  2.0778e-001
  3.5476e-001
  5.9761e-005
  1.5290e+000
  7.8800e-002
  5.0297e-001
  2.4762e-001
  2.0350e-001
  1.8061e-001
  2.4178e-002
  8.8627e-001
  8.2325e-002
  2.4915e-001
  7.4206e-002
  4.8099e-001
  5.5438e-001
  1.6204e-001
  5.9853e-001
  1.8417e-001
  2.6053e-001
  4.3238e-001
  2.8439e-001
  7.7895e-002
  4.0091e-002
  3.4993e-001
  1.2931e-001
  3.8636e-001
  3.2997e-001
  4.3145e-001
  2.7127e-001
  1.7911e-001
  1.9768e-001
  3.8290e-001
  1.3422e-001
  5.9968e-001
  3.0996e+000
  4.9725e-001
  2.7759e+000
  1.4433e-001
  3.7292e-001
  1.2019e+000
  2.9996e-001
  2.6784e-002
  4.0704e-001
  4.4337e-001
  1.2464e+000
  2.7561e-001
  1.8689e-001
  8.6466e-001
  5.3152e-002
  9.1954e-002
  2.0855e-001
  2.7967e-001
  2.4446e+000
  2.8694e-003
  2.2086e-002
  3.6594e-002
  1.8151e-002
  8.4166e-001
  8.0282e-001
  1.0081e+000
  4.9528e-002
  5.8192e-002
  6.8831e-001
  7.8026e-001
  6.2731e-001
  8.3985e-003
  8.8420e-002
  1.4626e+000
  2.4577e-001
  7.1302e-001
  3.4178e-002
  5.6614e-001
  4.6168e-001
  3.3190e-001
  1.9137e-001
  4.6610e-002
  6.8542e-002
  1.2054e-002
  2.7862e-001
  5.5154e-001
  3.0458e-001
  2.0777e-001
  9.0137e-001
  2.4288e-001
  2.9535e-002
  8.6184e-001
  5.4299e-001
  4.4203e-001
  2.8135e+000
  2.3585e-001
  1.3685e-001
  1.8936e+000
  8.4059e-001
  2.8816e+000
  3.0784e-001
  3.9838e-001
  2.5095e-001
  5.3237e-001
  2.7535e-001
  3.4680e-001
  4.9254e-001
  2.3863e-001
  1.1585e-001
  2.9531e-001
  2.0821e+000
  3.2085e-001
  5.9656e-001
  1.8143e+000
  4.3271e-001
  2.6895e-002
  8.6629e-002
  1.8088e+000
  2.4256e-001
  1.0776e+000
  2.2201e-001
  4.3548e-002
  2.0356e-001
  2.4455e-001
  1.9143e-001
  6.4618e-001
  2.4243e-001
  1.0722e-001
  4.7161e-001
  3.8038e+000
  3.0732e-001
  2.2097e-001
  5.8328e+000
  3.4051e-001
  8.6091e-001
  5.0506e-001
  2.8668e-003
  4.0416e-001
  1.2018e+000
  1.6335e-001
  1.4310e+000
  5.6376e-001
  2.5597e-001
  2.9590e-001
  2.2524e-001
  2.8481e+001
  9.9651e-002
  9.5539e+000
  7.2164e+000
  1.2774e-001
  2.7986e+000
  1.3330e+000
  1.7587e-001
  1.6365e-001
  7.4037e-001
  6.7217e-002
  6.3229e-003
  3.9465e-002
  1.2194e-001
  5.3140e-002
  7.7321e-002
  5.1175e-001
  2.2578e-002
  4.9496e-001
  3.0705e-001
  5.9668e-001
  9.2427e+000
  8.4259e-001
  1.5468e-001
  1.6661e-001
  1.5557e-001
  1.2764e+000
  4.7568e-001
  2.6238e-002
  1.0915e+000
  3.1505e-001
  9.8220e-001
  5.6575e-002
  2.3442e-001
  3.9082e-001
  3.3959e-002
  9.8642e-002
  2.8155e-001
  1.9938e-001
  3.8573e-002
  2.3254e-001
  6.2555e-001
  6.2101e-001
  8.8694e-002
  7.5833e-003
  4.6343e-001
  2.1116e-001
  6.5127e-001

