    1.7695
    0.7401
    0.1911
    0.0288
    1.6198
    0.5904
    0.8929
    1.7155
    0.0417
    0.2645
    0.2383
    1.2611
    1.6675
    2.6818
    1.6079
    0.4462
    0.1434
    0.5202
    0.0843
    0.1865
    0.7349
    0.3609
    3.3438
    0.4836
    0.0085
    1.9185
    0.2027
    0.1227
    0.4467
    0.0355
    2.1589
    2.2664
    1.2735
    0.3319
    0.0098
    0.4502
    0.3557
    0.0744
    0.4447
    0.2626
    0.1237
    0.0981
    1.2621
    0.2696
    0.0716
    0.4107
    1.0587
    0.2410
    1.0226
    2.6578
    0.5726
    2.6532
    0.2514
    1.8993
    1.1537
    0.1438
    1.4987
    1.1973
    0.0925
    3.7164
    0.4835
    0.0871
    0.7123
    1.0044
    0.1678
    0.6836
    1.5597
    2.2026
    4.5949
    0.7795
    1.3668
    0.4804
    2.1742
    0.0632
    0.2267
    0.7935
    1.0710
    0.4458
    0.2455
    0.6198
    0.5474
    0.7486
    0.2538
    0.1778
    0.0802
    2.2910
    4.4205
    0.4133
    1.0098
    0.6265
    1.4653
    2.5954
    0.1514
    0.4542
    0.1731
    0.2883
    1.2570
    0.0061
    1.5987
    1.9714
    3.6552
    1.6129
    0.6254
    0.5036
    0.2861
    0.2019
    1.2054
    0.5967
    0.4826
    0.3677
    0.3332
    1.3924
    0.3179
    0.2176
    0.9151
    3.0685
    0.2615
    0.3334
    0.1709
    1.7864
    0.3112
    0.7210
    1.5911
    0.1713
    0.8389
    1.9764
    0.5738
    0.2025
    0.2943
    3.4680
    0.2217
    0.4361
    0.1621
    0.4096
    0.8776
    1.6544
    0.6000
    0.1486
    1.7862
    3.3836
    2.6282
    0.0657
    2.9338
    0.0379
    0.4330
    1.2016
    0.7113
    3.7063
    0.0325
    1.9806
    1.3606
    0.0719
    1.4211
    2.2987
    2.5350
    0.0904
    1.4849
    0.0342
    0.0295
    0.8410
    0.1107
    0.2765
    0.1066
    0.7487
    0.1919
    0.5569
    0.7152
    4.5876
    0.3287
    0.4984
    2.3516
    0.4694
    0.0459
    0.0601
    1.8060
    0.6744
    0.0317
    1.1224
    2.6187
    0.2586
    0.3792
    1.4717
    1.1578
    0.1819
    0.5369
    1.1768
    0.5234
    0.0494
    0.2568
    0.3049
    0.7933
    0.5078
    1.1110
    0.4290
    0.2018
    0.9159
    3.3768
    0.8563
    0.2332
    3.3296
    0.1231
    1.7197
    0.1027
    0.0900
    0.4989
    3.0251
    0.1801
    0.2216
    2.9874
    1.0289
    0.0173
    1.3110
    0.9218
    1.2564
    0.1023
    1.4304
    0.3511
    0.0105
    0.6205
    1.3039
    0.0772
    1.8451
    1.1574
    0.8030
    0.3774
    0.5610
    0.5280
    0.8930
    0.3731
    2.5705
    0.0933
    2.8838
    2.0327
    1.6677
    0.0269
    1.0276
    0.8872
    2.0035
    1.1633
    0.5352
    0.0051
    0.4195
    0.1282
    0.4618
    1.7389
    0.1024
    0.2343
    0.1508
    0.3001
    0.4992
    0.0962
    0.4997
    1.7061
    0.6217
    0.1690
    0.1484
    0.6005
    0.1529
    1.3477
    0.0152
    1.0752
    0.1563
    0.6284
    0.8254
    0.7129
    3.2538
    0.4818
    2.2240
    3.0555
    0.0255
    2.2074
    0.3839
    0.1181
    0.1554
    0.9810
    1.5800
    0.1049
    0.4690
    0.2444
    5.1203
    1.1001
    0.2811
    0.1354
    3.1556
    0.2017
    1.6756
    0.0778
    0.4836
    1.3560
    1.4695
    0.2768
    0.6914
    0.5673
    1.7355
    0.3748
    1.7685
    0.2316
    1.0687
    0.0934
    1.2297
    0.3716
    0.1493
    2.0622
    2.9842
    1.8223
    0.4716
    2.3053
    0.2690
    1.9893
    0.0985
    0.3537
    2.5429
    0.5489
    1.6086
    0.8768
    0.9200
    0.0331
    2.5064
    2.1244
    0.5356
    4.3492
    1.1066
    0.5632
    2.2743
    0.6144
    0.5024
    1.5082
    0.0943
    0.2765
    3.5943
    0.7185
    0.1483
    0.2411
    0.0471
    0.0934
    0.5199
    0.7514
    0.9175
    0.0384
    0.4110
    2.5428
    0.1227
    0.6357
    0.0187
    0.6606
    0.7609
    0.2362
    0.7875
    0.2794
    0.1087
    2.7604
    3.3677
    0.4670
    0.4597
    1.5434
    1.1005
    0.0075
    0.8900
    0.3110
    0.0389
    0.7741
    0.2482
    0.4122
    1.9696
    0.9416
    1.1570
    1.2707
    1.4216
    0.3284
    2.8233
    0.0965
    0.8438
    0.7488
    0.0174
    1.6359
    0.4487
    2.6518
    2.7866
    0.1409
    0.0723
    1.5299
    1.0720
    0.3310
    0.1054
    1.3258
    0.2095
    3.8200
    1.2964
    0.7656
    1.6035
    0.7173
    0.6488
    2.6702
    0.2542
    0.5373
    0.9277
    0.0739
    1.4306
    0.3283
    0.5983
    0.1569
    2.3637
    1.0267
    1.9191
    0.9817
    1.0406
    0.8105
    0.1724
    0.3313
    2.2436
    0.4467
    2.9184
    0.1296
    1.1972
    0.0030
    0.0677
    0.2425
    0.5200
    0.4775
    1.4159
    3.3433
    1.2324
    0.3935
    0.1458
    0.5656
    0.5439
    1.9752
    0.9734
    0.2704
    0.2791
    0.6075
    7.8671
    2.1784
    0.1015
    0.0794
    3.9205
    0.4722
    0.5286
    0.0388
    0.6344
    0.2241
    0.0195
    0.5444
    1.0424
    0.7262
    0.6950
    1.8575
    0.2163
    0.1505
    1.0870
   10.0915
    1.2279
    1.1121
    0.2218
    2.1732
    0.4818
    3.4746
    0.0950
    0.2466
    0.2563
    0.8498
    0.4971
    0.9276
    1.0107
    1.4812
    0.6581
    1.5985
    0.4086
    0.2689
    0.7738
    0.3866
    3.1729
    6.9371
    0.0257
    0.5103
    0.4026
    0.8766
    0.6807
    0.5235
    1.1080
    0.2439
    0.2177
    1.1111
    0.2476
    0.0905
    0.0862
    0.4366
    0.5985
    0.0452
    0.4054
    0.3625
    0.1007
    0.1390
    3.2874
    0.7416
    3.7252
    0.5537
    1.7469
    1.3557
    0.4518
    1.9799
    0.7732
    0.8697
    0.0223
    1.0828
    0.7067
    1.5620
    0.1842
    1.3744
    2.1515
    0.2085
    0.4622
    1.2244
    0.3475
    0.9854
    0.0124
    0.3280
    0.6889
    0.4698
    0.3008
    0.2584
    1.1020
    1.2426
    0.6058
    0.4377
    0.3377
    1.3819
    0.0794
    0.0115
    0.0156
    4.2481
    0.4669
    0.3044
    5.1721
    0.6387
    1.1093
    0.4369
    0.4829
    1.6043
    4.3341
    1.8784
    0.2779
    2.0130
    0.0396
    0.0849
    1.0063
    0.2371
    0.1708
    2.3851
    0.4953
    0.4515
    0.0315
    1.0769
    2.7274
    0.5162
    0.9344
    1.8355
    0.1190
    1.4015
    0.8206
    0.1611
    0.5958
    0.3227
    1.7910
    0.2131
    0.0591
    0.2845
    0.5128
    0.5399
    0.6639
    0.0584
    0.0308
    0.2679
    1.6184
    0.9051
    0.7009
    0.7964
    0.4889
    1.6255
    0.6604
    0.2970
    2.9442
    0.4178
    0.7895
    0.3624
    0.5776
    0.2304
    2.4580
    0.4784
    0.4674
    0.5226
    0.1202
    0.1193
    0.3151
    1.6116
    0.1293
    2.0831
    0.6134
    0.4152
    0.4032
    0.1593
    0.0351
    0.2468
    0.8005
    0.0711
    0.4817
    0.3223
    0.8215
    0.2960
    1.2980
    0.0759
    3.1391
    4.3282
    0.7294
    0.4920
    1.1935
    1.2050
    1.9786
    0.6799
    1.2760
    0.7123
    0.0458
    0.2073
    1.6085
    2.7212
    0.4167
    0.6328
    2.9301
    0.8675
    0.3100
    0.0538
    1.5136
    1.1228
    0.4563
    0.2044
    0.0569
    2.4931
    1.2774
    1.1872
    2.1027
    1.1780
    0.9811
    0.4362
    0.0436
    0.4354
    0.5946
    1.9170
    0.8055
    2.6293
    2.8054
    0.3396
    0.2113
    3.7049
    0.8069
    2.3193
    0.3799
    1.2552
    1.6179
    0.8012
    1.1111
    0.1211
    0.0208
    0.3445
    0.5635
    1.1630
    0.8095
    0.0594
    4.0411
    0.6176
    0.1797
    1.7193
    0.3639
    0.1122
    0.1681
    0.5638
    4.0860
    1.8693
    2.2630
    0.9708
    0.0875
    0.6591
    0.1346
    0.7876
    0.2947
    0.7980
    1.3718
    0.5016
    1.7679
    0.6112
    1.6165
    0.9884
    1.3675
    0.0855
    2.6036
    0.5546
    0.0200
    2.2850
    5.3153
    0.4292
    2.6473
    1.5809
    1.0976
    1.2355
    7.1411
    1.1747
    0.4902
    3.0280
    0.0573
    1.4702
    1.3088
    2.3186
    0.6041
    0.0063
    0.4082
    1.7269
    1.8601
    0.2322
    0.6419
    1.1384
    0.2990
    0.0954
    1.3651
    0.4392
    1.3772
    0.1259
    1.5863
    1.1475
    1.6778
    4.1553
    1.2805
    3.9982
    0.0187
    0.8110
    0.8691
    2.1761
    4.3372
    0.8800
    1.6003
    0.3812
    1.3328
    0.3734
    0.9506
    0.1269
    1.3496
    0.5570
    1.2359
    0.4589
    0.3255
    0.1629
    1.9814
    0.1584
    0.1968
    0.0271
    0.5465
    0.0836
    0.2974
    3.0741
    0.9503
    1.6120
    0.3619
    0.5571
    0.1924
    0.6123
    0.1683
    1.1331
    2.3874
    1.5522
    2.5827
    0.8415
    0.8316
    1.1403
    0.5416
    1.6786
    0.4850
    0.4539
    2.8429
    0.2615
    0.4585
    0.1115
    0.6862
    0.1590
    1.9413
    1.5433
    0.2846
    0.3350
    0.3611
    4.3629
    0.0915
    0.5915
    1.2430
    0.3351
    0.7528
    0.3700
    0.1316
    0.4719
    0.0733
    1.4096
    0.4277
    1.2086
    0.4864
    0.3516
    0.7789
    1.0532
    0.4300
    0.3354
    1.0534
    0.0907
    0.2083
    1.3608
    0.1242
    2.8692
    0.4977
    0.7865
    0.6410
    0.7390
    0.0028
    0.8382
    1.0635
    0.4808
    0.9715
    0.1806
    1.6951
    1.5910
    3.5178
    1.2441
    0.0950
    0.3149
    1.2888
    0.8229
    0.0248
    0.4055
    0.2781
    2.4719
    2.3582
    0.3551
    0.4951
    1.3753
    0.3502
    2.9781
    0.3851
    1.1335
    0.1196
    0.3201
    0.4975
    0.3540
    1.4008
    1.1771
    0.6386
    2.3759
    1.0049
    0.2002
    1.3895
    0.0761
    1.2477
    1.9362
    1.0660
    3.3533
    0.2096
    0.2890
    0.8504
    0.1203
    0.0509
    0.4069
    1.1396
    0.4682
    0.5048
    0.3732
    0.1063
    2.2578
    0.7117
    2.0601
    2.0807
    2.3806
    0.6045
    2.2644
    1.3057
    3.9636
    1.3848
    0.6111
    0.8127
    0.3388
    0.0065
    1.2320
    0.3636
    0.0548
    0.1255
    0.7138
    0.7543
    7.0311
    0.6506
    2.8677
    1.7985
    0.2243
    2.6306
    1.0195
    0.5661
    1.3416
    2.6865
    1.3748
    1.0669
    0.9968
    0.0451
    0.5117
    2.1740
    0.3557
    0.1661
    0.8289
    1.3571
    0.2553
    1.6049
    1.9916
    0.6467
    0.1396
    0.7284
    0.2354
    0.4945
    0.0824
    0.2907
    4.0953
    0.1066
    0.5390
    1.4899
    0.4859
    4.3223
    0.5106
    0.9414
    1.5866
    0.0593
    1.1767
    0.0368
    0.3933
    1.1915
    2.1480
    0.5735
    0.8706
    1.8482
    0.1865
    0.0806
    3.4282
    1.9825
    0.2896
    0.9551
    0.4542
    0.6657
    1.3699
    0.4283
    0.2458
    1.2513
    0.0632
    0.5005
    3.4943
    0.1227
    0.3114
    0.0349
    2.6353
    0.2553
    1.8550
    1.8082
    0.1483
    0.0110
    0.3750
    0.9280
    0.7576
    0.5517
    0.5771
    0.2605
    0.0693
    1.6364
    0.7307
    0.0217
    1.2212
    1.1610
    0.3741
    0.0423
    1.4517
    0.0336
    2.3899
    0.0538
    0.4686
    0.3344
    1.4481
    1.7646
    2.2359
    0.1597
    0.8779
    1.2218
    1.3772
    0.9734
    1.1485
    2.8927
    0.4743
    3.3006
    0.0620
    0.3319
    0.1008
    0.9408
    2.2964
    1.5925
    2.8759
    0.0318

