  4.6664e+000
  1.1481e+000
  1.4762e+000
  3.7431e+000
  1.7281e+000
  2.9153e-001
  5.2933e-001
  3.7364e-001
  2.5807e+000
  1.4032e-002
  2.4325e-001
  7.3270e-001
  8.4330e-001
  7.2291e-002
  3.5896e-001
  5.8178e+000
  7.2243e+000
  4.1471e-003
  3.6746e-001
  1.2760e+000
  8.7991e-001
  1.6855e-001
  3.2752e-001
  6.6684e-001
  3.3066e-001
  2.4763e-001
  6.5815e-001
  1.8268e-002
  8.6598e-001
  1.3255e-002
  1.4423e-001
  2.5936e-001
  3.1085e-002
  1.5087e-001
  4.5408e-001
  7.3574e+000
  7.6162e-001
  6.8350e+000
  4.0272e-001
  2.1227e-001
  6.3615e-001
  1.0161e-001
  8.7862e-001
  8.5958e-001
  3.1592e-001
  5.0272e-001
  3.3924e-002
  4.0264e-002
  4.1290e-002
  1.8773e+000
  1.1708e-001
  1.2724e+000
  1.5469e-001
  1.3679e+000
  1.6373e+000
  9.1430e-001
  6.7170e+000
  5.2756e-001
  5.6725e-001
  2.5854e-001
  3.2059e-002
  1.8135e-001
  3.2224e-002
  8.4154e-001
  3.9096e-001
  7.9015e-001
  3.7254e-001
  2.0734e+000
  2.4208e-001
  2.8629e-001
  4.1214e-001
  7.2408e-001
  3.8594e-002
  2.3951e+000
  1.5337e-001
  3.9509e+000
  2.1304e-001
  2.4093e-001
  1.8439e-001
  1.3530e-001
  1.6830e-001
  5.0853e-001
  6.6191e-001
  5.5644e+000
  5.2721e-001
  1.1258e+000
  3.0833e-001
  1.4526e+000
  1.2641e-001
  9.6678e-001
  2.6465e-001
  2.9110e+000
  1.8371e-001
  4.2566e+000
  3.8716e-001
  9.6061e-002
  1.3213e-001
  2.5429e+000
  2.3085e-001
  2.4140e-001
  3.6437e+000
  3.0925e-001
  2.2465e-001
  4.0125e-001
  7.7565e-001
  2.2597e-001
  3.1719e-001
  1.6043e+000
  5.3695e-001
  3.8436e+000
  1.1128e+000
  2.6200e-001
  5.8141e-001
  6.3110e-002
  2.5043e-001
  2.4568e+000
  1.4091e+000
  4.0227e+000
  4.6915e-002
  4.0117e+000
  1.2181e+000
  2.1601e+000
  3.6146e-001
  1.5714e-001
  1.3778e-001
  2.4991e-002
  5.3722e-001
  2.7513e+000
  3.7016e-001
  2.5331e-001
  2.4537e-001
  6.5901e+000
  5.2738e-001
  1.0873e-001
  1.2538e-001
  6.4462e-002
  6.0137e-002
  2.3522e+000
  4.2441e-001
  3.6502e-001
  2.3265e-001
  3.2452e-001
  2.7322e+000
  4.7043e-001
  4.8684e-002
  6.6268e-001
  7.2345e-001
  2.6336e-001
  1.1007e-001
  3.3255e-001
  2.3523e+000
  9.6243e-002
  6.4051e-001
  3.8578e-001
  2.8227e-001
  6.2136e+000
  8.9710e-001
  3.2619e+000
  3.2159e-001
  2.1258e-001
  6.5405e-002
  9.8011e-002
  1.2643e-001
  2.9865e+000
  1.5636e+000
  9.4650e-001
  4.6612e-001
  6.4311e+000
  8.8562e-001
  4.9277e-001
  1.4834e-001
  3.7616e+000
  3.2673e-001
  3.0628e-001
  3.4457e-001
  3.4865e-001
  7.9217e-001
  8.7940e-001
  4.8159e+000
  1.6261e-001
  1.4667e-001
  2.4866e-001
  2.4396e-002
  9.6213e-001
  4.2159e+000
  1.7596e-001
  1.0468e+000
  1.0642e+001
  9.3674e-001
  2.2364e+000
  1.3470e+000
  5.9543e-001
  4.4888e-001
  3.4188e-001
  1.0262e+000
  1.0913e+000
  2.7255e+000
  3.1274e+000
  1.6113e-001
  7.9770e-002
  1.0292e-001
  3.4764e-002
  5.1187e-001
  6.4480e+000
  3.1531e-001
  2.2972e-001
  8.0700e-001
  3.7150e-001
  2.2385e+000
  2.5513e-001
  5.9361e-002
  3.6748e-002
  1.2629e+000
  1.9523e-001
  9.0011e-002
  3.4370e-001
  2.3131e-001
  5.5965e-002
  5.5746e-002
  1.1139e+000
  4.5595e-001
  2.1068e+000
  2.4092e+000
  7.8572e-001
  7.1755e-002
  6.9757e-001
  3.3053e-001
  4.5178e-001
  1.8033e-001
  5.1199e-001
  1.4481e-001
  2.5803e-001
  1.0716e+000
  3.4181e-001
  2.8196e-002
  1.2452e+000
  3.9242e-001
  6.0016e-001
  3.1554e-001
  5.2886e-001
  1.6202e+000
  3.3857e-001
  1.5477e+000
  1.7048e-001
  1.9891e+000
  1.0871e-002
  2.7020e-001
  3.0840e+000
  1.0048e-001
  1.0621e-001
  4.8720e-001
  1.1484e+000
  3.1389e-001
  1.8806e+000
  4.2912e-002
  8.3546e-001
  2.2496e-001
  5.7057e-002
  1.6889e-001
  3.7365e+000
  6.6054e-001
  1.0696e+000
  1.8013e-001
  4.4624e-002
  9.0175e-002
  6.2924e-001
  3.6585e-002
  3.0905e-001
  2.9980e-001
  3.4820e-001
  4.8711e-001
  1.1713e+000
  1.1784e-002
  8.8159e-003
  2.6320e-001
  1.0956e+000
  7.8888e-001
  8.0880e-001
  3.1334e+000
  8.2291e-002
  1.0238e-001
  8.2099e-002
  1.7149e+000
  5.0326e-002
  5.3368e-001
  1.5091e-001
  6.4574e-001
  6.7056e-002
  1.2081e-001
  2.1207e-001
  1.9525e+000
  1.5441e-001
  3.3174e-001
  3.0344e-002
  8.7857e-001
  2.0421e+000
  3.8162e-002
  1.4404e-001
  1.8477e-001
  8.0772e-001
  4.4959e-001
  2.8440e-001
  7.8937e-001
  3.9576e-001
  7.1310e-001
  4.7146e-001
  4.6740e-002
  6.7794e-001
  2.2194e+000
  1.5465e+000
  2.8779e+000
  3.3173e-001
  2.6974e-001
  1.9336e-001
  1.9143e-001
  2.1359e-001
  1.6753e-001
  3.3241e+000
  3.2088e+000
  1.2089e-005
  1.3556e-001
  5.2381e-001
  3.4863e-001
  1.4037e-002
  7.8687e-002
  2.5566e+000
  5.0893e-001
  1.3552e-001
  1.2880e+000
  3.7727e-002
  1.1960e+000
  6.3847e-001
  8.6885e-002
  1.7224e+000
  6.5673e-002
  2.2465e-001
  2.4979e+000
  1.3321e-001
  2.3611e-001
  4.3796e-002
  4.2343e-003
  7.7278e-002
  8.9555e-002
  3.5703e-001
  5.0850e+000
  7.7938e-002
  9.1444e-002
  3.7490e-001
  1.3356e-001
  5.8723e-001
  3.9088e+000
  8.3351e-001
  5.7696e-001
  8.2914e-001
  2.3303e+000
  3.8292e-001
  3.7448e-001
  6.3298e-001
  9.0209e-002
  1.6608e-002
  3.9059e-001
  1.0506e+000
  1.4994e+000
  2.2470e-001
  9.5187e-002
  2.1511e+000
  2.1418e+000
  1.1350e+000
  1.7923e-001
  5.9405e-002
  9.1295e-002
  9.9489e-002
  5.4695e-002
  1.9826e+000
  3.1382e-001
  3.7449e-001
  1.9072e-001
  1.1334e-001
  8.1823e+000
  1.1338e-001
  2.8293e-001
  1.3705e-002
  1.8978e+000
  1.2222e+000
  2.6286e-001
  1.0018e+000
  8.4987e-001
  6.6804e-001
  3.4678e+000
  5.3556e+000
  3.3374e+000
  3.0244e-001
  2.9832e-001
  4.2070e-001
  3.9095e-002
  1.4741e-001
  9.1832e-001
  5.4875e+000
  1.6135e+000
  2.6608e+000
  3.3872e-001
  1.6886e-001
  4.1450e-001
  4.4006e-001
  1.5134e-001
  5.0229e-002
  1.0211e+000
  5.5135e-003
  1.6031e-001
  1.3125e+000
  7.5179e-001
  2.2848e-001
  1.0302e+001
  4.8861e-001
  1.1674e+000
  8.8631e-001
  8.2666e-002
  2.3536e-001
  1.2562e-001
  3.7242e-001
  6.7057e-001
  3.4539e+000
  1.2134e-001
  4.9609e-001
  4.4089e-002
  1.8441e-001
  9.3935e-001
  3.5026e-003
  2.5417e-001
  2.1473e+000
  5.7904e-001
  3.6766e-001
  1.4071e-002
  5.4084e-001
  1.0272e+000
  5.3568e+000
  3.9549e-001
  6.1295e+000
  9.7988e-001
  1.5988e-001
  7.3154e-001
  4.6307e-001
  6.5819e-001
  6.0449e-001
  5.8487e-001
  7.0674e-002
  4.7991e-001
  6.0485e-001
  1.6184e-001
  3.8187e+000
  3.6571e-001
  9.1431e-001
  1.2232e+000
  5.2388e-002
  1.8683e-002
  9.7567e-002
  3.1945e-001
  5.7340e-002
  1.6184e+000
  4.0562e-001
  3.9005e-001
  1.0588e-001
  2.0648e-001
  3.2917e+000
  6.1098e-001
  2.9754e+000
  6.3486e-001
  6.2159e-001
  8.0203e-002
  4.5838e-001
  3.5277e-001
  5.6941e-002
  8.3657e-002
  1.9124e+000
  1.9294e-001
  9.3759e+000
  6.0265e-001
  1.2271e-001
  1.4727e+000
  8.0819e-001
  2.8996e+000
  4.8306e-001
  3.8998e-001
  2.7497e-001
  3.1311e-001
  2.2528e+000
  1.8947e-001
  2.4239e-001
  2.4277e-002
  3.3157e-001
  2.6852e-001
  2.4325e+000
  9.6051e-001
  1.5012e+000
  8.8112e-001
  4.4988e-001
  7.6475e-001
  1.4076e-001
  9.7795e-003
  2.1554e-001
  1.5807e-001
  2.0477e+000
  1.7373e-001
  1.2919e+000
  1.1661e+000
  7.0181e-001
  8.0821e-002
  3.1210e+000
  1.7895e-001
  1.4562e-001
  2.1280e+000
  1.0161e+000
  9.5284e-002
  3.5688e-001
  6.1694e-002
  2.8257e-001
  7.1552e-001
  1.1474e-001
  7.5457e-001
  4.5459e-001
  2.7506e+000
  5.9663e-001
  1.5037e-001
  5.1351e-001
  1.0341e-001
  5.1324e-001
  1.2601e+000
  7.1755e+000
  6.0233e-001
  3.6468e-001
  8.5508e-001
  2.4670e-001
  5.7064e-001
  2.7991e+000
  4.4003e-001
  5.3432e+000
  2.1660e-001
  1.6584e+000
  1.4782e+000
  3.7621e-002
  2.6180e+000
  3.0753e+000
  2.9361e-002
  1.5886e-001
  2.9746e+000
  2.4298e-001
  1.8156e-002
  1.7370e-001
  5.5952e-001
  9.8520e-001
  1.5191e-001
  3.1041e+000
  5.0491e+000
  1.0877e-001
  3.3252e+000
  5.4373e+000
  2.6293e-001
  4.2730e-002
  6.0253e-001
  1.4717e+000
  5.3106e-001
  1.6663e-001
  1.5630e-001
  5.9315e-001
  8.5410e-001
  4.4473e-002
  3.4331e-001
  1.7515e+000
  1.3437e+000
  5.1629e+000
  3.5112e-001
  6.7266e-002
  4.6917e+000
  7.0808e-001
  7.2664e-001
  8.8181e-002
  6.3464e-001
  1.7982e+000
  1.0714e+000
  3.2887e-001
  7.3299e+000
  1.9943e-001
  3.7267e-001
  2.4250e+000
  4.5488e+000
  8.0267e-002
  1.8633e+000
  1.2581e-001
  5.3875e-001
  2.5665e-002
  7.7222e-002
  2.0440e+000
  6.1667e-001
  4.6852e-001
  5.5668e-001
  9.4558e-002
  6.9492e-002
  5.6147e-001
  2.2726e-001
  5.2516e-001
  6.5355e-001
  2.8471e-001
  1.4610e-001
  1.5203e-001
  3.7935e-001
  2.1288e+000
  1.5667e+000
  1.5741e-002
  1.2852e+001
  3.3933e-001
  1.3880e+000
  3.1423e-002
  4.0109e+000
  3.6015e-001
  1.7229e-002
  5.6421e-001
  1.2052e+000
  1.0122e+000
  9.4369e-001
  5.3324e-002
  8.0227e-002
  2.4093e+000
  9.8235e-002
  4.4446e+000
  1.9636e-001
  1.0652e+000
  3.0723e+000
  9.1529e-002
  5.2233e-001
  1.8448e-001
  8.7417e-002
  1.8689e+000
  6.4484e-002
  6.3644e-003
  2.2885e-001
  9.1294e-001
  6.1621e-001
  4.0741e-003
  1.8047e-001
  8.0431e-002
  1.6503e-001
  6.7515e-001
  1.7681e-001
  2.8677e-001
  2.1592e+000
  4.6866e+000
  6.6766e+000
  2.9745e-002
  2.9342e-001
  1.0255e+000
  1.2223e-001
  3.7900e+000
  9.1809e-002
  1.3619e+000
  2.4270e-001
  2.2904e-001
  1.6422e-001
  8.0393e-001
  3.5018e-001
  1.7555e-001
  7.7388e-002
  2.4597e-001
  3.0620e-001
  7.2642e-003
  7.1446e-001
  3.7881e-001
  4.8458e-001
  9.8496e-001
  9.9558e-002
  8.8416e-002
  4.8652e-001
  2.0075e-001
  4.3059e-001
  2.0469e-002
  2.7679e-002
  1.2894e+000
  3.4755e-002
  5.0675e-001
  8.9659e-001
  2.7497e-001
  8.8161e-001
  6.5143e-001
  8.4840e-001
  1.6179e-001
  4.8972e-001
  6.1610e-001
  1.3349e-002
  4.9993e-002
  6.5552e-002
  1.7118e-001
  4.1824e-001
  1.4857e-001
  2.7344e-001
  1.4173e-002
  5.9657e-002
  2.6018e-001
  2.8727e+000
  3.2507e+000
  3.1799e-001
  3.7347e+000
  2.9436e+000
  1.3171e-001
  9.2775e-001
  2.1841e+000
  7.2419e-002
  9.3045e-001
  1.3833e-001
  1.1516e-002
  5.9726e-002
  2.9356e-001
  9.0792e-002
  3.5107e-001
  7.1077e-001
  6.0976e-001
  7.1184e-001
  2.4655e-001
  1.5190e-001
  4.8946e-001
  2.8749e-001
  3.1129e-001
  9.2819e-001
  1.9008e-001
  2.3666e+000
  9.0363e-001
  4.4892e-001
  4.7134e-001
  4.6255e-002
  5.5174e-001
  1.3275e-001
  1.9064e+000
  1.1491e-001
  7.9381e-002
  4.8183e+000
  1.5499e-001
  6.5895e-001
  3.7511e-001
  2.5851e-001
  2.4048e-001
  7.5589e+000
  2.7775e-001
  3.6559e-001
  4.2630e-001
  6.8905e-002
  2.4074e+000
  4.0347e+000
  4.9144e-001
  4.8624e-002
  2.1575e-001
  8.9148e+000
  2.5905e-001
  6.1059e-001
  9.2041e-002
  8.1477e-001
  2.9601e-001
  3.1728e-001
  8.9236e-002
  1.7095e-001
  7.8115e-001
  3.8960e-001
  1.3655e-001
  2.1990e-001
  4.4238e-001
  1.1248e+000
  7.3095e-001
  2.1545e-001
  3.8122e-001
  5.0490e-001
  2.7425e-001
  1.8368e+000
  4.5921e-001
  3.4990e-001
  1.0527e-001
  7.3511e-001
  2.0559e-001
  8.7943e-003
  6.1954e+000
  7.0908e-001
  2.2945e+000
  3.4886e-001
  5.7003e-001
  3.4475e-002
  2.0321e-002
  6.9772e+000
  3.4102e+000
  4.4050e-001
  4.1755e-001
  1.9931e-001
  4.3136e-001
  9.1847e-002
  3.5404e-001
  4.1178e-001
  2.8975e+000
  2.3160e-001
  6.7885e-001
  4.9699e-001
  1.8779e-001
  6.0362e-001
  4.2985e+000
  3.7578e-001
  2.6725e+000
  2.2061e+000
  1.0005e-001
  1.0348e-001
  3.9675e-001
  2.8926e-001
  1.2669e-001
  3.9376e-001
  2.8383e+000
  5.1547e-001
  2.5410e+000
  1.5157e-001
  2.4964e-002
  2.5417e+000
  3.4040e+000
  3.7029e+000
  4.6203e-001
  4.6964e-002
  1.0137e-002
  5.1706e+000
  8.7680e-001
  3.1089e-001
  7.8653e-001
  5.8667e-002
  1.4914e+000
  6.9838e-002
  1.1561e-003
  2.1821e-001
  1.1522e-001
  2.7012e-001
  9.6223e-001
  6.3576e-002
  1.6162e-001
  5.7900e-001
  9.2510e-001
  8.8168e-001
  5.3736e+000
  4.4924e-001
  1.9969e+000
  7.7210e-002
  2.1111e-001
  1.0769e+000
  1.0561e-001
  1.4224e-002
  8.2616e-002
  5.2772e-001
  3.4864e+000
  4.0882e+000
  6.5748e+000
  1.6784e-001
  2.6051e-001
  8.2195e-001
  4.1928e-001
  1.0248e+000
  1.0338e-002
  8.5974e-001
  2.6892e+000
  8.8079e-001
  1.2894e+000
  2.0663e-001
  4.7578e-002
  2.3755e+000
  1.6320e+000
  4.8635e-002
  6.1014e-001
  2.7863e+000
  8.4902e-001
  1.7031e+000
  2.9458e-001
  2.4611e-001
  9.2470e-001
  2.9226e+000
  3.3035e-001
  1.0258e-001
  9.2789e-002
  1.2635e-001
  3.0114e-002
  1.0103e+000
  1.5655e+000
  5.6364e-002
  6.9434e-001
  1.8792e-002
  1.3523e-001
  2.8858e-002
  3.3364e-001
  4.1676e-002
  1.5880e+000
  4.6561e+000
  1.0449e-001
  1.7534e+000
  1.9325e+000
  3.2123e-001
  7.8504e-001
  2.3175e-001
  1.9884e-001
  1.4779e+000
  5.7840e-001
  9.8189e-002
  9.3108e-002
  4.3905e-001
  8.8159e-001
  6.7941e-001
  1.3217e+000
  1.7400e-001
  1.4020e-001
  1.1411e-001
  4.2653e-001
  1.8303e-001
  3.6661e+000
  5.1775e-001
  2.5226e-001
  4.5060e+000
  2.4367e-001
  9.4522e-001
  1.9899e-001
  2.7538e-001
  3.6296e-001
  1.1462e+000
  1.4239e-001
  2.2167e-001
  5.6935e-001
  3.5381e-001
  4.1573e+000
  1.9315e+000
  4.4561e-003
  7.1107e-001
  4.2166e-001
  2.2808e-002
  6.7121e-002
  4.0664e-002
  5.2048e-001
  3.7675e-002
  8.5147e-001
  1.0102e+000
  8.9034e-002
  1.4104e-001
  5.8156e-002
  1.1268e+000
  9.7726e-001
  3.3166e-001
  2.0811e+000
  2.1459e+000
  1.9791e-001
  2.8693e+000
  7.0405e-001
  1.7300e-001
  4.1843e-001
  6.2307e-001
  1.3916e+000
  8.2853e-001
  4.3738e-001
  1.9176e+000
  1.2472e+000
  2.5370e+000
  4.5228e-001
  7.6499e-002
  3.6419e+000
  8.7040e-002
  5.9393e-001
  1.1148e+000
  6.0790e+000
  1.0680e-001
  1.4873e-001
  1.6869e+000
  2.7348e-003
  1.3517e-001
  8.4539e-001
  2.3208e+000
  7.5017e-001
  1.9688e-002
  1.0731e+000
  2.4834e-001
  1.6320e-001
  6.5952e+000
  3.3089e+000
  3.7894e+000
  4.5054e+000
  1.9502e-001
  6.4791e-001
  3.3335e-001
  4.5202e-002
  1.1988e+000
  3.3343e-001
  1.3638e-001
  6.9476e-001
  2.1702e+000
  4.5011e-001
  2.2686e+000
  2.3146e-001
  3.0039e-001
  2.4610e-001
  4.9018e-002
  1.8530e-001
  6.5891e-001
  4.2075e+000
  2.0249e-003
  1.2445e+000
  7.2080e-002
  4.0217e-001
  4.1729e-002
  3.6601e-001

