   0.9742
   0.5026
   1.7585
   0.4342
   0.0057
   0.4857
   0.7791
   2.0659
   0.4985
   1.3730
   0.0483
   1.0000
   2.1336
   0.3217
   0.8409
   2.0571
   0.0439
   0.9387
   1.0000
   0.6580
   1.5906
   0.0053
   1.5322
   0.6959
   1.0000
   0.0648
   0.4354
   0.4803
   0.4740
   1.0000
   1.0700
   1.6134
   2.0846
   0.1757
   0.0742
   1.0000
   0.2135
   1.0634
   0.9927
   1.6184
   1.3369
   0.2315
   1.8748
   2.0980
   0.3722
   0.8316
   2.5924
   0.0025
   0.1794
   1.8756
   1.4329
   0.9660
   1.4444
   0.7942
   1.0000
   0.9303
   1.0000
   2.1460
   1.7282
   0.0448
   0.5065
   1.0000
   1.0000
   0.1614
   0.2973
   2.8799
   1.7649
   0.6723
   0.1628
   0.5343
   0.4863
   0.4890
   0.6688
   0.8670
   0.9647
   0.9780
   1.0000
   1.8056
   1.0000
   0.2926
   1.0658
   0.8948
   0.9619
   0.8007
   0.1673
   2.0286
   0.8596
   0.0568
   0.8629
   2.8931
   0.7109
   0.0632
   1.4005
   0.1454
   2.6891
   0.1157
   0.1930
   0.4996
   0.0239
   1.4901
   2.8381
   0.1845
   0.9469
   1.6576
   0.1931
   1.8674
   1.7869
   2.0397
   0.5760
   0.1686
   1.4509
   1.5992
   0.0336
   1.3118
   0.5393
   0.5194
   0.9706
   1.0000
   0.5651
   0.9850
   1.0000
   0.1288
   1.0000
   1.0000
   1.0000
   1.1847
   1.8804
   2.1251
   0.4724
   0.0646
   0.8274
   1.0000
   2.3074
   0.2154
   0.4794
   1.4496
   1.4270
   1.3032
   0.0341
   2.3171
   2.4769
   0.2144
   0.7958
   1.9128
   0.1155
   1.0000
   0.6396
   1.6672
   0.2293
   1.4055
   0.6510
   1.6411
   1.0000
   1.6086
   0.5546
   0.7212
   1.0933
   2.0399
   0.7704
   1.5916
   0.3583
   1.4834
   0.4704
   2.4014
   2.3140
   1.0000
   0.1324
   1.4851
   1.1724
   1.0000
   0.8506
   0.8920
   1.0000
   1.4308
   2.0975
   0.2941
   2.0427
   0.1579
   2.8036
   0.4943
   0.0849
   1.0628
   0.8294
   0.2225
   0.2030
   0.0264
   2.6357
   0.8038
   2.9941
   1.0270
   2.4862
   0.7805
   0.0126
   0.6567
   0.7719
   0.7860
   1.0483
   1.8383
   0.5174
   1.0000
   0.8258
   0.4163
   0.5650
   0.0374
   1.0000
   1.0000
   0.2859
   0.7402
   2.0490
   0.4052
   0.5556
   1.4810
   1.3638
   0.6659
   1.4319
   0.2859
   3.3029
   0.8578
   0.4358
   1.2316
   1.5373
   0.6720
   0.9175
   0.9679
   1.4710
   0.5190
   1.9020
   0.0096
   0.3315
   1.1694
   1.5208
   2.4341
   0.5442
   0.1623
   0.7282
   0.7050
   1.0000
   0.6355
   0.9771
   1.0000
   0.6300
   1.8842
   0.7061
   1.1761
   0.7597
   0.2605
   0.5698
   1.0000
   0.3163
   0.0112
   0.8058
   0.1258
   1.1742
   1.3779
   1.1022
   3.5522
   0.3790
   0.1335
   1.0714
   0.4968
   1.0050
   1.7193
   1.0516
   1.0000
   0.1906
   1.6820
   1.0000
   1.0000
   1.0000
   0.8999
   0.0739
   0.9825
   0.1108
   1.0000
   1.0000
   0.9184
   1.9458
   0.3997
   0.9758
   1.0000
   1.5513
   0.0136
   0.9762
   0.4186
   0.6879
   0.5492
   0.6871
   0.2866
   0.3070
   1.0000
   0.1101
   1.6237
   0.2578
   0.0075
   0.9137
   0.7498
   0.4706
   0.8366
   1.1634
   1.2294
   0.5748
   1.5876
   0.4139
   1.0000
   0.3963
   0.2739
   0.5541
   0.6385
   1.0000
   0.7823
   0.1764
   2.4489
   0.4376
   0.7506
   1.4210
   0.0999
   1.7186
   1.2860
   1.3024
   2.4353
   0.5488
   0.2722
   1.3435
   0.6412
   0.4403
   0.6304
   1.2982
   1.3645
   1.0120
   0.9382
   1.0000
   0.9166
   0.3617
   1.7865
   1.4591
   0.7408
   0.0401
   0.8915
   1.0000
   0.4677
   1.0000
   0.7425
   1.0000
   2.0383
   1.4562
   0.8853
   0.9237
   1.3215
   2.2962
   1.1184
   1.0000
   1.0000
   0.9003
   1.2952
   1.3471
   1.8018
   0.4189
   0.5459
   1.6893
   0.0447
   0.2499
   0.6616
   4.7905
   1.2183
   0.8872
   0.1920
   2.4331
   0.5184
   0.6159
   0.5588
   1.8798
   0.2249
   0.1697
   0.2716
   2.3820
   2.6831
   1.9935
   0.2214
   1.3632
   1.2039
   0.1063
   0.0349
   0.8438
   0.0551
   1.0000
   1.0228
   0.3873
   0.9672
   1.3436
   0.3290
   2.9644
   0.8854
   1.8698
   3.1450
   1.0000
   2.0334
   1.8608
   1.5722
   1.3015
   1.4386
   0.1431
   2.3524
   0.4152
   0.5277
   1.0343
   0.0809
   0.5933
   0.1838
   1.5910
   1.9385
   0.1859
   0.7652
   0.9630
   1.1312
   2.4292
   4.4098
   2.6537
   1.0000
   0.9677
   1.0000
   0.1174
   2.4642
   0.4077
   1.0000
   0.5094
   0.3651
   0.5257
   0.7812
   0.5843
   1.6371
   2.7543
   0.8865
   1.7040
   0.2639
   1.7591
   0.4222
   1.3161
   1.7528
   1.8446
   1.0000
   0.8019
   0.3424
   1.4935
   1.6477
   1.2110
   0.8974
   2.9232
   1.6757
   3.0843
   0.0466
   0.8434
   1.2803
   0.9191
   0.3374
   1.1124
   0.2384
   0.2380
   1.0835
   1.4618
   1.7004
   1.1079
   0.4796
   1.1105
   0.8850
   0.3629
   2.8182
   1.0000
   0.9867
   0.9291
   1.6060
   1.8310
   0.4229
   2.0228
   4.2413
   0.2319
   1.0049
   1.0000
   0.7966
   0.6132
   0.5438
   2.4016
   2.6956
   0.4772
   1.0000
   0.0579
   1.0000
   1.0016
   0.6148
   0.4396
   0.5186
   0.9866
   0.5964
   1.0370
   0.4644
   0.3109
   1.0000
   1.4434
   0.9417
   2.5386
   2.2777
   0.5003
   0.0946
   0.0744
   1.0000
   1.3560
   1.9973
   0.4272
   1.2826
   1.5640
   0.4197
   0.9806
   1.4287
   0.8749
   0.7329
   1.3066
   1.0000
   0.1405
   2.3583
   0.1296
   0.8475
   0.4996
   0.9870
   0.1195
   1.3090
   0.1656
   0.6099
   0.7830
   0.3705
   0.1104
   0.0952
   1.8066
   1.5845
   2.0851
   1.2193
   3.1050
   0.0711
   1.0000
   1.3215
   2.5625
   1.0495
   1.0271
   0.8567
   0.8652
   0.3578
   0.4032
   0.5153
   2.6974
   0.2919
   0.2970
   0.7776
   1.4419
   1.6675
   0.2445
   0.4911
   1.6379
   1.5367
   1.7630
   1.1739
   0.1174
   0.5624
   0.9933
   1.4422
   1.7255
   1.4879
   1.3562
   0.6006
   0.8767
   0.0999
   1.0000
   1.5557
   1.3307
   0.8596
   0.7476
   0.2911
   0.8455
   2.1068
   0.7968
   1.3417
   0.7274
   0.3483
   1.1000
   1.0147
   0.7319
   1.0000
   0.9846
   0.2148
   0.4964
   0.2460
   1.0000
   1.2902
   2.9778
   1.0000
   0.4786
   0.0072
   1.0606
   1.7130
   1.3344
   0.7577
   1.4851
   0.3375
   1.0000
   1.0000
   0.4511
   0.7627
   0.8674
   1.0000
   1.4453
   0.4837
   1.9985
   0.0319
   1.3061
   0.5617
   1.6548
   0.4483
   2.1586
   0.1601
   0.1754
   0.9900
   1.6970
   0.8207
   0.0870
   0.9379
   0.7024
   1.0000
   0.1258
   0.1515
   0.4439
   0.1243
   0.7583
   3.4812
   1.0000
   0.5878
   1.0000
   1.5569
   0.3841
   1.1521
   0.5149
   0.2416
   0.6837
   1.0000
   0.2928
   1.7021
   0.1747
   0.6930
   2.6602
   0.2170
   0.1931
   2.0751
   0.9858
   0.2145
   0.4286
   0.8764
   0.4120
   1.2445
   1.7203
   1.0000
   0.5094
   2.5859
   0.7625
   2.2731
   0.4916
   0.3664
   1.0000
   1.0000
   2.7937
   1.9349
   0.4958
   0.9821
   0.9341
   0.6362
   1.0000
   0.8727
   0.8656
   0.3004
   2.4653
   1.0333
   0.7139
   2.1738
   1.6368
   0.0225
   0.9385
   0.9455
   0.7586
   0.4513
   1.0000
   0.3053
   2.2615
   1.7710
   1.8094
   1.0638
   1.0000
   1.0000
   1.0000
   1.7058
   2.2093
   1.8010
   1.1315
   1.5332
   0.3402
   0.2924
   1.0671
   0.2490
   0.8200
   0.3975
   1.4524
   0.8677
   0.8537
   1.0000
   0.3506
   1.0000
   1.2583
   1.7833
   0.7123
   1.8826
   1.7644
   1.0000
   0.2764
   1.2094
   0.2225
   1.0000
   1.0000
   0.8117
   1.6464
   2.5331
   0.7018
   0.2854
   0.3967
   0.1703
   1.0000
   0.1117
   2.1035
   0.1844
   1.0769
   1.9961
   0.7076
   1.5521
   0.7415
   0.6509
   1.0000
   0.2035
   0.0376
   2.1215
   2.7067
   0.1024
   1.0000
   1.2346
   1.0000
   1.1120
   1.0000
   1.6685
   0.9645
   1.0000
   1.3540
   1.7323
   0.1705
   1.0000
   1.0000
   1.7253
   0.6046
   0.9545
   0.2026
   0.0285
   0.5166
   0.1355
   1.3448
   1.2670
   1.6682
   1.1336
   1.7378
   0.6685
   1.0000
   1.0000
   0.4582
   0.0843
   0.4415
   0.4774
   2.2277
   0.4260
   0.1121
   1.1408
   0.6770
   1.0742
   0.2962
   0.0560
   0.3249
   2.2424
   1.0967
   0.6344
   1.4543
   0.6083
   0.2990
   1.0000
   1.7762
   1.0000
   3.0727
   2.3175
   0.6178
   2.1081
   1.0000
   1.3060
   1.3520
   2.7089
   1.5121
   1.9081
   2.8638
   1.3060
   0.0474
   0.1820
   4.3272
   0.7396
   1.0358
   1.1204
   1.7232
   1.4345
   1.2680
   0.1392
   1.6325
   1.4997
   0.7096
   1.1984
   0.6554
   1.0000
   1.7423
   1.0000
   1.1178
   1.0000
   1.6408
   1.0000
   0.0523
   1.8662
   1.7849
   1.0000
   1.2943
   0.1690
   0.6756
   0.5755
   1.3315
   1.0000
   0.7417
   0.7126
   1.7605
   0.7747
   0.0389
   0.7604
   1.8109
   0.3174
   1.1694
   0.1958
   0.2987
   1.0000
   0.0828
   1.0000
   0.7861
   0.2471
   0.3799
   0.8695
   1.1220
   1.3632
   0.6568
   0.5852
   0.3853
   0.1261
   1.0000
   0.6643
   0.4050
   2.0498
   1.2938
   1.2964
   1.0000
   0.1286
   0.8187
   1.0179
   0.1040
   0.5126
   0.3297
   0.4413
   1.0000
   0.4105
   0.8492
   1.3572
   1.0000
   0.9299
   0.0629
   1.8487
   1.4778
   0.2334
   0.0810
   0.5934
   0.2498
   0.6343
   0.2423
   1.6270
   1.4013
   0.4033
   1.8988
   1.3467
   0.7398
   0.4478
   1.6006
   2.8023
   1.0458
   0.8415
   0.5062
   1.0000
   1.9478
   0.5866
   2.2923
   0.0254
   0.1386
   0.4386
   0.9693
   1.0000
   1.0000
   0.3986
   1.0971
   0.8544
   0.1472
   1.0000
   0.0079
   0.5413
   1.2217
   0.2293
   0.9917
   1.0119
   0.4811
   0.2995
   1.7155
   1.0000
   0.9395
   0.3504
   2.7096
   1.8462
   0.3684
   0.1605
   0.3208
   0.7287
   1.0512
   0.9835
   1.1809
   1.9644
   0.3722
   1.5363
   0.4591
   1.0431
   1.9956
   1.0000
   1.0056
   2.0268
   0.1734
   0.1244
   0.4630
   0.7915
   1.1936
   0.4016
   0.9459
   1.0000
   1.8910
   1.8845
   1.1697
   0.9404
   0.3574
   1.6282
   1.0693
   1.0000
   1.2180
   1.8592
   1.8719
   0.9642
   0.2073
   0.6342
   1.2996
   0.2627
   0.1473
   0.1981
   0.7805
   1.5787
   0.1472
   2.2725
   1.2726
   0.8776
   1.0000
   0.7476
   1.4714
   1.0000
   0.2383
   0.7949
   0.7186
   1.0000
   0.2469
   0.2458
   0.2171
   1.2344
   0.5926
   0.9165
   1.0987
   1.0000
   0.0794
   0.4840
   0.0639
   0.1553

