   0.2130
   1.1402
   1.2829
   2.3365
   0.3075
   0.7758
   0.4410
   1.1431
   0.7096
   0.7882
   1.3126
   0.6244
   0.8764
   0.3979
   0.1937
   1.2245
   0.9716
   1.1076
   0.4774
   0.6947
   0.8930
   0.4861
   1.2282
   0.4422
   1.8780
   0.7740
   0.6100
   0.7250
   1.1962
   1.2762
   0.7484
   0.4790
   0.3070
   1.5986
   0.6715
   0.7326
   0.8654
   1.6523
   0.2836
   0.9501
   0.8894
   0.5686
   0.4622
   0.4850
   1.1222
   1.2065
   0.9442
   0.5810
   0.5671
   0.8477
   0.7771
   1.3991
   0.7999
   0.7363
   0.5375
   0.8303
   1.5811
   0.4194
   0.5229
   0.5054
   0.6406
   0.8422
   1.3042
   1.0925
   1.1863
   0.5730
   2.1119
   1.9343
   0.8456
   1.9815
   0.4460
   0.7593
   0.5804
   1.9891
   0.9951
   0.9448
   1.0471
   0.9120
   1.3090
   1.9065
   0.3334
   0.7578
   0.6457
   1.2321
   0.8509
   0.5447
   1.0277
   0.7052
   1.0497
   0.7205
   1.4295
   1.2717
   0.7060
   1.1340
   0.8439
   0.4594
   0.9945
   0.4845
   0.5462
   1.6692
   0.8707
   0.5205
   0.5468
   0.2558
   0.4541
   1.3889
   0.9875
   0.7731
   0.7107
   1.0862
   0.6551
   0.9330
   1.4401
   1.0665
   1.2171
   0.4047
   0.3345
   1.6353
   0.2458
   0.6039
   0.8859
   0.6308
   1.8391
   0.3622
   0.4153
   0.7067
   1.3359
   0.5347
   1.2734
   1.3297
   0.3160
   1.3957
   1.1546
   0.6432
   0.9974
   1.2154
   1.6314
   1.4770
   0.7040
   0.7908
   1.3868
   0.8246
   0.8631
   1.5458
   1.0239
   1.0452
   0.2052
   0.3901
   1.4221
   0.5584
   1.6468
   0.1590
   0.8982
   0.3421
   1.1108
   1.4524
   0.3118
   1.1568
   0.5540
   0.5635
   1.4091
   0.6283
   0.6392
   0.9441
   1.2872
   1.6128
   1.1344
   1.3042
   2.8683
   1.1180
   0.6460
   2.0837
   0.4460
   0.4453
   0.6463
   1.3839
   0.8540
   0.7620
   0.3014
   1.5415
   2.4157
   0.7783
   0.6854
   2.3987
   0.8264
   1.0327
   0.4542
   2.4131
   1.3121
   0.8640
   0.7703
   0.3029
   0.9091
   2.2391
   0.9851
   1.0523
   1.0478
   2.7387
   1.4102
   0.6204
   1.2417
   1.2532
   0.3762
   1.4381
   0.5393
   0.4532
   0.2953
   1.5649
   0.9989
   1.4346
   1.0063
   0.6183
   2.1694
   0.9754
   2.2949
   2.0071
   0.8478
   0.4499
   1.4939
   0.8902
   0.7205
   1.1552
   2.7917
   0.5355
   1.2737
   1.1041
   0.9099
   2.3502
   1.0328
   0.9581
   0.4487
   0.8247
   1.1470
   0.7944
   0.7331
   1.3244
   1.6670
   1.4138
   1.3017
   1.0403
   1.0498
   1.1071
   0.8893
   0.5596
   1.9914
   1.2908
   2.2401
   1.4017
   1.1711
   1.0542
   0.5379
   0.3806
   0.3031
   0.8316
   1.6514
   0.5996
   0.5751
   0.6365
   1.0215
   0.5190
   0.5562
   0.5686
   0.3832
   0.7035
   0.9037
   0.0886
   1.2411
   0.4667
   1.4969
   1.0316
   1.4137
   0.6014
   0.8194
   0.2812
   1.8678
   0.6129
   0.8096
   0.6564
   0.9072
   0.6278
   1.5827
   0.9905
   1.0769
   0.7000
   1.2558
   0.6117
   1.1930
   0.8123
   0.9276
   1.7058
   1.1884
   1.3216
   1.5462
   1.9283
   0.7661
   1.0005
   0.9739
   1.7631
   0.3198
   0.6570
   0.8724
   0.7153
   1.4544
   1.8215
   1.0621
   0.2564
   0.5053
   0.6902
   0.2470
   0.7208
   1.4370
   2.2493
   0.9056
   0.9676
   0.7069
   0.9687
   2.4449
   2.2963
   1.3809
   0.8577
   1.1027
   0.8485
   0.7160
   1.0600
   1.3506
   0.4043
   1.2739
   0.7890
   2.0035
   0.9458
   1.4033
   0.2074
   1.3795
   0.3964
   0.7032
   1.0367
   0.2892
   1.0749
   0.6058
   0.7102
   0.8546
   0.3765
   0.7346
   0.6674
   0.6229
   1.8322
   1.2699
   0.7574
   1.2011
   1.3234
   0.3979
   1.2241
   1.2095
   1.0246
   1.1007
   0.7018
   1.1213
   1.0319
   0.4108
   0.7363
   1.2769
   0.5161
   1.6862
   1.6424
   2.2693
   0.4105
   1.1579
   0.7370
   1.2549
   1.5893
   0.9763
   1.3771
   0.7827
   0.8831
   0.6162
   1.6809
   0.9031
   0.9625
   1.1375
   1.1501
   0.4911
   0.7705
   0.4096
   0.9638
   1.0465
   0.5941
   0.7317
   1.3578
   0.7122
   0.6442
   0.3989
   0.7976
   0.4514
   1.0121
   1.3664
   1.5766
   0.6939
   1.5479
   0.9071
   1.3169
   0.3897
   0.9403
   0.6448
   0.5554
   0.7601
   0.4813
   0.6566
   1.2403
   1.8883
   0.9993
   0.9497
   2.4183
   0.5559
   2.1187
   0.3440
   0.4476
   0.3508
   0.5467
   0.9391
   0.2654
   2.2484
   0.4275
   1.3019
   0.8354
   1.0798
   2.2255
   1.0796
   1.2897
   1.8612
   0.5226
   0.6258
   0.4717
   0.9558
   2.0453
   0.9466
   1.2131
   1.3854
   0.4404
   0.4900
   1.1910
   1.3731
   0.7927
   0.8657
   0.6335
   1.0126
   0.8879
   1.2313
   1.1527
   3.0603
   0.5523
   0.4330
   1.9240
   0.8197
   0.3886
   0.6657
   1.1404
   0.5732
   2.1889
   1.1491
   1.5089
   0.8098
   0.7328
   0.5045
   1.9985
   0.4961
   0.3464
   0.8176
   1.0433
   0.5225
   0.9615
   0.7720
   0.6961
   0.4782
   1.3467
   0.3317
   0.9288
   0.5492
   0.9601
   1.0765
   1.0362
   1.3820
   0.4346
   0.6531
   0.8960
   0.7731
   0.5255
   0.7436
   1.7648
   0.6618
   0.5352
   0.8462
   1.1988
   1.5851
   0.4074
   1.1573
   1.5257
   0.1461
   1.2386
   1.2822
   0.9291
   0.5088
   0.3924
   1.2608
   0.4639
   0.8567
   0.7781
   1.2712
   0.4713
   0.6758
   0.9770
   0.8907
   1.3195
   1.4720
   0.9097
   3.0029
   0.6052
   1.6522
   0.8241
   0.2238
   1.4858
   0.6076
   1.0723
   0.7500
   0.2473
   1.8063
   1.3106
   0.9785
   1.6208
   0.2517
   0.8883
   1.8269
   0.4716
   0.9299
   0.7500
   1.5494
   0.7479
   0.5363
   0.3346
   1.1573
   0.6467
   0.6474
   0.6962
   0.5991
   0.4240
   1.2070
   1.2413
   0.4362
   0.9360
   0.9930
   3.3590
   0.5907
   0.6289
   0.4349
   0.5032
   0.6724
   1.4770
   1.9125
   0.3686
   1.4463
   1.6695
   0.3038
   1.2306
   1.2789
   0.6764
   1.4523
   0.8401
   1.7505
   1.2127
   1.2798
   1.0397
   0.4045
   1.1992
   0.4088
   0.9898
   0.5708
   2.1251
   1.5116
   0.9510
   0.3402
   0.7413
   0.2347
   0.6769
   0.6370
   0.6067
   1.1266
   0.9485
   0.6384
   1.5924
   0.7781
   0.4320
   0.9394
   1.1445
   0.2006
   0.2051
   1.2724
   1.2047
   1.5207
   0.6976
   0.8636
   1.5161
   1.0043
   1.2224
   0.9828
   0.4584
   0.5715
   2.0023
   1.1742
   0.2840
   1.0340
   2.0656
   1.5820
   0.5093
   0.4268
   2.1587
   0.7306
   1.5508
   1.1197
   0.8150
   0.3090
   1.8443
   0.8056
   0.4256
   1.6165
   1.1305
   0.5754
   0.7220
   0.5655
   1.0531
   1.2230
   0.4250
   0.5322
   1.6435
   1.2223
   0.8807
   1.1016
   0.5008
   0.8891
   0.6810
   0.8694
   1.1482
   0.7150
   0.7684
   0.3735
   1.2175
   0.8441
   1.6443
   1.5424
   0.8101
   1.3981
   0.6983
   0.7735
   1.2533
   0.7730
   2.0072
   1.0615
   1.2686
   0.8096
   1.5439
   0.6310
   0.8867
   0.6467
   0.9908
   0.5047
   0.7887
   1.5653
   1.3831
   0.8534
   1.2075
   1.3809
   0.7385
   1.2548
   0.2190
   0.5467
   0.1473
   1.1351
   1.1209
   1.1426
   0.7878
   1.2120
   1.0657
   0.9444
   0.4824
   0.2601
   0.8005
   2.1640
   1.4597
   1.3329
   1.8995
   1.5748
   0.9437
   2.5563
   1.2716
   0.4081
   1.3684
   0.7856
   0.8568
   0.5351
   0.7425
   1.4299
   2.2088
   1.2194
   1.6371
   0.6747
   0.5788
   0.7700
   1.6811
   1.8288
   1.3242
   0.8683
   0.6238
   1.1162
   0.7972
   1.4213
   0.6553
   1.0534
   0.6616
   0.6576
   1.0364
   0.7234
   1.1775
   0.5469
   0.9246
   1.4812
   1.0061
   1.8607
   1.3784
   1.0779
   0.7183
   1.3074
   0.8259
   0.3890
   1.0080
   1.9606
   1.0437
   0.6878
   1.2755
   2.0217
   1.5057
   0.7416
   1.0872
   1.4177
   1.0904
   2.2872
   0.8262
   1.7137
   2.0723
   1.2621
   1.0598
   1.0567
   1.3205
   0.4685
   0.7265
   2.1120
   0.7862
   0.7072
   0.8047
   0.4519
   0.4860
   1.7890
   0.6765
   0.2671
   1.5884
   0.8969
   1.1691
   1.2207
   0.3798
   0.4996
   0.7673
   1.1362
   1.1692
   1.1569
   0.7189
   1.0812
   0.8182
   1.6037
   1.8582
   0.5398
   1.3606
   0.7227
   0.9981
   0.9372
   0.8683
   0.2397
   0.2025
   0.8153
   0.8338
   1.4548
   0.9620
   2.3595
   0.8471
   1.1298
   0.6338
   1.1536
   0.9978
   0.4933
   0.4418
   0.5376
   1.0380
   0.4998
   0.2546
   0.3968
   0.5658
   0.8111
   0.9252
   0.4967
   0.5181
   1.0056
   0.4188
   2.0350
   2.0884
   0.3301
   2.0100
   0.3354
   0.9569
   1.6492
   0.5108
   0.5760
   1.0579
   0.8740
   0.6098
   0.7287
   0.9922
   0.5493
   1.0781
   1.0682
   1.9412
   1.2008
   1.1529
   0.9891
   0.8841
   1.3803
   0.8094
   0.7318
   1.2567
   1.0354
   0.6576
   0.7908
   0.9578
   1.1378
   1.4669
   0.9474
   1.3634
   0.9242
   0.9974
   0.7986
   1.6822
   1.1041
   0.4923
   1.2436
   0.7002
   0.5130
   1.0387
   1.7378
   2.0921
   1.0465
   1.0430
   0.4066
   0.8193
   1.2512
   1.0952
   1.0495
   1.5831
   0.8307
   0.7524
   1.2088
   1.2963
   1.2128
   1.0677
   0.5111
   1.6703
   1.4413
   0.8530
   0.6199
   0.8421
   1.3426
   1.1412
   1.6440
   1.2851
   0.5765
   1.1748
   0.4293
   1.0658
   1.1180
   1.3326
   1.4224
   1.7678
   1.2994
   1.5651
   1.8213
   0.6218
   1.4181
   1.0259
   0.3825
   1.4701
   2.9061
   0.5171
   2.2019
   0.7875
   0.6988
   0.8703
   0.4609
   1.0645
   1.2132
   1.3564
   1.1689
   0.5940
   1.0843
   1.0812
   1.0473
   1.4075
   0.8721
   1.1960
   0.8097
   0.6128
   1.0790
   1.0394
   1.4708
   2.0177
   0.7628
   1.2981
   0.5223
   0.6559
   0.6335
   0.6001
   1.0869
   0.7836
   0.8054
   0.4609
   1.1402
   0.9163
   1.3512
   0.7154
   1.1175
   1.4083
   0.9636
   0.7346
   0.4157
   1.6524
   0.3748
   0.8314
   0.9380
   1.0355
   0.4025
   1.7071
   0.3605
   0.9829
   1.5828
   0.7941
   0.8844
   1.3967
   0.8697
   0.9686
   1.0032
   2.6535
   1.0661
   1.7832
   1.2228
   0.8192
   1.2254
   0.5762
   0.9330
   0.8953
   1.0231
   2.2148
   0.6838
   0.8613
   1.0661
   0.6569
   1.1895
   0.3623
   0.7456
   0.9916
   0.5191
   0.8088
   1.2795
   1.3269
   0.8357
   1.7397
   1.1950
   0.4484
   0.7557
   0.6307
   0.6645
   0.7314
   0.3979
   0.7889
   0.5748
   0.4505
   0.3712
   0.5813
   0.6517
   1.1723
   0.8801
   0.4990
   0.7687
   1.4220
   1.0778
   0.6715
   1.4625
   0.6289

