   1.0875
   0.8280
   0.3290
   0.8466
   1.0147
   1.2600
   0.5437
   0.7092
   1.1811
   0.8415
   0.6168
   0.8767
   0.9029
   0.4107
   1.1258
   0.8283
   2.0583
   0.6997
   0.8025
   1.0416
   1.4084
   0.5870
   0.6431
   0.4628
   1.0000
   1.3788
   0.4596
   0.3100
   0.9439
   1.2614
   0.5097
   1.4377
   1.7300
   0.4360
   0.7300
   1.3403
   0.5384
   0.8002
   0.9000
   0.8809
   1.0367
   0.2883
   0.2927
   0.6809
   0.7517
   0.5767
   0.8302
   1.9333
   1.5218
   0.5741
   0.8023
   1.4723
   0.4212
   1.0848
   0.2003
   0.9200
   1.0706
   1.0286
   0.9174
   1.3069
   1.5257
   1.2729
   0.9253
   0.3935
   0.5710
   0.9517
   0.8280
   1.0400
   0.3605
   1.3870
   0.9640
   1.3483
   0.7073
   1.0886
   0.7167
   0.5669
   0.6896
   0.8588
   0.7821
   0.7047
   0.3123
   0.6854
   0.7229
   1.5585
   0.3635
   1.8633
   1.0000
   1.0459
   1.1992
   0.7400
   1.2753
   1.3691
   0.4590
   0.9704
   0.4063
   1.4709
   1.0356
   1.2204
   0.6640
   0.2581
   0.2275
   1.2106
   0.8422
   1.1620
   0.6298
   0.7643
   0.7174
   0.9504
   0.8629
   0.8084
   1.8673
   1.6685
   0.3397
   1.1856
   0.2138
   2.2399
   0.7548
   0.7753
   0.5015
   1.7583
   2.0061
   1.1550
   0.3354
   1.0426
   1.3171
   0.7581
   0.5855
   0.9169
   1.2427
   0.8535
   1.1023
   1.0455
   0.5798
   0.9621
   0.9687
   0.8950
   1.0354
   1.4606
   0.6566
   0.8979
   0.6069
   0.7838
   1.4765
   0.6193
   0.9238
   1.8375
   0.3111
   0.5253
   1.2535
   1.0528
   1.0520
   0.9317
   1.1020
   0.5841
   1.0000
   0.8207
   0.8379
   0.8428
   1.7909
   0.6619
   0.9969
   0.6593
   1.1424
   0.6579
   1.0817
   1.0254
   1.5298
   1.8565
   0.5816
   0.3407
   0.4753
   0.4063
   1.2156
   0.4602
   1.0757
   0.8880
   0.2702
   1.3190
   0.5611
   1.3959
   1.2395
   0.5860
   1.1076
   2.0241
   2.3725
   0.3939
   1.7080
   1.4867
   1.4011
   0.6119
   1.1127
   1.5050
   0.2937
   0.5911
   0.9733
   1.0000
   0.8120
   0.9877
   0.6153
   0.5346
   1.8562
   1.4452
   0.9069
   0.6055
   0.7867
   0.7035
   0.4188
   1.6118
   0.7625
   0.5873
   0.8571
   0.7850
   1.3755
   0.4105
   1.0800
   0.6010
   0.4814
   0.6393
   1.1338
   1.1799
   0.4823
   0.5890
   0.5733
   0.4376
   1.2322
   1.1102
   0.7303
   0.4542
   2.3331
   0.7873
   0.3513
   0.8744
   0.6439
   1.2812
   1.1254
   1.3838
   1.7850
   0.3579
   0.9362
   2.8886
   0.8300
   0.9624
   0.8613
   0.8364
   1.5232
   1.1907
   1.2271
   1.2031
   0.9863
   0.9352
   1.1431
   1.6966
   0.8840
   2.2346
   1.2159
   0.7219
   1.0626
   1.2258
   1.0734
   1.6401
   2.2337
   1.5923
   1.1019
   0.9499
   1.1682
   0.6149
   1.0709
   1.1384
   1.0177
   0.8968
   1.1157
   0.7106
   2.1444
   0.7141
   2.0272
   0.4789
   1.0810
   1.0395
   0.4634
   1.8164
   0.8795
   0.7430
   0.8903
   1.0709
   1.0902
   1.6888
   1.1704
   0.7494
   1.1554
   0.3972
   0.6647
   0.5134
   0.6456
   0.7132
   1.1440
   0.8455
   1.0533
   3.6361
   1.2773
   0.9022
   1.0000
   0.6172
   1.2446
   0.6087
   0.2839
   1.0166
   0.5236
   0.8511
   0.8412
   0.4300
   1.6188
   1.2434
   0.8825
   1.4742
   0.2536
   0.6377
   1.0252
   1.8213
   0.7857
   1.8787
   1.0876
   1.0260
   1.0410
   1.5216
   1.1017
   1.1216
   1.2087
   0.5407
   1.0000
   0.7593
   1.4866
   1.2634
   1.1633
   0.9864
   1.4589
   1.0992
   0.7303
   0.9188
   1.1296
   1.1931
   0.9280
   0.4281
   1.3295
   0.7877
   1.0807
   0.7663
   1.4304
   0.4444
   1.5086
   1.3477
   0.7031
   0.3285
   0.9169
   1.1922
   0.6612
   1.1216
   0.2319
   0.6640
   0.4668
   0.8532
   1.0401
   0.8417
   1.4428
   1.2953
   0.8744
   0.8103
   0.7992
   1.4122
   0.8262
   1.6614
   1.1090
   0.9035
   1.0518
   1.8122
   0.8098
   0.7643
   0.9059
   0.8631
   1.3234
   0.8732
   1.5889
   1.3256
   0.8228
   1.9740
   0.3692
   1.0000
   0.4756
   0.7946
   0.6186
   1.1708
   1.2915
   0.9125
   1.6888
   1.1443
   0.7557
   2.1092
   1.3946
   1.1359
   0.9426
   1.0000
   0.8687
   0.8121
   0.3759
   1.3356
   1.0451
   0.8191
   0.5544
   0.7423
   0.8784
   0.6736
   0.3575
   1.8486
   0.9195
   0.9977
   1.2541
   0.3405
   2.2485
   1.2596
   1.3569
   2.1437
   0.7428
   0.9058
   1.1222
   1.0197
   0.9976
   0.6670
   0.9322
   1.3179
   1.6875
   1.0819
   0.8612
   0.2671
   0.6854
   1.5001
   1.4902
   0.8133
   1.4915
   1.3059
   0.5141
   0.6758
   0.5801
   0.6784
   1.2061
   0.9935
   0.6274
   1.7370
   0.6171
   0.8351
   2.5313
   1.3826
   1.0080
   0.7197
   0.2865
   1.1213
   1.1768
   1.0463
   1.1439
   1.1449
   1.5800
   0.5463
   1.4560
   0.8000
   0.6352
   1.0043
   0.7308
   1.6173
   0.7070
   0.6263
   1.2224
   1.0334
   1.2325
   0.4669
   0.6028
   2.1054
   0.7379
   0.9233
   0.9046
   1.1491
   1.0872
   0.7295
   1.3570
   0.5893
   0.6178
   2.0193
   1.6467
   0.9890
   0.8530
   0.8734
   1.0380
   0.7525
   0.7364
   0.9427
   0.6875
   1.2036
   1.4880
   1.0586
   1.6938
   0.8269
   1.0064
   1.9461

