  3.6276e+002
  2.3284e+002
  2.8446e+002
  4.8465e+002
  1.2200e+001
  2.0344e+002
  5.4536e+001
  1.0780e+002
  1.6424e+001
  5.5727e+001
  1.5091e+001
  4.7616e+001
  4.3855e+001
  1.8455e+002
  3.8969e+001
  1.0079e+001
  6.0452e+000
  1.1878e+002
  9.9180e+000
  4.0260e+001
  5.8974e+001
  2.7497e+002
  3.7339e+001
  2.8949e+000
  6.2133e+001
  1.7875e+002
  6.0367e+001
  9.1787e+001
  1.8875e+002
  2.4891e+000
  2.9495e+002
  1.0600e+002
  6.7934e+001
  1.6328e+002
  2.2677e+002
  1.2944e+002
  3.8838e+001
  1.1781e+002
  3.0941e+002
  2.8926e+002
  1.4076e+001
  4.6954e+001
  1.6418e+002
  3.9229e+002
  4.1620e+000
  6.9776e+001
  3.3944e+002
  1.6648e+002
  1.2825e+001
  2.5991e+002
  7.7107e+001
  8.1295e+001
  1.5057e+001
  5.1406e+000
  8.0349e-001
  2.5759e+000
  8.0885e+001
  8.9152e+000
  1.5072e+000
  9.3547e+000
  2.8587e+002
  7.8146e+001
  5.8597e+000
  3.2885e+002
  3.0631e+000
  4.7327e+001
  6.9420e+000
  1.4337e+000
  2.5734e+001
  1.5214e+001
  6.6477e+000
  4.7147e+002
  1.1293e+001
  4.3704e+001
  1.2322e+002
  6.3007e+000
  2.0250e+001
  1.3579e+002
  2.9636e+000
  5.7125e+001
  6.1142e+001
  1.4813e+002
  2.1047e+002
  6.7641e+001
  8.2285e+002
  1.3946e+001
  3.6849e+001
  6.0368e+000
  1.6525e+002
  4.0937e+000
  3.6287e+000
  2.0511e+001
  2.3028e+002
  1.5012e+002
  1.8253e+002
  2.2020e+002
  5.8720e+000
  1.4572e+002
  5.3091e+001
  9.3937e+000
  2.2082e+002
  8.3936e+001
  5.5110e+001
  1.1902e+002
  6.1683e+000
  3.7178e+001
  4.0874e+001
  9.7976e+001
  8.0531e+001
  1.5074e+001
  1.1678e+001
  3.8466e+001
  1.2640e+002
  2.0949e+001
  9.7178e+001
  4.3422e+000
  5.9946e+001
  1.4754e+002
  3.7742e+001
  2.3043e+001
  3.9485e+001
  3.1028e+001
  2.3003e+001
  2.5436e+002
  5.5127e+001
  3.2706e+000
  5.4064e+000
  7.1346e+000
  3.5640e+002
  1.2350e+002
  1.1038e+001
  6.8634e+000
  7.5662e+000
  5.9165e+000
  1.2591e+002
  1.8565e+002
  1.1303e+002
  3.7320e+001
  3.3862e+001
  1.0691e+001
  2.2265e+002
  7.4331e+001
  6.8802e+001
  5.7083e+001
  1.2029e+002
  4.6095e+002
  6.2715e+000
  1.0935e+002
  2.5125e+002
  3.5392e+001
  2.3422e+002
  5.9414e+001
  7.1558e+001
  8.5119e+000
  1.5339e+002
  8.7565e+001
  4.0847e+001
  5.0816e+000
  3.1667e+001
  5.8910e+001
  4.8415e+001
  8.7433e+001
  2.7640e+000
  2.3363e+001
  3.7288e+001
  1.1122e+002
  1.8025e+002
  2.3101e+001
  4.5176e+002
  1.6803e+000
  1.1461e+002
  8.7745e+000
  4.4376e+001
  3.5892e+002
  2.7959e+001
  3.3914e+001
  5.5079e+001
  1.1742e+002
  7.1419e+001
  6.2271e+000
  2.0665e+002
  4.7488e+001
  4.7877e+001
  3.8120e+000
  6.5761e+001
  3.6420e+001
  3.9805e+001
  2.8329e+001
  2.1127e+001
  8.5336e+000
  1.9471e+001
  1.6261e+001
  1.2950e+001
  1.8981e+002
  3.7125e+000
  2.7819e+001
  1.1864e+002
  3.2456e+001
  1.0739e+002
  1.5803e+002
  1.8838e+000
  7.2467e+001
  2.0253e+000
  1.1919e+002
  2.6173e+000
  1.2770e+000
  1.4508e+002
  2.1678e+002
  1.4364e+002
  7.6452e+001
  5.7619e+000
  9.0884e+000
  4.6656e+002
  7.5986e+000
  2.9246e+002
  1.1281e+002
  2.2310e+000
  3.4489e+001
  5.0791e+001
  2.2378e+002
  8.3901e+000
  3.2728e+000
  2.5757e+002
  1.1058e+002
  6.3197e+000
  4.4808e+001
  4.0326e+001
  9.2007e+000
  6.6721e+001
  3.1334e+002
  1.5944e+002
  3.1409e+000
  5.4609e+001
  2.7362e+002
  5.6965e+002
  6.9954e+001
  3.6797e+002
  1.5516e+002
  2.0052e+002
  1.2995e+002
  5.1052e+000
  8.2999e+001
  4.0094e+001
  1.6343e+001
  3.3483e+001
  1.2504e+001
  1.3018e+002
  3.9311e-001
  3.9556e+002
  4.6386e+001
  7.1283e+000
  9.0365e+001
  4.0946e+002
  3.1888e+001
  2.4354e+002
  4.4740e+001
  2.6220e+000
  1.8015e+000
  5.2191e+002
  2.5083e+001
  4.6736e+000
  9.7698e+001
  5.8796e+001
  3.3204e+001
  8.3637e+001
  2.2425e+000
  1.2184e+002
  4.4657e+001
  2.9012e+000
  9.8992e+001
  7.8856e+001
  7.3692e+000
  4.5400e+001
  1.1716e+000
  3.1105e+001
  8.4409e+001
  1.3156e+002
  2.0487e+002
  4.4208e+001
  8.6094e+000
  2.1456e+002
  1.9709e+002
  3.1468e+001
  2.9241e+001
  3.7239e+001
  2.8924e+001
  3.4469e+001
  1.7211e+000
  2.6382e+002
  1.2090e+002
  4.0200e+001
  1.1578e+002
  4.6527e+002
  6.7860e+001
  1.0677e+001
  1.3266e+002
  1.4020e+002
  3.3681e+002
  7.4894e+001
  1.4710e+001
  1.4728e+002
  5.6772e+002
  9.2566e+001
  5.6162e+002
  5.3736e+001
  6.5419e+001
  4.8364e+001
  2.8555e+002
  2.9286e+001
  1.5690e+002
  1.9242e+000
  1.6922e+000
  6.7911e+001
  1.9727e+002
  2.1651e+002
  8.0189e+001
  1.8843e+000
  1.2817e+002
  6.1334e+002
  4.1689e+000
  1.1547e+002
  1.7893e+002
  1.3783e+001
  1.9221e+002
  5.1922e+001
  1.0682e+000
  2.8287e+002
  3.2853e+000
  1.9902e+002
  3.9138e+001
  3.5884e+001
  1.0733e+002
  7.7041e+001
  2.5803e+002
  3.7673e+001
  6.1568e+001
  3.6712e+000
  2.8682e+001
  1.8228e+002
  2.3696e+001
  1.0738e+002
  5.2548e+001
  1.7152e+002
  2.8982e+002
  6.8213e+000
  4.0783e+001
  1.6576e+002
  2.4672e+001
  1.4688e+001
  2.6778e+000
  1.4957e+001
  3.2894e+001
  4.5035e+000
  4.2819e+001
  1.3494e+002
  2.3653e+001
  8.4350e+000
  1.6922e+001
  1.8143e+001
  7.8085e+001
  9.2224e+001
  7.5346e+000
  4.9357e+000
  1.4024e+001
  1.6173e+002
  1.9393e+002
  1.4758e+002
  1.6810e+002
  7.4118e+001
  6.6074e+001
  6.1963e+001
  9.0779e+000
  6.4759e+001
  4.5464e+002
  6.2346e+001
  8.9353e+001
  1.0367e+002
  1.3500e+002
  3.1793e+000
  1.2684e+000
  4.0152e+002
  1.2482e+002
  2.0183e+002
  5.3282e+000
  4.2877e+002
  4.3247e+000
  1.0025e+002
  3.8572e+000
  5.9454e+001
  1.0761e+001
  1.1627e+002
  1.1494e+002
  1.4338e+002
  7.6403e+000
  1.5588e+001
  2.4827e+001
  1.2712e+001
  1.8255e+001
  3.3937e+000
  3.2779e+002
  2.4060e+001
  2.1968e+002
  7.6668e+000
  1.9796e+001
  5.6040e+000
  4.1577e+001
  8.3409e+001
  5.6821e+000
  2.1929e+001
  1.1855e+001
  1.2131e+001
  3.5613e+001
  2.9602e+002
  2.4655e+001
  2.4079e+001
  1.6038e+002
  2.5092e+002
  3.9686e+001
  2.5823e+002
  1.1486e+001
  3.5599e+002
  1.0273e+000
  4.1128e+001
  1.1554e+001
  4.3901e+000
  8.7691e+001
  1.0751e+001
  3.7951e+001
  1.3581e+001
  2.2178e+001
  2.3565e+001
  4.7035e+000
  7.3931e+001
  2.4612e+002
  1.8291e+002
  2.8275e+001
  5.6497e+001
  1.5218e+002
  1.5996e+001
  2.9291e+001
  6.2725e+000
  1.2631e+002
  2.8387e+000
  8.5440e+001
  1.7061e+002
  9.8366e-001
  3.0591e+000
  3.6305e+000
  3.2844e+000
  2.6728e+001
  1.8679e+002
  2.2027e+001
  1.2668e+002
  9.4719e+001
  2.4004e+000
  5.8087e+001
  4.1090e+002
  5.8806e+002
  3.2443e+002
  1.1510e+000
  3.8647e+002
  5.1398e+002
  2.6318e+002
  5.8371e+000
  6.9585e+001
  1.9316e+001
  1.7353e+001
  5.5797e+000
  3.5828e+002
  6.1981e+001
  3.1002e+002
  1.6796e+002
  5.4447e+001
  5.3591e+001
  1.4319e+001
  9.5740e+001
  1.5647e+002
  5.5941e+001
  2.0778e+001
  4.0251e+000
  1.4820e+001
  3.2258e+002
  2.3844e+001
  7.0157e+001
  1.1779e+001
  1.9829e+002
  3.3649e+002
  8.0752e+001
  1.0316e+001
  3.5595e+002
  4.3857e+001
  2.0086e+001
  3.6086e+002
  5.9503e+000
  4.5096e+001
  7.4716e+001
  3.7285e+001
  9.0903e+001
  8.8584e+000
  9.1667e+001

