   1.1066
   1.2786
   1.3985
   1.3846
   1.8182
   0.6928
   0.7044
   1.0494
   2.3797
   0.8697
   0.2737
   1.5164
   1.0714
   0.7416
   1.3768
   0.7313
   1.8336
   0.4623
   1.2532
   1.0807
   0.6765
   1.5048
   0.9607
   0.7711
   0.7918
   1.8711
   0.5789
   0.8335
   1.0124
   1.0711
   1.5465
   0.6404
   0.6379
   0.6860
   1.1910
   1.1788
   0.5818
   0.9032
   0.4530
   0.7582
   1.4607
   0.4178
   0.8912
   1.7470
   0.2479
   1.3394
   0.4908
   0.5494
   0.8538
   0.7102
   1.2929
   1.0043
   0.5115
   1.5193
   0.2747
   1.1558
   1.0915
   0.5837
   1.3435
   0.6447
   1.8274
   0.3035
   1.5649
   2.1725
   1.2222
   0.8666
   0.9660
   2.2890
   1.3850
   1.1787
   0.7846
   0.4357
   0.7235
   0.3740
   0.4839
   0.8919
   1.0586
   0.7278
   0.9910
   0.9110
   1.2470
   0.8493
   1.2101
   0.5634
   0.5709
   1.3153
   0.3876
   1.7217
   0.4646
   1.3234
   2.7361
   0.7144
   1.7434
   0.9839
   1.1574
   0.7696
   0.8234
   1.2872
   0.8747
   0.9649
   0.8355
   0.7888
   2.5359
   0.7865
   0.8416
   1.8432
   0.8011
   0.6362
   0.6861
   0.7944
   2.2023
   1.1347
   0.9248
   1.3750
   1.2908
   0.4577
   0.7785
   1.5794
   0.6631
   0.3809
   0.5903
   0.6229
   2.1130
   0.5395
   1.3367
   1.0730
   0.8379
   0.8926
   0.9634
   1.5905
   1.0330
   0.7346
   1.6448
   1.1108
   0.6353
   1.4715
   0.8046
   0.6892
   0.3228
   0.3523
   0.7175
   0.9852
   0.6621
   1.5560
   1.2421
   0.8972
   0.4764
   0.7580
   1.0102
   1.1060
   1.4842
   0.5604
   1.8432
   1.0297
   0.9252
   0.4075
   0.3333
   0.3843
   0.8131
   0.4973
   0.6727
   1.1167
   0.4477
   1.3420
   0.7916
   0.8757
   1.1389
   0.9950
   0.4540
   0.6035
   2.1767
   1.3082
   1.5857
   1.1829
   2.6569
   0.6282
   0.5187
   1.8952
   0.9189
   0.8431
   1.7257
   1.1896
   0.7970
   0.2908
   0.9499
   0.8132
   0.5795
   0.4137
   0.7224
   0.9409
   1.0674
   1.1663
   0.3460
   1.1398
   0.6783
   0.6748
   0.4558
   1.0506
   1.2568
   0.8851
   0.5070
   1.4235
   0.9493
   0.6096
   1.2983
   0.3200
   0.9699
   0.3549
   1.0615
   1.0669
   2.2473
   0.8220
   1.3433
   1.4676
   1.3213
   0.4096
   0.9722
   0.8219
   0.4696
   1.4721
   2.3917
   0.5233
   1.1942
   1.4038
   1.6576
   0.4423
   1.9263
   0.3121
   2.0200
   0.3974
   0.6657
   1.4973
   0.9396
   0.2447
   1.3792
   0.9707
   0.7096
   0.5604
   3.4955
   1.2330
   1.6877
   0.6681
   1.1959
   0.5617
   1.5504
   0.5172
   1.1558
   1.0543
   0.7588
   0.7323
   1.0343
   4.9274
   1.3148
   0.5204
   0.7850
   1.1468
   0.6272
   0.5369
   0.8697
   1.2916
   0.5687
   0.2013
   1.2909
   1.1299
   0.8349
   0.7298
   0.4987
   0.6438
   0.6834
   0.5208
   0.9625
   0.2276
   0.8128
   0.4914
   1.4834
   1.1417
   0.8139
   1.2893
   1.7923
   0.8505
   0.3124
   0.7421
   0.9930
   1.3340
   2.0558
   0.7843
   1.6409
   1.4127
   0.6415
   1.4945
   0.4154
   0.9817
   0.4910
   0.7643
   0.4248
   2.4156
   0.9826
   1.0124
   1.2049
   1.1665
   1.6606
   0.3808
   0.7668
   2.4646
   0.5372
   0.4667
   0.8004
   0.7125
   1.6409
   1.0140
   1.4741
   1.9939
   1.8360
   0.6306
   0.4531
   0.3040
   1.2059
   1.6570
   1.3826
   0.8224
   1.0531
   2.5348
   0.9257
   0.6231
   1.5842
   1.4782
   3.0104
   2.3434
   0.9320
   0.6366
   0.9391
   0.9824
   0.6314
   1.1353
   0.9470
   1.0010
   0.7718
   2.4806
   1.4225
   1.4257
   0.8238
   2.0715
   1.5217
   1.5321
   1.0063
   1.3750
   1.1871
   0.6755
   1.0743
   0.8887
   0.5951
   2.0292
   0.3899
   1.8426
   2.0035
   0.7692
   0.6773
   0.8035
   2.3690
   0.5691
   0.5287
   0.9167
   0.3976
   0.5979
   0.5392
   1.0093
   1.4165
   0.8254
   0.2146
   0.6934
   0.8726
   0.8203
   1.2027
   0.6928
   0.9830
   0.8768
   0.6606
   0.2910
   1.1246
   1.2393
   0.4222
   0.8054
   0.5825
   1.2979
   0.7405
   1.1331
   0.9438
   0.3479
   1.7940
   1.2777
   0.6775
   2.0991
   0.5108
   0.8805
   0.8038
   1.0284
   0.8123
   1.0541
   0.4062
   0.2424
   0.8257
   1.2825
   1.3398
   1.7700
   0.5516
   0.6893
   0.7701
   0.6503
   0.7593
   0.2189
   0.6457
   0.1565
   1.4692
   0.6434
   0.7124
   0.3362
   0.8328
   0.9966
   0.9723
   0.5476
   0.3309
   0.7809
   0.7194
   1.7247
   0.4147
   1.0317
   0.9892
   0.2728
   0.7679
   1.4376
   0.5658
   0.8390
   0.5282
   0.6357
   1.0550
   0.2902
   0.5951
   0.6462
   0.7951
   1.1786
   0.6903
   0.7158
   1.3031
   1.1424
   0.8254
   0.2680
   1.0657
   0.3264
   1.0874
   1.8398
   0.3540
   0.5215
   1.8181
   0.6506
   0.4965
   0.6780
   1.4157
   1.4226
   1.6811
   0.9209
   1.0617
   1.2002
   0.6272
   2.2705
   1.8842
   0.3099
   0.3719
   1.1242
   0.6311
   0.6427
   0.8788
   0.7897
   0.9206
   0.5577
   0.6932
   1.5029
   1.0148
   1.2179
   1.2214
   0.4911
   1.3725
   0.9415
   0.5772
   1.9260
   0.8551
   0.9710
   1.7772
   1.4005
   1.5330
   0.2237
   0.7927
   0.7887
   0.6216
   0.7801
   2.2717
   1.5568
   0.8266
   0.9181
   2.7621
   0.8051
   1.2179
   0.8098
   1.3799
   0.9844
   0.4087
   1.0588
   1.8803
   1.5561
   1.1976
   2.0439
   0.8159
   0.6553
   0.5401
   1.3401
   0.6593
   0.9366
   0.5968
   0.7450
   0.4765
   0.5141
   0.1332
   1.2198
   1.8126
   0.4587
   0.9283
   0.2475
   0.8848
   2.2214
   0.5168
   0.5978
   2.0308
   0.7956
   1.2589
   1.5341
   0.2225
   1.1119
   0.4732
   0.3653
   0.4814
   0.5590
   1.1353
   1.6718
   0.9187
   1.5846
   0.5624
   1.2511
   1.6867
   0.7421
   0.4514
   1.7091
   1.3602
   2.6223
   0.5991
   0.7041
   1.1339
   1.3964
   0.5911
   0.8543
   0.2547
   1.6320
   1.4420
   1.2278
   0.2422
   0.5867
   0.7129
   1.1613
   0.8956
   0.4789
   0.5208
   1.0602
   1.7121
   0.7392
   0.4991
   0.2312
   0.9963
   0.6061
   0.6757
   0.7947
   0.8063
   1.2182
   0.6614
   0.5178
   0.7358
   1.7391
   0.6792
   0.4737
   0.2025
   0.7877
   0.6461
   0.8744
   1.3958
   0.8117
   1.5870
   1.1473
   1.7551
   1.3801
   1.2449
   1.3168
   0.5904
   1.4205
   0.6241
   0.9513
   0.6928
   0.8209
   0.6089
   0.9462
   1.0462
   1.7277
   0.8937
   0.7002
   0.7407
   1.1355
   1.7643
   1.2064
   0.7108
   0.6670
   0.8975
   0.4955
   1.3753
   0.4617
   1.5261
   0.5043
   0.8158
   0.6231
   0.7045
   0.8802
   0.7217
   1.7451
   0.3355
   0.5143
   0.3771
   1.6150
   0.8715
   0.6947
   1.0327
   0.8761
   0.4168
   0.8176
   1.2330
   1.2831
   0.7200
   0.4938
   0.5613
   1.0823
   1.6319
   0.2049
   1.0362
   1.3455
   0.5727
   0.4534
   0.9233
   0.5599
   0.8249
   0.9407
   1.6153
   0.7298
   1.7287
   0.3281
   1.7960
   1.5800
   0.9767
   1.2349
   0.4579
   1.7222
   1.4900
   1.8390
   1.4596
   1.7764
   2.3439
   1.2497
   1.0314
   1.3258
   0.6173
   0.9926
   1.0286
   1.7462
   0.8577
   0.9794
   0.8034
   0.5377
   0.6567
   1.3165
   0.8226
   0.9935
   0.7854
   1.0062
   0.6809
   0.4381
   1.6417
   0.6227
   0.6609
   1.5058
   0.9449
   0.3282
   0.5756
   1.2811
   0.5140
   0.6053
   1.2323
   1.4152
   0.9201
   0.7858
   0.2741
   0.6413
   0.5345
   0.8726
   0.9258
   0.9808
   1.2740
   1.9310
   1.1184
   0.8558
   0.5259
   1.8384
   1.0989
   1.3009
   0.9063
   1.1091
   0.7370
   1.3380
   0.5745
   0.9468
   1.0767
   1.0929
   1.4335
   0.9353
   1.8871
   0.5772
   2.0045
   1.5479
   0.5797
   0.5388
   0.5846
   1.7852
   1.4389
   0.7795
   0.4725
   0.3122
   1.3204
   0.7999
   0.9656
   0.9292
   0.9928
   1.3206
   1.3940
   1.1781
   0.3258
   0.3413
   0.4759
   0.8236
   0.5278
   0.7066
   0.9876
   2.4643
   1.1308
   0.8024
   1.8531
   0.2519
   0.7218
   1.8301
   0.7585
   2.2343
   0.6925
   2.5715
   1.0878
   1.8107
   1.6088
   0.3510
   0.8904
   0.7327
   0.9449
   1.1455
   1.5268
   0.9462
   1.2625
   1.1052
   0.5039
   0.5386
   0.5662
   0.8772
   0.8296
   1.2916
   1.2134
   1.4220
   1.5551
   0.7083
   0.9195
   0.7642
   1.9203
   0.2372
   0.8107
   0.9942
   1.4830
   0.3700
   1.1860
   0.5542
   0.2862
   1.4533
   0.6376
   0.4441
   1.5439
   0.5380
   0.6120
   1.4186
   0.6550
   0.3836
   0.3136
   0.7853
   0.6150
   0.7284
   1.4668
   0.3979
   0.4039
   0.7361
   0.4909
   0.9583
   0.8813
   1.5545
   1.0723
   1.3525
   0.6386
   0.5119
   0.4127
   0.8849
   1.4186
   0.4762
   1.1790
   1.0714
   2.1035
   0.7155
   1.7250
   0.7027
   1.2863
   1.2909
   0.6024
   0.6444
   0.9532
   2.0159
   1.3711
   0.3850
   0.9310
   1.5012
   1.0386
   1.0114
   0.2821
   0.9980
   0.8983
   1.1041
   2.0956
   1.3008
   0.9107
   0.5445
   0.5554
   1.3273
   1.0973
   0.4203
   1.3509
   0.3557
   0.4371
   0.5661
   2.0388
   1.0840
   1.1317
   1.2653
   1.5987
   1.2430
   1.0504
   0.5895
   0.7761
   0.7488
   1.1582
   0.2717
   1.0921
   2.2265
   1.4706
   1.8119
   0.5165
   1.2290
   0.6569
   1.2674
   1.4721
   1.2714
   1.2668
   0.8126
   0.3167
   0.6912
   0.5242
   1.3293
   0.5553
   0.2679
   1.7221
   0.7680
   1.0885
   0.4680
   2.3204
   0.5007
   0.9536
   1.8251
   0.4784
   0.9642
   1.0195
   0.9146
   0.6998
   0.7840
   0.9466
   1.1066
   0.3897
   0.8971
   1.1368
   1.2015
   0.7532
   1.5799
   0.5240
   1.3280
   0.6043
   0.7276
   0.3659
   0.7970
   0.8776
   0.6406
   0.9711
   2.0444
   1.2161
   0.1515
   0.7286
   0.6646
   0.4893
   0.8204
   1.1041
   0.9090
   0.6978
   0.6043
   1.3179
   1.2704
   0.5439
   1.3471
   1.1725
   1.2738
   1.8289
   0.6413
   1.1257
   0.9258
   0.4376
   0.9356
   0.9725
   1.4108
   2.0865
   0.3374
   0.5376
   0.9916
   0.8747
   0.2913
   0.9336
   1.1924
   0.8901
   1.6239
   1.7760
   1.4143
   0.6748
   1.2382
   0.4940
   0.7528
   0.9064
   0.2641
   0.9783
   0.7157
   0.8455
   0.9390
   0.5579
   1.4746
   0.4370
   1.2462
   1.7567
   0.6026
   1.1431
   1.0068
   1.3144
   1.2194
   0.7565
   1.0306
   0.7661
   0.6848
   0.2205
   1.8497
   1.2193
   0.6731
   0.7601
   1.8334
   1.2696
   1.8199
   0.3355
   1.0074
   0.7820
   0.7144
   0.7550
   1.2323
   1.4144
   2.2472
   1.1017
   1.0300

