   1.5359
   2.2093
   1.0000
   1.0000
   0.5722
   0.0761
   0.1260
   0.3325
   1.5916
   0.8942
   1.0000
   0.2868
   0.7795
   1.0733
   1.6209
   0.7242
   0.2392
   1.0000
   0.8305
   0.5109
   1.0000
   1.1747
   1.0000
   1.0000
   0.9929
   1.6014
   0.9675
   1.3511
   0.8775
   1.0370
   1.8436
   1.0561
   0.5301
   1.0000
   0.9821
   0.4596
   1.0000
   1.3667
   0.4198
   1.0000
   1.6590
   0.1818
   1.8418
   0.4048
   2.7690
   1.3656
   2.0040
   0.8018
   0.0793
   1.9456
   1.5904
   1.4744
   3.3468
   2.3091
   0.1043
   0.1679
   0.2931
   2.2974
   0.2681
   2.1175
   1.0000
   2.1101
   0.4339
   0.3006
   0.6534
   0.5212
   0.8316
   0.6116
   1.3074
   0.3771
   0.9103
   0.1205
   1.3301
   0.5073
   0.9930
   0.5474
   0.4640
   0.8868
   1.6919
   1.1244
   1.4973
   2.2493
   0.3159
   1.4865
   1.0047
   1.5578
   0.0435
   0.2102
   1.0000
   0.2953
   2.2076
   0.2650
   0.1724
   1.5705
   0.6513
   0.8014
   0.9476
   0.9805
   0.5952
   0.5892
   0.5542
   0.2078
   0.2754
   0.6855
   0.1535
   2.4961
   0.8441
   1.1161
   1.2996
   0.8907
   0.2547
   0.6965
   1.0093
   0.6319
   1.0000
   1.5393
   0.1417
   0.0730
   0.1825
   0.7747
   0.0684
   1.0000
   2.0290
   0.8762
   0.3880
   0.1454
   0.4654
   0.8777
   0.5765
   1.3431
   1.6943
   0.8541
   1.0000
   0.0114
   0.4975
   0.8561
   2.2928
   0.4169
   0.1196
   1.0000
   0.4584
   1.2816
   2.5895
   0.1115
   0.7873
   1.0000
   0.3574
   1.3293
   1.7851
   0.1578
   0.5238
   0.8070
   2.3734
   3.3796
   0.2101
   1.6336
   0.2106
   0.6519
   1.3734
   0.2694
   0.8567
   2.1985
   0.3761
   2.3458
   0.9493
   0.1386
   1.1733
   0.0006
   0.0296
   0.7532
   2.1782
   1.0000
   0.4636
   1.1249
   1.0000
   0.1226
   1.0675
   1.1595
   0.0177
   1.0000
   0.1068
   1.0000
   0.2149
   1.5892
   0.6525
   1.2676
   0.8465
   0.4379
   0.4121
   2.1001
   1.4400
   1.0000
   0.0595
   0.4406
   1.1743
   1.0182
   0.5808
   1.0000
   2.5729
   0.5074
   1.3681
   0.9107
   1.6141
   1.3508
   0.3812
   1.9233
   1.8182
   0.6041
   0.3331
   1.5967
   0.5995
   0.5680
   0.0512
   0.1460
   1.1333
   0.1677
   1.5775
   0.6073
   0.4466
   1.2105
   1.0903
   1.2155
   1.0000
   0.6917
   0.0610
   1.0000
   1.0000
   0.6241
   1.0000
   0.3975
   0.1640
   0.7750
   1.3714
   0.0652
   0.7660
   2.1576
   1.6352
   2.2279
   0.1879
   2.2604
   0.1669
   1.0000
   0.8166
   1.0000
   1.0000
   0.1780
   1.0000
   1.8803
   2.3323
   0.4487
   1.0000
   1.9978
   1.7233
   1.0000
   1.0000
   0.3052
   1.0000
   2.1609
   0.4735
   1.0729
   1.1407
   0.0302
   1.5960
   1.0000
   0.9050
   2.3982
   1.4951
   0.3345
   1.4765
   1.9341
   1.0000
   1.0023
   1.0000
   0.0933
   1.4650
   0.7161
   0.5834
   1.6522
   2.3728
   0.2747
   1.0660
   0.4546
   1.0000
   0.5307
   0.2028
   1.0634
   1.0000
   2.2157
   0.5085
   0.7809
   0.2455
   0.2241
   0.0289
   0.1205
   1.3516
   2.1156
   0.7190
   0.3019
   0.4494
   0.2019
   1.9109
   0.2981
   0.1594
   1.1093
   1.9399
   0.4488
   1.0512
   0.6772
   0.3519
   0.1773
   1.0582
   0.4695
   3.6493
   1.4223
   1.1447
   1.7446
   2.7877
   0.4354
   0.0717
   1.0000
   2.1372
   1.0000
   1.0537
   1.6099
   1.1586
   1.3567
   0.2724
   0.1540
   1.0000
   1.0000
   1.9996
   0.6260
   2.5713
   0.5281
   1.9236
   0.4668
   0.7510
   0.4048
   1.6307
   0.0730
   1.0000
   1.4151
   0.6838
   1.5027
   1.0000
   0.0605
   1.9955
   0.2085
   1.0000
   0.6993
   1.6256
   0.1380
   0.4413
   0.8958
   2.1421
   1.8671
   1.1402
   0.7035
   1.1785
   0.9955
   1.7827
   0.6765
   1.0723
   0.3609
   1.0000
   1.7611
   0.5285
   1.0875
   0.2750
   0.0094
   1.9216
   0.0196
   1.0000
   0.2342
   1.1276
   0.1590
   0.9813
   0.9106
   1.1305
   0.0407
   0.8950
   0.4532
   0.3498
   0.0176
   0.8227
   0.8479
   0.1552
   0.5676
   2.3229
   0.4993
   0.1460
   2.1637
   0.9111
   0.9964
   0.1280
   1.1954
   0.6423
   1.4765
   0.9697
   0.1855
   1.0000
   1.0000
   0.7934
   0.4576
   0.4316
   1.4096
   1.4551
   0.5186
   1.6152
   0.9966
   1.4880
   1.5767
   2.2468
   1.0000
   0.5850
   1.0000
   0.6895
   1.1077
   2.8049
   1.5512
   0.0960
   0.6367
   0.6035
   1.5895
   0.1815
   1.0000
   1.7995
   1.5538
   0.7353
   4.2331
   0.9052
   3.0108
   1.4602
   1.0000
   0.4516
   1.0000
   0.0886
   0.4075
   1.0502
   1.1438
   0.1948
   1.8000
   0.9418
   2.6378
   0.4480
   2.4728
   2.4817
   0.2893
   1.0000
   0.0310
   1.6150
   1.0000
   1.0000
   2.8250
   1.0000
   1.0000
   1.0000
   1.0432
   0.2303
   0.2447
   0.1515
   1.7281
   1.3758
   1.0000
   1.2064
   0.5549
   0.3139
   1.3273
   0.6089
   0.3736
   0.1503
   0.4915
   0.0255
   1.9265
   1.0000
   0.1461
   0.2488
   3.0881
   1.0000
   1.0000
   3.0850
   1.0000
   0.4373
   1.1453
   0.7447
   1.7679
   0.2184
   1.3907
   0.3775
   0.0496
   1.3094
   3.0118
   1.5567
   0.7729
   2.1081
   0.3436
   0.2746
   0.9460
   0.5083
   0.0580
   1.0123
   1.0000
   1.3965
   0.0141
   2.6244
   0.2068
   0.2046
   0.2479
   0.0855
   0.5326
   0.4237
   0.4922
   1.9010
   0.1729
   1.0000
   0.2543
   1.0000
   0.3397
   2.9850
   0.0955
   0.5849
   1.8915
   0.4084
   0.0554
   0.5228
   1.6425
   0.0760
   0.7888
   1.0000
   1.0000
   1.4718
   1.6995
   3.4568
   1.0000
   1.0000
   0.1428
   1.0000
   0.6570
   0.5475
   2.0932
   1.3822
   0.4272
   0.1767
   0.2084
   0.8279
   1.4425
   0.3860
   0.3143
   0.1320
   0.9750
   2.0900
   0.6667
   0.3090
   1.0000
   1.0000
   1.1787
   4.0127
   0.2349
   0.4705
   1.4690
   1.6361
   1.2184
   0.9935
   0.2593
   1.6398
   0.5596
   1.2808
   1.0529
   1.1439
   0.2713
   0.2665
   1.6674
   1.3118
   0.8761
   1.2684
   2.0034
   1.5952
   0.1626
   1.1117
   1.9660
   1.9398
   1.8138
   2.6608
   1.5766
   1.4138
   1.0972
   1.6426
   1.0000
   2.1010
   1.0000
   0.0338
   1.8606
   1.0000
   1.1247
   1.7488
   0.1987
   2.8008
   1.1690
   0.6294
   0.6186
   0.6924
   0.0595
   0.7173
   1.2428
   0.3649
   1.1767
   1.0762
   1.8885
   0.3225
   0.9620
   0.0641
   0.2920
   1.0182
   0.5929
   0.2840
   1.0000
   1.2587
   0.2326
   2.1958
   1.0271
   2.4280
   0.9818
   0.0433
   1.2920
   0.3884
   1.0000
   0.9488
   0.0845
   1.3906
   0.2353
   1.1785
   0.4430
   0.5817
   1.5610
   0.2969
   1.0000
   0.9782
   0.9914
   0.7116
   1.2490
   1.8176
   0.3125
   1.1535
   0.7061
   0.8389
   0.4094
   0.7354
   1.4927
   0.4842
   0.3644
   2.8864
   0.6141
   1.0000
   1.3699
   1.3368
   0.3209
   0.1004
   1.1583
   1.0650
   0.0764
   1.3388
   0.8712
   0.2292
   0.7405
   0.2360
   0.3706
   0.2322
   2.1396
   0.6699
   1.2301
   1.2124
   0.3924
   0.4234
   1.0000
   0.6699
   3.3399
   0.2500
   0.5401
   2.4947
   0.8478
   1.0000
   0.9125
   1.7647
   0.1009
   0.0896
   1.9379
   1.0554
   0.8501
   0.3404
   1.4941
   0.0790
   0.2153
   0.9052
   0.4574
   1.5158
   1.0983
   1.1433
   0.8093
   0.2306
   1.1123
   0.0170
   0.1829
   1.9460
   1.6465
   0.4726
   0.4601
   2.7520
   0.3423
   0.4880
   1.0000
   1.2271
   0.5335
   2.1295
   1.7749
   0.0401
   0.0860
   0.6365
   1.9057
   1.0000
   0.1471
   0.0526
   0.3330
   1.7098
   1.0000
   0.4006
   3.1004
   1.6701
   1.6940
   2.9660
   0.5353
   1.0000
   1.0000
   1.3148
   1.2062
   1.8453
   0.4169
   1.6502
   1.8112
   1.0000
   0.8064
   1.8291
   0.3979
   1.3077
   2.9183
   0.7342
   0.5113
   1.0000
   0.0032
   0.7093
   0.3473
   2.6444
   0.7128
   1.1093
   1.0000
   1.0000
   2.8617
   0.6945
   0.0715
   1.7194
   1.1930
   1.9667
   1.0607
   1.0000
   2.0787
   0.7032
   1.0000
   0.5151
   0.8480
   0.3502
   1.5325
   0.5342
   1.0138
   0.2906
   2.3873
   3.2929
   1.0000
   1.6164
   1.7827
   0.4177
   0.3138
   0.3895
   0.4203
   1.6864
   1.8310
   0.3423
   1.5918
   0.4276
   2.6609
   1.5117
   0.2710
   0.7744
   1.8949
   1.3357
   1.0000
   1.1545
   0.3134
   1.4267
   0.9213
   2.8131
   1.0000
   2.4185
   0.8032
   2.0695
   1.0192
   1.7140
   2.9423
   0.6566
   0.1842
   2.7330
   2.0868
   0.3126
   0.4917
   0.1264
   1.3234
   0.0824
   1.6788
   0.1292
   0.3247
   0.5265
   0.3585
   0.9649
   2.6212
   1.6117
   1.4380
   1.0000
   0.5473
   2.5632
   0.0883
   1.8414
   0.1327
   1.3760
   1.7498
   0.7004
   0.4722
   1.3957
   0.3006
   0.0257
   0.2641
   2.1211
   1.2346
   1.1714
   2.4059
   1.2604
   0.8688
   1.7056
   0.0559
   0.0022
   0.5337
   1.0803
   1.2147
   0.2269
   1.0000
   1.5056
   1.0000
   0.0856
   0.7416
   0.6149
   0.8830
   0.8054
   0.4723
   1.0000
   1.8302
   0.5536
   0.1438
   0.0308
   1.3030
   0.0540
   0.8215
   0.1450
   0.2192
   0.3252
   0.1070
   2.4627
   0.0333
   1.1945
   2.2748
   1.3115
   2.7630
   0.3391
   1.7492
   0.7261
   0.0468
   0.9504
   0.7976
   2.3237
   1.3548
   2.7774
   1.0000
   0.8545
   1.0517
   1.0000
   1.0000
   0.1539
   0.9033
   2.5813
   1.0000
   1.1197
   0.5147
   1.0000
   0.8217
   0.0665
   1.1624
   0.0678
   0.0947
   0.1837
   1.7053
   0.5457
   0.5435
   1.0378
   1.1201
   0.4788
   0.6746
   1.0000
   1.4071
   0.2899
   2.2818
   0.9245
   0.9094
   1.0000
   0.4019
   1.0000
   1.3268
   0.1057
   0.2209
   1.0000
   0.8629
   0.5878
   0.0752
   0.0995
   0.7058
   0.0977
   0.6973
   0.9752
   1.9150
   1.1276
   1.6257
   1.0000
   0.6575
   0.3891
   1.5800
   1.8642
   0.8742
   1.0000
   0.2671
   1.8690
   1.3968
   0.9161
   0.6219
   1.1105
   0.7581
   2.4701
   0.5111
   1.0000
   0.7889
   0.1278
   2.5625
   2.5665
   1.6527
   0.1229
   0.1576
   2.1401
   1.9005
   1.0031
   1.6233
   0.7955
   0.7399
   0.5708
   0.4320
   1.0000
   0.0164
   0.5888
   1.1553
   1.9392
   0.3446
   0.0752
   2.2298
   1.3209
   1.7371
   1.4173
   0.8413
   2.0640
   1.1199
   0.8019
   2.8844
   1.0000
   0.2135
   0.0238
   0.2897
   1.4798
   0.8031
   0.4107
   1.5514
   2.2223
   0.7247
   1.0303
   0.2470
   1.3232
   1.2258
   1.0000
   0.7512

