   1.3831
   0.4307
   1.4137
   0.9277
   0.8270
   0.7088
   1.4022
   1.2600
   1.3190
   0.8895
   0.7545
   1.4974
   1.1957
   0.5008
   0.3732
   0.6543
   1.1218
   0.6210
   1.7889
   1.0586
   1.3065
   1.8937
   0.8464
   1.2704
   1.4895
   0.4916
   1.1369
   0.3700
   0.7799
   1.2446
   1.2079
   1.7223
   1.4072
   1.4486
   1.8419
   0.2417
   0.6565
   0.8003
   0.9184
   0.7023
   0.2544
   1.0711
   1.4859
   1.3261
   0.4943
   1.0274
   1.4748
   0.2009
   1.0908
   0.9252
   0.8337
   1.1894
   0.8413
   1.3583
   1.0576
   0.9816
   0.3710
   0.8872
   0.7633
   1.4762
   1.2252
   0.4407
   0.6623
   1.9371
   2.7310
   1.0215
   0.6021
   0.8338
   1.5145
   0.9419
   0.8360
   1.3739
   1.1739
   1.6213
   0.3832
   0.3771
   0.7465
   2.1506
   1.4877
   0.5420
   0.6827
   1.0509
   1.4468
   1.0345
   0.5451
   0.2523
   0.9381
   0.7440
   0.5697
   0.6280
   0.6081
   1.6474
   0.5254
   1.3282
   0.7587
   0.4094
   0.9943
   1.1103
   1.6988
   1.3191
   0.5237
   1.4920
   0.1604
   1.2148
   0.4927
   0.6848
   1.0137
   0.4321
   0.5099
   0.3767
   1.0097
   1.5104
   0.7403
   0.4773
   0.4549
   1.3135
   1.7159
   1.7420
   1.5905
   1.1584
   0.9396
   0.8834
   0.4950
   0.8568
   0.9579
   0.7234
   0.6307
   0.6121
   1.3137
   0.9658
   0.5393
   1.3721
   0.7432
   0.8296
   0.5688
   0.7881
   0.7564
   0.8678
   1.3512
   0.8323
   0.5949
   0.9343
   2.2161
   2.0767
   0.4817
   1.3634
   0.7909
   0.8838
   0.5346
   1.2254
   1.6127
   0.4757
   1.2215
   0.8041
   2.3190
   0.9315
   0.9568
   0.8057
   1.1647
   0.7059
   1.0228
   0.7339
   0.4653
   0.5755
   0.6375
   0.7180
   1.0225
   0.8630
   1.9966
   1.5312
   0.5689
   1.3566
   0.3111
   0.3895
   0.9805
   0.6286
   0.4977
   1.3907
   0.4678
   0.3544
   0.7165
   2.8680
   0.7760
   1.5310
   0.4618
   0.4038
   1.8714
   0.3673
   0.7587
   0.8984
   1.2038
   0.6576
   1.1391
   0.2825
   0.5927
   0.6733
   1.1729
   1.1219
   1.0105
   1.0185
   0.8993
   1.1314
   0.3783
   1.0227
   0.8095
   0.5977
   1.2720
   0.8660
   1.3424
   0.7450
   1.8226
   0.5517
   1.4639
   0.4903
   0.5585
   0.9427
   0.2485
   0.3562
   2.0720
   0.9190
   1.4662
   0.8104
   1.3406
   1.6251
   1.0138
   1.0606
   0.7368
   1.7382
   1.1141
   1.0729
   0.4405
   0.7049
   0.1899
   1.5750
   1.9559
   0.9457
   0.4526
   1.4233
   1.4012
   0.5487
   0.6825
   1.1857
   1.0161
   1.4101
   0.5751
   0.9693
   1.1685
   0.2865
   1.0508
   1.3844
   1.3428
   1.6741
   0.5965
   1.3247
   0.4339
   0.6415
   0.5296
   0.7168
   1.5506
   1.3659
   1.4090
   0.2399
   1.2569
   1.5314
   0.6931
   0.8982
   1.8090
   0.8756
   0.9071
   0.2543
   0.6366
   1.1323
   0.9699
   0.8273
   0.9147
   1.0051
   1.8490
   1.9641
   0.8370
   1.3972
   1.2181
   1.2379
   0.8317
   1.6006
   2.1026
   1.0246
   1.1621
   0.2780
   0.7100
   1.5407
   1.4062
   0.7008
   1.4136
   0.7369
   0.9415
   0.4898
   1.5020
   0.5119
   0.9658
   0.6851
   0.4054
   0.7015
   0.5136
   0.9673
   0.3977
   0.9120
   0.9772
   0.2869
   0.6816
   1.4459
   1.7019
   1.9051
   1.5836
   1.2682
   0.7309
   1.1448
   0.4583
   1.8127
   1.4852
   0.5093
   0.4657
   0.9202
   1.4945
   0.5812
   0.6130
   1.6698
   1.3294
   0.8125
   1.0732
   0.5480
   0.3832
   0.6373
   0.8055
   0.3654
   0.6560
   0.5087
   1.1823
   0.1350
   0.9422
   1.0176
   1.4925
   1.3614
   1.2071
   0.3080
   1.3825
   0.9527
   1.7725
   0.3614
   1.0046
   1.8047
   0.4558
   0.6604
   0.3659
   1.3704
   0.4608
   1.2378
   1.0243
   1.5296
   1.2237
   2.0925
   1.0763
   0.4899
   0.9536
   0.4613
   0.5191
   2.4298
   0.9988
   1.5669
   1.4002
   1.0241
   1.1592
   1.2099
   1.4001
   0.9615
   1.1182
   1.2880
   1.4084
   0.9389
   1.8968
   1.3977
   1.7592
   0.8452
   0.7682
   0.4440
   1.5534
   1.6838
   0.8111
   0.6842
   0.5922
   0.5349
   1.1667
   0.9819
   1.3984
   1.3852
   0.6981
   1.1771
   1.6927
   0.8650
   1.0891
   1.3849
   1.1414
   0.8556
   0.5685
   0.8155
   0.9993
   0.6761
   1.1303
   1.0408
   0.7623
   0.5829
   0.9321
   1.0162
   1.0759
   0.7029
   1.1778
   0.8876
   1.3513
   1.2761
   1.4065
   0.5093
   0.7280
   1.1818
   1.6688
   1.6130
   0.8065
   0.8946
   0.6206
   0.4629
   0.6854
   0.7119
   0.5982
   0.6601
   0.8579
   1.7330
   1.4601
   1.5584
   1.0580
   0.2799
   0.4396
   0.7801
   1.5225
   1.0895
   2.7840
   1.2345
   1.0113
   1.2602
   0.5042
   2.2935
   0.7067
   2.1558
   0.5697
   0.8797
   0.4039
   1.0782
   1.1850
   1.2457
   0.6537
   0.6439
   1.5575
   0.8167
   2.0495
   1.2624
   1.1277
   1.6941
   1.0415
   0.7811
   0.6206
   1.7363
   2.4810
   0.9186
   0.9596
   0.9134
   0.8903
   1.2245
   0.3950
   1.3388
   1.7069
   0.8007
   0.9581
   0.8135
   1.7098
   1.0677
   0.3704
   0.6707
   0.4780
   1.9909
   1.1697
   0.5698
   0.7270
   1.2440
   0.7451
   0.2796
   1.2317
   1.1823
   1.1007
   0.6909
   1.1353
   0.6675
   0.8134
   1.7635
   1.2051
   1.3003
   1.7680
   2.1931
   0.5388
   1.0800
   0.6950
   0.9250
   2.1997
   0.6234
   0.7840
   0.9110
   1.6011
   0.6266
   0.3997
   0.7838
   0.2867
   1.0461
   0.7359
   0.9880
   1.1345
   0.7640
   1.4531
   1.7080
   0.5357
   0.5392
   0.5409
   1.1178
   1.6265
   0.7230
   0.8034
   0.5126
   1.2371
   0.5155
   0.3125
   0.4551
   3.0414
   0.5028
   0.5379
   0.6989
   1.0036
   1.2143
   0.9209
   0.3245
   0.4702
   0.8478
   1.5885
   0.7046
   2.6851
   1.0601
   1.5835
   1.5462
   1.3383
   0.5028
   0.7077
   1.0823
   0.5764
   0.9203
   0.9892
   0.6424
   1.2188
   0.4068
   1.3179
   0.5826
   1.0184
   0.3537
   0.3434
   0.5963
   0.8821
   1.0886
   1.0709
   0.6580
   0.9493
   0.8774
   1.2582
   1.0887
   0.6783
   1.5074
   1.6288
   0.6232
   0.3539
   0.8379
   1.0901
   0.4854
   0.7327
   0.8324
   0.6591
   0.9228
   0.8175
   2.0672
   1.0129
   0.6732
   1.6701
   0.2671
   0.6007
   2.3038
   0.9727
   0.7609
   0.9608
   0.7778
   1.1403
   0.7156
   0.6704
   0.7892
   1.5719
   1.3183
   0.8911
   1.4319
   3.2480
   0.3031
   0.8637
   0.8412
   0.9344
   2.3511
   1.1538
   0.2791
   0.9538
   1.2849
   0.8268
   1.1478
   0.7413
   1.8675
   1.0560
   0.8669
   1.9887
   0.8082
   0.4718
   2.0978
   0.7426
   0.9094
   0.8248
   0.5757
   1.3260
   1.4088
   1.8816
   0.5929
   0.7172
   0.7618
   0.9656
   0.8864
   2.6399
   1.4229
   1.0089
   1.1955
   0.5134
   1.1578
   0.7850
   0.2950
   0.5456
   0.7923
   1.7130
   1.8428
   0.7431
   1.0092
   0.5896
   1.2914
   1.0622
   0.9108
   0.7085
   1.2200
   0.2731
   0.4697
   0.8318
   2.0771
   0.1777
   0.3583
   0.9111
   0.9354
   0.6762
   1.0154
   1.8020
   0.5981
   0.9670
   0.8078
   1.1611
   0.7129
   0.3707
   0.9541
   0.7361
   1.3305
   1.3184
   1.0832
   1.8985
   1.6863
   0.4480
   1.0524
   0.9012
   1.6103
   0.5233
   1.1071
   0.8426
   0.7093
   1.5659
   1.3259
   0.9616
   0.8175
   1.3781
   0.8609
   0.9229
   0.2756
   1.2203
   1.9495
   1.3271
   0.5418
   0.7760
   1.2490
   0.7350
   0.7142
   0.8829
   0.4806
   1.1003
   0.7904
   0.6293
   0.9809
   0.8503
   1.0460
   0.6308
   0.5664
   1.0749
   1.6326
   1.1211
   1.6143
   0.7262
   0.6502
   0.9277
   0.6618
   1.0850
   0.8356
   0.5467
   0.6448
   1.5428
   0.9666
   0.6389
   0.6992
   1.7881
   0.3859
   0.3572
   1.0540
   1.4564
   2.3133
   1.1841
   2.1215
   1.2436
   0.5889
   1.0512
   1.0076
   0.8999
   0.6619
   0.5254
   0.8404
   1.5042
   1.2702
   0.7732
   1.0531
   0.8021
   0.9046
   0.3111
   0.5401
   0.9752
   0.6634
   0.5536
   1.1392
   0.4404
   0.3475
   0.9476
   2.5528
   0.8438
   1.1457
   0.5898
   1.3248
   1.6469
   1.2532
   0.8562
   0.6216
   1.3832
   1.2946
   0.9590
   1.1866
   0.9372
   1.1692
   0.7932
   1.0105
   0.7999
   1.1782
   1.0808
   1.0550
   0.2657
   0.8139
   0.6214
   0.6943
   1.6373
   0.8605
   0.4844
   1.0239
   0.7652
   0.5725
   0.1785
   0.8900
   1.1890
   1.5422
   1.8175
   0.8559
   0.3658
   0.5935
   1.0473
   1.0724
   1.0640
   1.0547
   1.1549
   1.4319
   1.0435
   0.4465
   1.0743
   0.3746
   1.1355
   2.1761
   1.2541
   0.8763
   0.7207
   1.2149
   1.8867
   0.6278
   0.7468
   0.9383
   1.7419
   1.2599
   1.1515
   0.3751
   1.4078
   0.7000
   1.0297
   0.8988
   0.8949
   1.6607
   1.6750
   1.3975
   1.1101
   0.7604
   0.5537
   0.5449
   1.0821
   0.6766
   0.8046
   0.9028
   0.9331
   0.5705
   0.5066
   0.5307
   1.0706
   0.9195
   0.7584
   0.3859
   0.3225
   0.7225
   1.0880
   1.0965
   0.7435
   1.4291
   0.4680
   0.7076
   1.3641
   1.7810
   1.1696
   0.8540
   2.1195
   0.5169
   0.8490
   0.7568
   0.4350
   0.5884
   1.0733
   1.6369
   0.3905
   1.3977
   0.4175
   1.0789
   0.7713
   0.7605
   1.0760
   1.1242
   2.1011
   1.2114
   1.0820
   0.7235
   1.5931
   0.9593
   0.5317
   1.2238
   1.6699
   0.5268
   1.1013
   1.2595
   0.7992
   0.6573
   1.0331
   0.7392
   0.9774
   0.8524
   1.1190
   1.7167
   1.0005
   0.9300
   0.4787
   0.4505
   1.0154
   0.6447
   0.8264
   1.4466
   1.4307
   0.7356
   0.9119
   1.2922
   0.8463
   0.8487
   0.5718
   0.9984
   0.4419
   1.9650
   0.9866
   1.3758
   0.4483
   1.1161
   0.4144
   1.3183
   1.3459
   1.3165
   2.1662
   0.5740
   0.7099
   1.4491
   0.7842
   0.9296
   0.3019
   0.7646
   1.4594
   0.6744
   0.5636
   0.6176
   1.2336
   0.9191
   0.8107
   1.2992
   0.1465
   0.4711
   0.5201
   1.1156
   1.9098
   0.6686
   0.8709
   0.4108
   1.0739
   0.9341
   1.1294
   0.8668
   0.8701
   1.2778
   1.5544
   0.5250
   1.9311
   2.1476
   1.3478
   0.3208
   1.0870
   1.1328
   0.8509
   1.0951
   1.0019
   0.3067
   1.5119
   0.8549
   1.2461
   1.3171
   0.9697
   0.7848
   0.3287
   2.6198
   0.5926
   0.9709
   1.0989
   0.4786
   0.5842
   0.2458
   0.5721
   1.4426
   0.8492
   0.3833
   0.4886
   1.1998
   0.8511
   0.5422
   0.5189
   1.0177
   1.0651
   0.6339
   1.0777
   2.1589
   0.3417
   0.5169
   1.6785
   1.0973

