   0.3081
   1.0508
   0.9538
   0.6330
   0.6767
   0.5846
   1.7174
   0.8615
   1.2377
   0.8364
   1.0269
   0.9394
   1.0098
   0.5920
   1.7949
   1.2271
   0.4493
   1.0658
   0.8851
   0.6149
   1.2530
   1.1818
   1.7571
   0.8461
   1.0000
   0.4263
   0.7894
   0.8703
   0.4668
   1.0947
   1.0000
   0.4749
   0.5175
   0.6984
   0.7096
   1.1064
   1.2550
   1.6715
   0.5845
   0.6951
   1.0000
   0.6559
   1.1781
   0.6866
   0.7495
   0.9105
   0.6054
   0.6818
   0.7984
   0.4637
   0.8958
   1.7517
   0.6723
   1.3801
   0.9161
   1.2286
   0.5488
   0.5777
   0.7118
   0.8274
   1.0702
   1.1761
   0.9013
   0.7214
   1.0000
   0.7788
   0.5719
   1.1226
   0.7440
   0.3288
   0.5363
   0.5373
   1.8005
   0.8643
   1.2971
   1.4300
   0.4168
   0.5298
   1.6200
   0.8865
   0.5016
   0.3600
   0.2973
   1.0259
   0.3263
   1.0277
   0.6629
   0.7374
   0.8853
   1.2947
   0.8074
   0.3829
   0.7180
   1.4160
   1.0919
   0.9298
   0.6665
   0.2588
   0.9074
   2.1149
   2.1421
   1.0151
   0.8601
   0.8241
   0.6179
   0.4535
   0.5758
   0.4337
   1.1142
   0.5138
   1.2368
   1.1300
   1.1611
   0.6429
   0.6155
   0.9255
   0.3847
   0.8018
   1.6235
   1.1987
   0.9141
   0.7330
   0.7562
   0.3668
   0.6550
   1.5053
   1.0055
   0.6727
   0.9137
   1.6231
   0.5106
   1.5230
   0.3290
   0.6734
   0.2245
   1.2967
   1.4618
   0.5571
   1.2179
   1.1806
   1.0172
   1.2004
   0.4164
   1.1360
   0.8172
   1.1613
   0.5681
   0.4677
   0.7058
   1.3852
   0.9449
   2.1523
   1.3426
   1.4235
   1.9587
   0.5306
   0.8520
   0.8358
   1.1194
   1.6905
   0.9890
   0.8065
   0.6314
   0.5979
   1.2756
   1.8558
   1.5078
   0.7003
   0.6201
   1.1844
   0.5668
   0.6416
   0.7049
   1.0000
   0.6554
   0.5304
   1.8777
   1.5611
   1.4776
   1.1742
   0.8908
   0.9527
   1.0676
   1.0655
   0.3072
   1.2887
   1.1456
   1.3598
   0.2524
   0.8262
   1.1247
   2.2377
   0.3322
   1.0493
   0.8626
   1.1221
   0.9653
   0.7345
   1.1861
   1.5272
   1.9537
   1.1040
   0.4304
   0.3824
   1.3440
   0.9778
   0.8688
   0.7703
   0.8195
   0.9173
   1.0516
   1.4187
   0.5445
   1.0618
   0.7503
   0.4904
   1.1835
   2.6421
   1.1375
   1.0721
   1.0454
   0.9157
   1.7591
   1.1980
   1.4356
   0.4100
   0.9694
   0.7461
   0.8680
   1.2502
   0.3538
   0.3922
   2.2146
   1.8612
   0.8298
   0.6272
   0.7401
   1.4671
   0.9922
   0.6794
   0.8105
   0.7699
   0.8395
   0.8836
   0.5014
   1.2259
   1.5480
   0.5269
   1.2171
   1.4592
   0.9500
   0.6873
   0.6363
   0.6012
   1.2762
   0.8897
   1.9459
   1.1860
   0.5944
   1.2202
   1.3738
   1.1338
   1.1927
   1.1586
   0.9214
   1.2658
   0.7928
   1.4864
   0.8562
   1.2691
   0.9491
   0.8989
   0.8531
   1.2291
   0.6221
   0.7235
   1.1927
   0.4373
   1.9533
   0.9726
   0.5230
   1.7927
   1.4163
   1.3255
   1.9258
   0.9035
   0.9861
   1.6635
   1.4563
   0.8835
   0.3180
   0.4135
   1.4732
   1.8102
   1.4170
   0.3583
   0.8840
   1.0000
   0.9720
   1.0774
   0.7532
   0.9727
   0.7148
   1.3891
   1.5827
   0.6049
   0.5623
   0.5722
   1.0616
   1.6928
   0.7901
   0.7086
   1.5695
   0.6298
   1.9200
   0.8411
   1.0655
   2.4734
   0.9723
   1.9315
   0.8439
   1.0031
   1.0306
   1.4056
   1.6489
   1.9069
   0.5054
   0.9881
   1.1761
   0.8839
   0.7466
   0.3651
   1.6221
   0.7419
   1.2289
   0.5334
   1.0100
   1.2484
   0.7622
   0.4709
   1.1605
   1.2206
   1.2293
   1.6545
   0.2488
   0.6454
   0.2471
   0.5109
   0.7854
   1.7527
   1.1882
   1.7720
   0.6324
   0.9392
   0.9707
   1.1279
   1.0316
   0.9663
   2.2544
   1.1237
   0.5172
   0.2515
   0.9166
   1.2541
   0.4835
   0.7408
   0.5333
   1.0127
   2.4358
   1.0470
   1.9768
   0.5281
   1.9576
   1.2959
   1.1324
   0.6127
   1.1817
   0.5658
   1.0660
   2.5365
   0.5244
   1.6932
   0.5071
   1.0080
   1.5524
   1.1245
   0.8564
   0.7481
   2.2534
   0.9606
   2.0438
   1.4569
   0.9701
   0.5531
   0.3355
   0.8143
   0.4819
   0.5467
   0.7240
   1.0652
   1.0210
   1.1120
   0.9072
   1.0583
   0.6391
   1.2160
   0.8287
   1.1201
   1.6078
   0.4505
   1.0000
   0.8648
   1.0599
   1.9298
   0.8215
   0.5254
   0.5966
   0.3120
   1.5264
   1.5355
   1.8533
   1.1611
   0.6526
   0.9067
   1.1608
   1.8737
   0.6306
   0.6243
   1.1109
   1.1820
   0.7492
   1.5903
   0.7223
   1.5077
   0.4362
   1.1188
   0.7362
   0.8865
   0.9389
   0.8455
   0.6151
   0.2686
   1.0000
   1.5132
   0.8797
   1.9645
   1.1406
   0.5512
   0.7329
   0.6412
   0.8739
   0.6655
   0.5020
   1.4730
   0.5547
   1.6714
   0.4842
   0.8774
   0.9445
   1.1904
   1.2650
   1.5949
   0.5874
   1.2581
   1.0219
   1.5363
   1.5957
   0.7586
   1.1977
   0.6336
   1.0504
   0.9715
   1.5652
   1.0892
   0.6667
   1.0000
   1.3081
   0.5692
   0.7324
   1.1911
   0.6854
   0.4142
   1.1651
   0.7099
   1.3565
   0.7307
   1.3847
   0.5236
   0.6184
   1.6945
   1.2007
   1.2996
   0.9739
   0.9059
   1.3581
   1.2458
   1.2400
   0.9234
   0.4090
   0.5952

