    0.4211
    0.2329
    0.1226
    0.7108
    0.0304
    1.4275
    0.6923
    0.2105
    1.0298
    1.3972
    3.6728
    0.0532
    2.5705
    0.5805
    1.1749
    0.7270
    0.0916
    5.5899
    2.7704
    0.8049
    0.9736
    0.5145
    0.6270
    0.0785
    9.7188
    0.8721
    0.4445
    0.1128
    0.1778
    0.4332
    0.3453
    0.4281
    3.2177
    2.0164
    0.6369
    0.0157
    0.0586
    9.4755
    0.9228
    0.1585
    0.2109
    0.2201
    0.4565
    0.8305
    0.1997
    4.2991
    0.3439
    0.8616
    0.1474
    0.2522
    0.1050
    0.6052
    0.0563
    0.6646
    0.2661
    1.2251
    0.1524
    3.9108
    0.3594
    0.9038
    1.5155
    0.2148
    0.2055
    1.2051
    0.6068
    0.9973
    0.2517
    0.8191
    3.3531
    3.0955
    2.6627
    3.2531
    2.0653
    0.8839
    0.1274
    0.5512
    0.2127
    0.1092
    0.3175
    2.8483
    0.5998
    0.6360
   11.6895
    0.5972
    0.1424
    0.3320
    0.7360
    0.5193
    0.2779
    1.0718
    0.2124
    0.4709
    2.8625
    0.2441
    0.2197
    0.6207
    0.0376
    3.3775
    1.1265
    0.1669
    0.0068
    0.0761
    2.6451
    0.6865
    2.6183
    3.6471
    0.5328
    0.0957
    0.0814
    4.5955
    0.2082
    0.6491
    1.6431
    0.0548
    0.1232
    1.1830
    5.3408
    1.4583
    0.3972
    0.5604
    0.2603
    0.9847
    0.0087
    0.3651
    1.0149
    0.4807
    0.0446
    0.9792
    4.3322
    1.4546
    0.1133
    0.1697
    0.3027
    0.8825
    0.0979
    2.0490
    0.1370
    0.1656
    1.2583
    0.0314
    0.3697
    5.1740
    0.0161
    1.6912
    0.0269
    0.0483
    0.3363
    0.6505
    1.3379
    0.9290
    0.0481
    0.0845
    2.8994
    0.7993
    0.7422
    0.1464
    0.3982
    0.0899
    0.1538
    0.1131
    4.3413
    2.2257
    0.2279
    3.2052
    1.0266
    0.2452
    0.9982
    1.1368
    1.4591
    5.1336
    0.7230
    1.2779
    0.8256
    2.6783
    0.0013
    0.9963
    0.4244
    3.5294
    0.9988
    1.0608
    3.4107
    0.5409
    0.3714
    0.3294
    0.5501
    0.3905
    0.9953
    2.1692
    6.6225
    0.4181
    0.1146
    1.0523
    3.2593
    3.3324
    0.3084
    1.4389
    0.0026
    0.8494
    0.3831
    0.1337
    1.9574
    0.9582
    0.5960
    0.0916
    2.0424
    0.3958
    0.6281
    1.1651
    0.7716
    0.1012
    0.1829
    0.8556
    0.1891
    0.3123
    0.1611
    0.2199
    0.4573
    0.0472
    1.9881
    0.0339
    0.8820
    0.5232
    0.9152
    1.5785
    0.5333
    0.4777
    0.1199
    0.7789
    2.3084
    0.0121
    0.0962
    0.1318
    0.5500
    0.8829
    6.5162
    0.4583
    1.1404
    3.0079
    0.9325
    0.9093
    0.3678
    0.1341
    1.4579
    0.0690
    0.0575
    0.3550
    0.4539
    0.1044
    0.0371
    0.1834
    1.0326
    0.0508
    0.2853
    0.8816
    0.8267
    1.0047
    0.0960
    0.9794
    0.0461
    0.5780
    0.2066
    0.5183
    0.6676
    0.7161
    1.4396
    0.8567
    0.3776
    1.9823
    0.0727
    2.1772
    0.0174
    2.0254
    0.8942
    0.4853
    0.0958
    0.2773
    0.8083
    3.1196
    0.3864
    0.7268
    0.7956
    0.6735
    1.1966
    1.9167
    1.3197
    0.2665
    0.2272
    0.9298
    0.4270
    0.2429
    0.1862
    0.2831
    0.2974
    0.9271
    2.0175
    2.3203
    1.4960
    1.1334
    0.6209
    4.5531
    0.1719
    0.1925
    0.5213
    1.7505
    0.9047
    0.2250
    3.1751
    0.1935
    0.7484
    1.3008
    0.4040
    0.2121
    0.3986
    0.6912
    0.2700
    0.5731
    0.1850
    0.3773
    0.8765
    0.0248
    0.0492
    0.1211
    1.0128
    5.9341
    2.7340
    0.3657
    0.5506
    0.0931
    0.0357
    0.6614
    1.2132
    1.5819
    0.1526
    0.0370
    0.2735
    1.2814
    1.0771
    5.2318
    0.2454
    0.0349
    1.2391
    0.1786
    0.1915
    2.1355
    1.1302
    1.8039
    0.8338
    1.4718
    1.1810
    0.9156
    0.0600
    0.0306
    0.3633
    0.5797
    0.0684
    0.1784
    0.4616
    0.4005
    0.5830
    6.0549
    2.8141
    0.8811
    1.3862
    0.2757
    0.0218
    1.1201
    0.7336
    0.7201
    0.5601
    0.6450
    0.1595
    1.4892
    0.3233
    0.3102
    0.4827
    0.0066
    1.3408
    0.9752
    0.2294
    6.5793
    0.0240
    0.0293
    0.0531
    1.3749
    0.1645
    0.1239
    0.2916
    0.4986
    0.3742
    0.2412
    0.6119
    1.8117
    2.1572
    0.6064
    1.4201
    0.6873
    0.0194
    0.8657
    0.7074
    0.5745
    0.3853
    0.1365
    0.1669
    1.5415
    0.2304
    0.4188
    0.6123
    0.6445
    1.2970
    1.4232
    0.3157
    0.6344
    3.9262
    0.8232
    0.6064
    0.1872
    1.5237
    0.4917
    0.8230
    0.0323
    1.3697
    0.1900
    0.0554
    0.1237
    1.0164
    0.0677
    0.2490
    0.6464
    0.5290
    0.5595
    0.3470
    0.0292
    1.4489
    0.4815
    0.6758
    7.2667
    0.2445
    0.2235
    0.0439
    6.3825
    0.4746
    0.2702
    0.9460
    1.8628
    1.5569
    0.7523
    2.4741
    1.8893
    1.7348
    0.0730
    0.0663
    0.3866
    0.0722
    0.2002
    1.2771
    1.1812
    0.1621
    0.2007
    5.4639
    0.0190
    0.0027
    0.1006
    0.3792
    0.5011
    0.5908
    0.0005
    0.2250
    0.0949
    2.0353
    0.0204
    1.2999
    0.6033
    0.0354
    0.0123
    0.3179
    0.8831
    1.5431
    0.6484
    0.1840
    0.8496
    0.4768
    0.3594
    0.5623
    0.0532
    0.3591
    0.1223
    0.0043
    0.9108
    0.5740
    0.2096
    1.5399
    0.2703
    0.4591
    0.1955
    4.3326
    0.4213
    0.7013
    3.6781
    0.8394
    0.5168

