  4.7860e+001
  1.8144e+001
  6.4650e+000
  2.0623e+000
  2.6885e+001
  6.4354e+001
  1.9111e+000
  8.3031e+000
  8.7299e+001
  4.2658e+000
  6.6111e+000
  2.8630e+001
  4.8725e+000
  1.2115e+001
  3.3662e+002
  7.3457e+001
  3.3970e+000
  1.2157e+002
  4.8675e+002
  4.2188e-001
  1.3360e+002
  4.9894e+000
  8.7523e+000
  4.4726e-001
  8.0822e+000
  3.0036e+001
  4.7679e+000
  2.9322e+001
  7.0950e+001
  2.3199e+002
  1.0856e+001
  3.2033e+001
  1.3568e+002
  7.0086e+001
  4.5392e+001
  7.5240e+001
  3.5353e+000
  6.8649e+000
  1.0186e+001
  2.5620e+000
  1.7895e+001
  1.8647e+001
  6.3149e+000
  2.4685e+001
  1.3187e+001
  6.6394e+000
  9.8259e+000
  1.8835e+001
  1.3532e+001
  1.8587e+001
  5.1657e+000
  1.7015e+001
  4.5985e+000
  1.3142e+002
  4.4953e+000
  6.0236e+001
  3.3140e+001
  2.1528e+000
  1.1118e+001
  7.0605e+000
  5.6835e+002
  9.4752e+001
  8.5980e+001
  1.8917e+001
  3.2540e+001
  4.7978e+000
  8.6151e-001
  3.2458e+001
  2.2189e+001
  2.3679e+000
  2.5528e+001
  5.6546e+002
  9.5361e+000
  1.6903e+001
  9.3204e+001
  7.4731e+000
  1.6972e+001
  8.6720e+001
  1.6684e+001
  3.2861e+001
  6.4396e+001
  7.5283e+001
  1.6258e+001
  5.4332e+001
  4.2853e+000
  1.3576e+001
  7.8403e-001
  6.6666e+001
  1.7041e+001
  7.0731e+001
  5.4490e+001
  1.4838e+001
  2.7343e-001
  6.6283e+000
  6.7176e+001
  1.3753e+001
  2.5858e+000
  7.3704e+000
  3.2511e+000
  9.4321e+000
  4.0921e+000
  9.5780e+000
  2.2065e+002
  1.9495e+001
  1.8153e+002
  4.0974e+001
  2.2399e+001
  8.0877e+000
  4.9745e+002
  3.8782e+002
  4.4886e+001
  1.6091e+001
  7.6110e+000
  3.0186e+001
  1.9394e+001
  3.3987e+000
  1.2774e+001
  6.4427e+000
  3.4271e+000
  1.1704e+001
  1.3084e+000
  8.8815e+002
  4.2787e+000
  5.2694e+000
  4.1486e+001
  4.6287e+001
  1.1755e+002
  9.8665e+000
  2.6598e-001
  2.1678e+002
  5.4611e+000
  1.2016e+001
  3.7337e+001
  2.5119e+000
  1.2027e+001
  2.0782e+001
  8.5852e+000
  8.3918e+000
  2.5239e+000
  2.0067e+001
  2.5829e+001
  1.1473e+001
  5.1123e+001
  1.9744e+000
  1.5195e+000
  2.5995e+000
  5.6187e+001
  9.9673e-001
  1.6328e+000
  3.4157e+001
  6.4704e+001
  8.0237e+000
  1.6931e+000
  5.8779e-001
  7.2108e+000
  1.9510e+001
  4.5595e+001
  5.1343e+001
  1.5582e+000
  1.9762e-001
  2.1937e+001
  2.6772e+000
  2.8052e+002
  1.2568e+001
  2.0584e+001
  2.1849e+002
  3.9569e+002
  1.2951e+001
  7.3614e+001
  4.5720e+002
  1.3089e+001
  1.4793e+001
  2.3787e+000
  4.6090e+001
  1.4204e+002
  2.1811e+000
  3.5992e+001
  1.0639e+001
  2.7345e+001
  5.5511e+000
  5.6793e+000
  4.4495e+000
  1.4382e+003
  3.2056e+000
  5.6367e+001
  1.6464e+001
  3.9115e+001
  5.7104e+001
  2.5379e+000
  3.6480e+000
  2.8487e+001
  5.4402e+001
  1.7182e+000
  1.4248e+001
  1.8156e+001
  3.0512e+002
  2.1297e+001
  2.0394e+000
  3.9539e+001
  5.2888e+001
  4.4436e+001
  1.8239e+001
  3.8831e+000
  1.1270e+001
  2.2489e+000
  1.4768e+001
  3.3030e+001
  7.8120e+001
  1.6143e+000
  5.4633e+001
  4.9084e+000
  1.7143e+000
  8.6796e+001
  1.8162e+000
  2.1192e+000
  4.4750e+000
  4.5035e+001
  7.8577e+001
  8.1061e+000
  2.8017e+001
  4.8230e+001
  9.3779e-001
  2.2859e+001
  3.7513e+000
  1.3378e+001
  4.3096e+000
  2.6467e+001
  2.2740e+001
  4.8737e+000
  5.7196e+000
  3.4259e+000
  7.5076e+000
  1.0785e+001
  1.4004e+000
  6.5655e+002
  5.6962e+002
  3.6757e+001
  4.5188e+001
  8.7966e+002
  9.7688e+000
  2.1754e+001
  8.4744e-001
  7.8498e+000
  8.7036e+002
  5.5356e+002
  1.2643e+001
  1.9460e+002
  1.2790e+001
  9.5018e+002
  1.4105e+001
  1.8738e+002
  7.9117e+000
  9.9574e+000
  2.2323e+002
  1.3171e+002
  1.7386e+001
  4.3295e+002
  2.4553e+000
  1.7120e+001
  2.0012e+001
  3.2614e+000
  9.0445e+001
  1.3293e+003
  3.4273e+000
  6.4312e+001
  4.6120e+003
  8.1125e+000
  1.1661e+002
  1.6015e+001
  5.4424e+002
  1.1092e+001
  6.0686e+001
  9.7611e+001
  1.0822e+001
  2.0135e+001
  2.8913e+000
  1.6524e+001
  2.5489e+001
  2.5883e+001
  2.8124e+001
  3.1035e+000
  3.0458e+001
  2.1246e+002
  3.3111e+001
  5.1700e+000
  3.2128e+001
  4.0435e+001
  8.9080e+001
  1.3424e+001
  9.8452e+000
  4.0976e+001
  3.3802e+001
  6.4079e+000
  4.1492e+001
  7.1741e-001
  1.3074e+001
  4.8653e+000
  5.7817e+000
  4.3518e-001
  7.7661e+001
  1.0032e+001
  1.6044e+001
  1.0529e+001
  3.1890e+001
  5.9975e+000
  6.7084e+000
  1.0167e+001
  7.1904e+000
  9.9395e+000
  2.5095e+001
  8.6501e+001
  3.5985e+001
  8.9496e+001
  8.2507e+000
  1.8030e+001
  2.3137e+000
  6.9226e+000
  1.1531e+002
  8.4675e+000
  4.2821e-001
  1.3675e+002
  4.0786e+001
  5.5906e+000
  3.3953e+001
  1.7848e+001
  8.8441e+000
  9.7117e+001
  2.4423e+001
  8.6488e+000
  7.9069e+001
  2.7553e+000
  1.2742e+002
  1.1243e+001
  4.4814e+001
  1.9406e+002
  1.8986e+000
  5.2291e+000
  2.0314e+001
  4.5379e+000
  3.0617e+002
  1.0491e+002
  4.6926e+000
  9.8895e+000
  4.2830e+001
  2.3908e+001
  2.9004e+000
  4.4697e-001
  7.5118e+001
  3.1558e+001
  1.1363e+001
  6.2774e+001
  1.4227e+001
  5.1984e-002
  9.7484e+001
  7.1510e+000
  1.4619e+001
  1.3111e+001
  4.8206e+002
  7.2250e+000
  6.7294e+001
  9.9040e+001
  4.2363e+001
  5.9502e+000
  1.2648e+000
  3.1316e+001
  4.7910e+000
  3.9296e+000
  8.7277e+001
  1.2023e+001
  2.0160e+001
  4.9580e+000
  1.1623e+000
  3.7845e+002
  6.4243e+000
  6.7252e-001
  1.2914e+001
  1.1175e+001
  3.8118e+002
  9.2928e+002
  1.4141e+002
  2.3385e+001
  1.1884e+002
  1.8974e+001
  2.1746e+001
  8.1188e+000
  4.5095e+000
  2.5676e+000
  1.8670e+002
  5.8619e+000
  2.1656e+001
  5.7231e-001
  1.1384e+003
  3.4039e+001
  1.0154e+002
  1.1829e+001
  3.3139e+002
  1.1762e+001
  1.4198e+001
  1.8416e+001
  2.1690e+000
  4.0551e+001
  5.8945e+000
  1.9897e+001
  2.2365e-001
  5.1963e+000
  1.1111e+001
  4.5179e+001
  1.0398e+002
  2.4377e+001
  3.4788e+000
  7.8337e+002
  3.1475e+000
  1.4446e+001
  4.5452e+001
  4.4017e+001
  5.6514e-001
  1.4439e-001
  1.3663e+001
  2.4352e+001
  1.0424e+001
  4.9514e+001
  1.5978e+001
  1.8504e+001
  2.3343e+000
  1.3416e+001
  3.3892e+001
  1.2786e+001
  1.2517e+001
  9.5999e+000
  5.8301e-001
  9.1498e+000
  5.6199e+001
  1.1260e+001
  1.8515e+001
  2.9164e+001
  3.5268e+001
  2.6276e+001
  1.0512e+002
  4.5833e+002
  1.3178e+001
  1.1007e+001
  3.3713e+001
  7.9583e-001
  3.1737e+001
  3.7782e+001
  3.4259e+001
  7.6865e+001
  1.9510e+000
  1.3520e+001
  6.1891e+000
  6.0079e+000
  1.4959e+001
  1.6301e+001
  1.4111e+002
  1.1650e+001
  3.6681e+000
  7.5074e+001
  1.0109e+001
  7.1341e+002
  3.1107e+001
  1.1379e+001
  2.1970e+001
  3.6488e+002
  9.6859e-001
  1.3330e+001
  9.2489e+000
  3.3594e+001
  7.8725e+001
  5.1810e+000
  1.6483e+000
  5.3705e+001
  2.0501e+001
  5.4812e+001
  1.5567e+001
  6.4780e+000
  2.4363e+001
  5.0088e+002
  3.3549e+001
  2.3083e+001
  1.4472e+000
  2.4138e+001
  1.1659e+001
  2.0456e+000
  6.0665e+001
  5.9106e+001
  1.7008e+002
  1.1630e+001
  2.0737e+001
  1.0265e+001
  4.3523e+001
  1.0387e+001
  1.1734e+002
  2.8177e+001
  1.7870e+002
  5.6257e+001
  6.5188e+001
  2.7638e+001
  3.1486e+001
  7.2552e+000
  7.2093e-001
  1.1658e+002
  3.8623e+001
  4.1037e+000
  1.4811e+001
  7.8516e+000
  6.9317e+000
  2.4605e+001
  4.2770e+001
  1.1059e+002
  9.2546e+000
  5.8496e+002
  9.2960e+000
  1.8031e+001
  7.0388e+000
  9.9590e+000
  1.1768e+001
  3.1527e+001
  3.0515e+001
  1.0374e+001
  2.6952e+001
  2.8985e+001
  1.2682e+001
  2.7213e+002
  3.4841e+000
  3.3672e+001
  1.3206e+002
  3.0760e+000
  1.6796e+001
  6.6333e+000
  1.5489e+002
  3.9753e+000
  2.0142e+001
  1.5659e+000
  4.1549e+001
  1.6335e+001
  9.2225e+000
  1.4455e+000
  2.2084e+001
  3.7175e+002
  2.5998e+001
  5.8625e+001
  1.1558e+001
  1.7683e+000
  5.1994e+001
  1.1032e+003
  2.2468e+000
  1.3471e+001
  9.1909e+002
  1.2809e+001
  2.6562e+000
  1.8998e+001
  8.8287e+000
  5.9664e+001
  3.6822e+001
  2.0965e+001
  2.9545e+001
  1.4129e+000
  5.2435e+000
  2.1440e+001
  3.3723e+000
  1.5196e+001
  3.1634e+000
  2.5559e+001
  1.3435e+001
  2.9617e+000
  6.5676e-001
  9.1584e+000
  4.4841e+000
  3.9019e+001
  9.1110e+000
  9.4339e+000
  1.7937e+001
  2.3393e+000
  2.2337e+001
  2.3908e+000
  4.1798e+000
  3.0991e+002
  3.2982e+001
  1.9791e+001
  7.5387e+001
  5.5408e+000
  3.9897e+001
  5.5104e+000
  4.5949e-002
  2.1012e+001
  1.3768e+001
  1.8454e+001
  4.8335e+001
  1.6485e+003
  4.3754e+000
  1.9193e+001
  3.2339e+000
  2.5274e+001
  1.6227e+001
  6.2875e-001
  2.4588e+003
  1.2144e+001
  5.5629e+002
  7.7631e+000
  1.2511e+001
  3.5810e+000
  1.5426e+001
  1.1286e+000
  1.0099e+001
  5.9715e+001
  2.7509e+001
  5.1334e+000
  1.8564e+000
  1.9580e+002
  1.6465e+001
  2.4753e+002
  6.8797e+000
  1.0922e-001
  6.9677e+001
  2.1346e+002
  1.3824e+001
  5.3117e+000
  1.3311e+001
  2.7701e+003
  9.9714e+000
  2.3500e+001
  8.1007e+000
  7.9547e+000
  6.5565e+000
  4.1565e+001
  4.8688e-001
  5.9286e+001
  3.5973e+000
  2.4058e+002
  7.4150e+000
  2.1413e+003
  1.3516e+001
  4.9478e+000
  1.6035e+001
  7.5680e+001
  2.5824e+000
  3.3891e+000
  5.5875e+000
  5.6916e+000
  1.5917e+001
  7.5863e+000
  6.3448e+000
  3.0544e+001
  4.9643e+000
  1.5496e+001
  8.7576e+001
  1.8728e+001
  9.9092e+001
  1.7678e+001
  6.4553e+000
  2.7490e+003
  2.4167e+001
  2.5369e+001
  5.5379e+001
  6.1590e-001
  1.8222e+000
  6.8540e+000
  1.8090e+000
  1.4015e+001
  3.0562e+000
  1.0295e+000
  6.8732e+000
  1.8513e+002
  2.9858e+001
  5.4855e+001
  2.6283e+000
  1.4539e+001
  1.7689e+002
  2.3870e+001
  4.0109e+000
  4.7902e+000
  1.7974e+001
  3.3944e+003
  1.0948e+000
  4.3678e-001
  1.9791e-001
  1.2137e+001
  1.6092e+001
  2.1862e+001
  1.3589e-001
  1.6674e+001
  4.7982e+000
  4.5480e+001
  8.8362e+000
  1.2285e+001
  2.9571e+001
  2.4857e+000
  2.0001e+000
  7.7143e+000
  5.6290e+000
  7.7206e+001
  1.0235e+001
  3.4109e+000
  4.1906e+001
  1.9278e+001
  8.9956e+001
  2.8840e+001
  2.4176e+002
  1.2396e+001
  7.9337e+001
  9.5945e+001
  1.8953e+001
  7.4158e+000
  2.5301e+000
  4.3173e-001
  1.2296e+001
  5.6605e+001
  8.2900e+002
  2.2947e+001
  7.8537e+000
  2.3358e+001
  1.1848e+001
  6.2191e+000
  3.8659e+001
  1.8941e+001
  1.9824e+001
  3.0322e+002
  5.0639e+001
  3.6869e+001
  2.1254e+000
  4.7911e+000
  9.7988e+001
  1.1427e+001
  2.5796e+001
  3.0014e-001
  5.3371e+001
  6.3195e+001
  4.2164e+000
  3.3422e+001
  1.6931e+000
  3.9728e+000
  4.5332e+001
  1.8671e+002
  1.1831e+001
  2.4078e+001
  4.1425e+001
  4.6466e+001
  1.6502e+001
  4.2689e+000
  2.3580e+000
  1.9876e+001
  2.2450e+001
  3.4837e+001
  1.1052e+000
  1.9474e+001
  1.0940e+002
  2.9674e+000
  4.3733e+000
  9.8885e+000
  1.2061e+002
  1.1537e+001
  5.5926e+000
  1.6366e+001
  2.7782e+001
  6.3998e+002
  3.8184e+002
  4.7567e+001
  4.2839e+001
  5.5995e+000
  1.5674e+000
  5.6809e+001
  1.9628e+003
  5.5494e+001
  5.6165e+000
  3.1381e+001
  8.4788e+001
  2.0967e-001
  8.3394e+002
  1.1877e+001
  2.3628e+002
  1.2576e+002
  1.1102e+002
  8.6235e+000
  9.5161e-001
  3.9681e+001
  7.7224e+002
  4.5564e-001
  1.7568e+003
  9.3277e+000
  1.6960e+001
  7.6263e+000
  4.6828e+001
  1.2153e+001
  2.1810e+003
  5.5867e+000
  5.9038e+001
  6.7718e+000
  2.9188e+001
  5.9682e+000
  3.2679e+000
  1.7937e+001
  1.5219e+002
  4.0654e+001
  8.9322e+001
  7.1834e-002
  1.3042e+001
  7.8724e+000
  3.3908e+000
  6.2096e+000
  6.2487e+001
  1.8628e+001
  3.0033e+000
  1.2728e+001
  7.8559e+000
  1.7561e+002
  7.7945e+000
  1.8906e+000
  1.6552e+001
  9.2805e+001
  2.1006e+001
  6.5120e+000
  3.0892e+001
  8.5639e+000
  3.2505e+000
  2.6652e+000
  2.7555e+001
  6.6572e+002
  8.6722e+000
  8.6227e+002
  1.1376e+001
  2.2206e+000
  2.2933e+001
  2.2728e+001
  1.1319e+002
  2.9267e+001
  1.4608e+001
  1.7106e+000
  2.6941e+001
  2.1697e+000
  2.8019e+001
  1.9133e+000
  1.2114e+002
  1.5558e+001
  1.1746e+001
  1.6947e+002
  7.4946e+001
  2.2243e+001
  7.3257e-001
  2.2906e+001
  1.1737e+001
  2.6078e+001
  4.2417e+000
  1.1073e+001
  3.3451e+001
  2.6890e+001
  2.6234e+001
  4.4404e+002
  3.4361e+000
  3.8573e-001
  6.3771e+001
  2.4969e-001
  2.0868e+002
  1.3466e+000
  1.2484e+001
  1.9813e+001
  1.6017e+003
  1.6497e+001
  2.8524e+000
  1.3531e+001
  9.6370e+000
  1.3715e+002
  4.1316e+001
  3.1720e+001
  5.1590e-001
  5.5211e+000
  2.7481e+001
  4.3790e+001
  2.0781e+001
  2.7661e+001
  1.4143e+000
  1.5081e+001
  1.2777e+001
  1.3970e+003
  3.6774e+001
  1.3231e+002
  8.3414e-001
  1.0684e+002
  2.5784e+000
  4.8124e+000
  1.1508e+000
  4.5385e+000
  6.9299e+000
  1.3567e+000
  2.2855e+000
  4.5800e+001
  4.3444e+000
  9.1561e+000
  6.2022e+000
  2.2494e+001
  5.6006e+001
  1.5852e+001
  1.4459e+001
  6.4930e+001
  4.2254e+000
  9.4612e+000
  2.0055e+000
  4.8243e+001
  4.6900e+001
  1.6154e+001
  1.8394e+002
  3.0939e+000
  5.6749e+001
  2.4690e+000
  1.5075e+001
  8.7861e+001
  9.4247e+000
  1.2916e+001
  6.3068e+002
  6.7858e+002
  1.6190e+000
  1.3265e+002
  4.4595e+001
  5.2473e+000
  1.3038e+001
  3.9065e+001
  2.7167e+001
  3.0073e+001
  6.1082e+002
  2.3288e+001
  5.2338e+001
  8.4383e+000
  3.2249e+001
  1.3651e+001
  1.2914e-001
  5.9744e+001
  9.3644e+001
  1.9319e+001
  1.3799e+001
  1.8563e+001
  2.0653e+001
  2.5428e+000
  9.1777e+001
  2.0903e+001
  2.7151e+001
  6.1838e-001
  1.0893e+001
  2.9490e+001
  2.2378e+003
  2.7923e+000
  4.1678e+000
  2.1023e+001
  4.9113e+000
  2.2706e+000
  1.1279e+001
  1.6227e+001
  2.8444e+000
  9.3360e+000
  2.6369e+000
  8.2084e+001
  1.8018e+001
  4.0206e+000
  3.0464e+001
  1.6394e+000
  6.6666e+000
  5.2864e-001
  7.2775e+001
  1.9519e+003
  1.6609e+001
  6.6370e+000
  6.6804e+000
  1.1376e+001
  2.1543e+001
  6.7821e-001
  2.1995e+001
  2.9157e+001
  3.8834e+001
  4.8028e+001
  2.7278e+001
  3.0978e+001
  5.6182e+000
  2.5742e+001
  7.7836e+001
  6.6942e+000
  2.7044e+000
  1.7631e+001
  8.1321e+001
  3.1622e+000
  6.6396e+000
  2.1321e+003
  5.6448e-001
  1.5069e+001
  3.1793e+001
  7.5335e+001
  9.9058e+002
  3.5542e+001
  1.4395e+001
  1.1086e+001
  2.2993e+000
  2.9443e+001
  8.0833e+001
  1.9005e+001
  1.1487e+003
  8.6113e+001
  3.0977e+003
  5.0829e+000
  3.1511e+000
  1.1997e+001
  5.1779e+000
  1.0283e+001
  5.9615e+000

