  6.6783e+002
  2.7805e+000
  1.8031e-001
  4.9360e-001
  8.7251e+000
  8.5677e+002
  1.3967e+002
  1.4855e+000
  4.6735e+002
  8.3398e-002
  8.0565e-001
  2.1243e+002
  2.4311e+002
  2.6959e-001
  2.2164e+000
  8.0135e-004
  1.6312e+002
  4.4263e+001
  4.4179e+001
  4.3515e+002
  2.7961e+002
  7.6783e-001
  1.1395e+001
  3.1189e-001
  1.0760e+003
  5.8551e+002
  2.2220e-001
  9.5931e-001
  2.0089e+000
  6.2162e-001
  1.7159e-002
  4.1749e-002
  1.3831e-001
  1.0864e+001
  9.0050e+001
  2.2463e-001
  7.0452e+000
  5.4050e+002
  1.7647e+002
  1.9382e+002
  8.0050e+001
  1.1293e+000
  4.0245e+001
  2.1127e-001
  8.3709e+000
  5.5065e+001
  2.5397e+001
  2.9808e+002
  1.2790e+001
  1.6358e+001
  1.3665e+002
  4.3307e+000
  8.3951e+001
  1.0613e+002
  5.4798e-001
  6.5211e+001
  4.7826e-003
  6.1651e+002
  6.3868e+000
  2.5072e+001
  1.8046e-001
  1.0092e+001
  8.2900e+001
  1.4161e-002
  1.3232e+000
  8.1054e-002
  3.5041e+002
  1.5910e+002
  2.0195e+000
  3.6223e+002
  2.1169e-001
  7.1475e-001
  2.6245e+002
  1.1965e-001
  3.6742e-001
  7.7446e+000
  2.5913e-001
  2.6832e+001
  2.3649e+000
  2.6793e+002
  1.3478e+000
  1.2441e+002
  1.2691e+001
  3.9628e+000
  1.1551e+000
  5.8609e+002
  7.3437e-002
  7.0433e+000
  1.6212e+001
  5.1148e+002
  1.2052e+002
  1.9257e+001
  1.0292e+002
  1.4839e+001
  1.4107e+001
  2.9107e+001
  6.4890e+001
  2.5974e+000
  2.6867e+000
  4.4673e+001
  4.5077e+002
  3.0505e-001
  2.6804e+002
  1.6088e-001
  3.6846e+001
  7.8201e+001
  2.4052e-001
  1.1157e+002
  5.2146e-001
  2.4998e+000
  6.5634e+002
  6.8890e-002
  1.3669e+002
  7.4136e+000
  1.9242e+000
  8.7639e+001
  3.5912e+000
  3.0115e-001
  5.1828e+001
  2.7350e+002
  3.6768e-001
  1.9674e+001
  3.1064e+001
  1.5806e+002
  1.0194e+003
  1.1993e+002
  2.9086e+002
  9.5871e+001
  7.4344e+001
  1.5703e+001
  1.2200e+002
  2.7047e+000
  1.1364e+002
  1.6163e-001
  1.2384e-001
  3.6068e+002
  2.2595e+002
  3.9270e-002
  8.4518e-001
  4.1462e+001
  5.3279e-001
  2.1179e+002
  1.2023e+002
  6.0723e+001
  1.4451e+000
  1.1511e-001
  1.0703e+001
  1.2127e+002
  3.9966e+002
  9.4816e+002
  7.9592e+001
  7.3153e+002
  2.8882e-001
  3.3505e+001
  4.0236e-001
  9.0717e-002
  6.4431e-002
  1.2544e+000
  4.4748e+001
  4.5643e+002
  2.4637e-001
  3.0138e+001
  4.7382e+002
  6.2793e-001
  3.5360e+001
  2.3044e-001
  4.6487e+001
  7.1837e+000
  5.4510e-001
  1.4570e+002
  6.3163e+001
  2.6310e-001
  1.6104e+002
  6.8493e-001
  5.5289e+001
  2.5317e+000
  4.5965e-001
  9.5183e+001
  6.3286e+001
  7.8140e-003
  2.9356e+002
  2.8921e-001
  9.3293e-001
  4.3218e+002
  9.7249e-002
  3.1368e-001
  4.2605e+001
  4.3672e-002
  4.7617e+002
  5.3351e+001
  2.2544e+000
  4.6999e-001
  1.2081e+000
  9.1960e+001
  1.7988e+001
  6.1881e-002
  2.5869e+002
  2.7466e+000
  2.2890e+002
  1.4483e+001
  2.6430e+001
  2.6621e+002
  1.0196e+001
  2.0308e-001
  3.6496e+000
  5.9159e-001
  2.8105e+000
  1.0054e+003
  6.1460e-001
  8.4660e-001
  9.4676e+001
  4.2114e+002
  5.4788e+000
  5.5413e+001
  4.0604e-001
  6.1177e+002
  3.6702e+002
  1.6499e+001
  3.5450e+001
  1.8421e+000
  6.0258e-001
  4.4201e-002
  1.7537e+000
  4.7014e+001
  3.9181e-001
  1.4583e-001
  3.1954e+002
  2.9252e+002
  1.3798e+000
  2.6869e+002
  1.1201e+001
  1.9109e-002
  2.0224e+001
  9.6041e-002
  9.6401e+000
  4.4867e-002
  1.0623e+003
  8.4216e-001
  1.5767e-001
  3.9449e+002
  2.3261e+001
  5.2326e-001
  1.4723e+000
  2.2572e+002
  3.8269e+000
  1.4696e-001
  1.6551e+001
  2.4102e+000
  3.3794e+002
  9.2088e-002
  1.3322e+000
  8.1283e+001
  7.1384e-001
  8.0058e+002
  4.3015e-001
  1.6629e-001
  4.0078e+001
  3.5639e+000
  1.0132e+002
  1.5715e+002
  1.3016e+000
  2.5378e+001
  3.6682e-001
  2.3437e+002
  2.2436e+002
  2.4354e+002
  4.4483e-001
  1.2148e+001
  1.3704e+003
  3.1046e+001
  4.0462e+001
  9.5370e-001
  2.5026e+001
  4.1229e+001
  2.9412e-001
  1.3529e+002
  1.9531e+002
  2.6406e+000
  9.1038e-003
  5.0901e-002
  4.1356e-002
  1.7717e-001
  5.1998e-001
  3.6804e+002
  6.2365e+001
  1.2887e-001
  6.3824e-001
  3.1627e+000
  4.7050e+001
  3.4691e+001
  1.2666e+002
  2.7293e+002
  1.5525e-001
  1.0830e-001
  3.6943e+001
  1.2042e+001
  2.7330e+001
  1.6176e-001
  7.8352e-001
  4.4540e-001
  1.1693e+002
  2.1892e+000
  8.6266e+000
  9.0024e+001
  1.8303e+001
  2.2336e+000
  4.4767e+000
  2.5569e+002
  5.5212e-001
  6.6623e-001
  1.3747e+000
  2.9580e+001
  3.7884e-001
  3.8281e+001
  5.0051e+000
  1.0349e+000
  2.9560e-001
  3.6714e-002
  3.4219e-001
  5.0457e-001
  3.5231e-001
  1.9939e-001
  2.9672e+002
  7.5195e-001
  3.5125e+000
  9.6992e+001
  2.2721e+000
  1.5213e+002
  1.0259e-001
  1.4161e-001
  3.5457e+001
  6.5006e-001
  3.0888e+001
  1.6525e-001
  6.0729e+001
  4.1717e-001
  1.1102e+000
  1.5001e+002
  1.1657e-001
  1.0095e-001
  1.6033e+002
  1.2632e+001
  2.6537e-001
  1.2957e+000
  1.6032e+000
  1.5525e+002
  5.9084e+002
  1.0356e+000
  4.9041e-001
  1.4395e-001
  2.3220e+002
  2.7346e+001
  1.2762e+002
  4.8589e+001
  3.5226e+002
  5.3312e-002
  1.3835e+002
  3.7637e+002
  3.4322e+002
  2.3024e-001
  6.4493e-001
  6.9330e+000
  1.1725e+002
  4.8042e+000
  2.2086e+000
  9.9630e-001
  3.1620e+000
  4.3101e-002
  4.8288e+000
  1.2571e-001
  8.0170e-001
  7.2191e+002
  3.9683e+000
  1.7162e+002
  5.3698e+002
  5.1926e-001
  6.6097e+001
  7.4271e-001
  1.1250e+002
  1.6583e+002
  2.8923e+001
  6.8446e+000
  3.8711e+000
  2.1975e+000
  7.9064e+002
  2.1081e+000
  1.4876e+000
  5.6919e+001
  1.1337e+000
  5.2830e-002
  2.4011e+001
  1.2779e+000
  5.7803e+001
  6.9784e-001
  2.6880e+001
  5.1943e+002
  3.6458e+000
  2.2323e+000
  3.4680e-001
  7.4863e-001
  1.4280e+001
  2.6891e+000
  1.1438e+001
  1.1689e+000
  9.7563e+001
  4.1475e+000
  1.2128e+000
  1.8662e+002
  2.0617e+001
  9.9125e+001
  2.1222e+002
  2.1505e+001
  8.8289e-001
  5.5218e-001
  9.5373e+001
  8.4697e-001
  9.4323e-002
  3.5677e+002
  1.2586e+001
  1.1083e+002
  5.6362e-001
  1.1681e+000
  4.1009e+001
  2.4182e+000
  5.7389e+001
  9.6711e-002
  1.0688e+000
  7.3595e+001
  2.7021e+000
  1.8557e+000
  4.4567e+000
  5.4472e+002
  5.4113e+001
  9.6536e+000
  3.0465e+001
  1.8163e+002
  2.2095e+000
  1.9851e+001
  1.2329e+000
  1.5527e-001
  8.9180e-001
  6.0960e+000
  1.5708e+000
  4.5420e+002
  6.1840e-001
  8.6074e-001
  3.5276e-001
  4.1683e-001
  2.0197e+002
  3.3685e-001
  8.6066e+001
  1.9327e+002
  1.9231e+001
  1.3132e+003
  3.3239e+002
  1.3480e+001
  8.7402e+002
  3.7738e+002
  1.2884e+000
  1.7026e+001
  6.6581e+001
  7.4482e-001
  2.3479e+002
  1.5852e+002
  4.6681e-002
  5.4927e-001
  1.4546e+002
  2.2708e+000
  3.8226e-001
  1.3562e+001
  1.1960e-002
  1.6198e+002
  7.3609e-001
  1.1969e+002
  4.7669e+000
  2.9753e+001
  4.7626e-001
  8.7967e-002
  7.6314e-001
  2.2900e+002
  6.8057e-001
  4.5164e+002
  2.9375e+001
  6.8321e+001
  5.9049e+002
  9.0678e-002
  6.9154e+002
  1.3330e+000
  5.5993e-001
  9.2071e-001
  8.9491e+001
  1.7653e+001
  7.6517e+000
  2.1317e+001
  1.4423e+000
  2.0708e+002
  6.7229e-001
  5.2835e+001
  1.4739e-001
  1.1019e+000

