   0.7323
   1.0000
   0.9778
   1.2625
   0.6608
   1.3278
   0.6317
   1.8164
   1.3967
   0.7714
   0.8049
   1.5644
   1.1745
   1.2501
   1.0000
   0.6079
   0.6133
   1.0667
   0.9281
   0.9777
   1.0000
   0.3736
   1.3524
   0.9091
   1.3670
   0.4174
   0.8401
   2.0841
   0.5272
   0.6962
   1.0000
   1.1153
   0.7222
   1.0000
   1.4038
   0.6647
   1.1831
   0.8654
   1.6469
   1.0900
   0.8346
   1.0000
   0.8012
   0.7175
   2.0240
   1.0000
   1.1039
   1.2326
   0.5393
   0.6314
   1.0622
   0.7924
   1.2711
   1.0000
   0.9860
   0.5604
   1.0234
   1.0084
   0.7327
   1.3137
   2.1210
   0.8329
   1.1899
   0.9225
   0.6298
   1.4953
   0.9000
   0.6495
   1.0000
   1.0826
   0.8225
   0.6169
   1.0163
   0.8590
   1.4405
   0.6680
   1.2688
   1.0000
   0.6517
   1.3445
   0.7586
   1.3782
   1.3441
   0.8284
   0.9786
   0.3451
   0.7537
   1.9196
   1.0648
   0.6966
   1.0052
   1.1555
   1.1024
   0.8725
   0.6904
   1.2620
   1.2073
   0.2974
   1.0908
   0.7246
   1.1196
   1.0000
   1.4197
   0.5211
   0.8778
   0.6555
   1.0000
   0.6135
   0.9941
   1.4414
   0.5714
   1.4390
   0.9332
   1.0488
   0.3002
   0.8356
   0.5372
   1.0087
   1.1607
   1.3793
   0.4784
   1.3445
   0.5669
   1.2866
   0.8943
   2.1481
   0.9177
   0.9686
   1.1923
   0.3873
   1.4258
   1.6917
   1.3721
   1.1669
   1.7897
   1.4038
   0.5351
   1.3045
   1.2806
   1.0000
   1.0236
   0.6651
   0.6146
   1.8086
   1.0042
   1.0096
   1.1940
   1.2338
   0.7814
   1.0000
   0.5530
   0.8970
   0.9224
   1.2325
   1.0000
   1.0000
   0.5460
   0.7485
   1.1290
   1.2988
   0.6714
   0.6381
   1.0131
   0.8243
   1.0000
   1.0784
   0.9569
   0.8529
   1.0000
   1.8175
   0.5226
   1.3679
   0.7612
   1.2055
   1.5621
   1.0640
   0.7393
   0.4678
   1.5099
   1.0000
   1.0759
   0.8443
   0.5255
   1.1292
   1.0324
   1.4643
   0.5296
   1.0329
   1.0000
   0.3981
   0.6820
   1.0699
   0.7594
   0.4889
   1.6953
   1.0000
   0.9320
   1.2208
   1.2239
   0.5915
   1.0000
   0.8282
   0.6474
   0.6937
   0.9116
   0.7753
   1.1993
   0.8635
   0.6876
   1.5706
   0.9950
   0.5899
   1.0000
   1.0000
   1.0559
   1.4191
   1.3251
   1.1487
   0.8707
   1.0000
   1.0000
   1.3629
   0.4006
   0.5026
   0.7702
   0.5942
   1.0000
   0.8253
   1.4603
   0.5933
   0.5034
   0.9768
   1.2150
   1.4958
   1.3527
   1.1775
   1.1638
   1.1905
   0.8018
   1.8622
   1.0928
   1.3417
   1.1335
   0.5026
   1.1921
   1.2032
   1.8702
   1.5227
   1.5524
   0.9882
   0.7142
   1.0555
   1.5107
   0.9147
   1.6219
   1.0000
   1.0000
   1.0727
   0.8513
   1.0000
   0.4342
   1.0000
   0.6303
   1.0000
   1.0030
   0.5731
   0.7227
   1.0000
   0.3475
   0.8935
   1.0782
   1.1688
   1.4293
   0.7898
   1.0139
   1.3071
   0.9185
   0.9989
   1.0000
   1.6826
   1.0197
   0.6278
   1.0000
   0.5267
   1.7013
   1.0000
   1.1987
   1.2544
   0.8962
   1.4279
   0.4693
   1.1553
   0.2845
   1.0000
   0.9987
   0.7316
   1.0111
   0.8908
   1.7385
   1.0000
   1.0000
   1.6646
   0.9167
   1.4091
   1.4315
   1.4286
   0.7536
   1.0000
   1.1600
   1.1897
   0.7666
   0.9991
   1.3167
   1.0000
   1.0000
   1.0740
   1.0610
   0.7907
   0.6833
   1.2711
   1.1379
   1.3383
   0.7271
   1.1856
   1.3345
   0.5114
   1.2617
   1.0000
   0.7900
   0.5213
   1.3189
   0.9319
   0.9281
   1.6997
   1.4332
   0.9082
   1.4681
   0.9929
   0.8392
   0.9276
   1.0000
   1.1941
   0.3757
   1.0481
   0.9947
   0.8013
   0.8338
   0.8568
   0.7769
   1.4151
   1.4786
   1.2630
   1.3854
   1.1183
   0.6441
   1.0000
   1.0000
   1.5821
   0.7486
   0.6686
   0.9242
   0.6538
   1.0795
   1.1306
   0.6813
   1.5159
   1.0000
   1.2756
   1.0000
   0.4693
   0.7162
   1.2405
   1.1770
   1.5906
   1.1887
   1.8075
   1.2729
   1.2027
   1.2731
   0.9660
   1.0000
   0.7220
   1.0778
   1.0262
   0.7544
   0.5094
   0.9201
   0.8400
   0.5570
   0.6045
   0.8845
   1.3826
   0.9782
   1.1032
   0.7505
   0.5278
   0.5785
   1.1564
   0.9421
   1.1145
   0.2786
   1.2156
   0.7354
   1.0974
   0.9695
   1.3585
   0.7913
   1.4003
   0.9194
   1.0000
   0.3513
   1.1783
   1.5089
   0.4640
   1.2770
   0.4277
   1.9557
   1.0170
   0.9126
   0.7899
   0.9857
   1.2146
   0.7582
   0.7294
   1.1367
   0.7355
   1.6440
   0.5070
   0.9533
   1.0505
   1.2943
   0.5616
   0.5648
   1.3442
   1.0000
   0.9432
   1.0000
   0.5320
   1.4395
   0.6055
   0.9216
   0.9383
   0.5938
   1.0000
   1.5426
   1.0000
   0.5549
   0.6891
   1.0000
   0.8522
   0.3995
   1.2568
   1.3819
   0.6853
   1.3837
   0.4990
   1.0000
   0.8358
   1.1508
   1.4651
   0.7398
   0.9132
   0.9290
   1.5258
   0.9039
   1.2661
   0.7479
   0.6992
   1.1922
   1.0000
   1.3707
   1.2455
   1.0425
   0.7330
   1.0063
   0.8197
   0.6728
   0.7905
   1.0000
   0.9015
   0.6073
   1.4539
   1.0712
   0.5631
   0.5914
   0.9530
   1.0000
   1.0685
   1.1471
   1.1612
   0.5259
   1.5146
   1.5539
   0.8501
   0.5994
   1.0000
   1.0000
   1.3689
   0.9195
   1.1656
   0.6148
   1.1043
   1.5585
   1.4822
   1.0603
   1.2162
   1.6039
   0.8347
   1.1077
   1.1054
   0.6829
   0.7993
   1.0000
   1.0343
   1.0000
   0.7278
   0.9414
   1.0000
   1.3406
   1.2007
   1.0000
   0.7334
   1.1736
   0.6175
   0.8521
   1.0000
   0.3668
   1.0000
   1.3371
   1.4974
   2.1127
   1.1422
   0.9940
   1.0000
   0.4475
   0.6892
   1.1834
   1.4298
   1.4979
   1.2032
   1.0000
   0.6558
   1.0000
   0.5214
   0.9512
   0.5169
   0.8160
   1.3685
   1.1850
   1.0359
   0.6008
   0.8084
   0.9316
   0.5719
   0.7298
   0.9515
   0.5854
   1.2505
   1.0000
   1.4150
   1.9369
   0.8293
   1.0000
   0.5498
   1.0825
   1.1088
   1.0569
   0.8336
   1.0000
   1.0000
   0.7562
   0.8747
   0.8695
   0.6683
   0.6369
   0.5755
   0.6282
   1.2739
   0.6763
   0.7839
   1.0422
   1.5759
   1.0000
   1.5692
   0.5607
   0.7520
   1.1022
   0.4659
   0.8106
   0.6176
   1.1842
   1.3146
   1.1479
   0.4067
   0.9096
   1.0000
   1.9467
   1.2160
   0.6982
   1.3293
   0.6519
   1.5703
   2.3139
   0.7956
   0.6365
   0.5961
   0.9471
   1.0229
   1.0000
   1.5795
   1.0000
   0.8077
   1.4466
   1.2246
   0.7564
   1.4221
   0.9598
   1.0000
   1.0199
   1.8689
   0.7644
   1.0000
   0.6240
   0.6273
   1.0000
   1.2183
   1.0201
   1.0000
   1.0000
   0.5446
   1.0867
   0.9912
   0.8412
   0.6826
   0.9002
   1.0000
   0.5007
   1.1858
   1.2434
   0.4699
   1.5621
   0.8963
   0.4797
   0.7207
   0.8715
   1.7353
   1.2940
   1.3297
   0.4529
   1.3317
   1.0000
   1.9614
   0.6590
   1.2087
   1.3075
   0.9343
   0.9135
   0.9005
   0.5700
   0.7692
   0.5653
   0.8267
   1.3218
   1.7451
   1.5195
   1.1642
   1.1542
   1.2040
   0.7252
   0.6945
   1.0000
   1.6277
   0.4685
   1.1822
   1.0728
   0.6463
   0.8568
   1.0000
   1.1154
   0.9118
   0.3413
   1.0997
   0.3377
   1.1727
   0.9011
   1.0000
   0.8844
   1.4816
   1.3989
   1.7507
   0.7201
   1.8961
   0.9087
   1.6463
   0.8901
   1.0000
   1.0108
   0.7923
   1.0000
   1.2754
   0.5391
   0.5521
   1.0000
   1.4641
   1.0268
   1.2903
   1.1401
   0.7362
   0.8822
   1.0452
   1.0000
   0.7363
   1.0000
   0.7144
   2.4291
   1.1558
   1.3019
   1.2201
   1.1477
   1.0000
   1.1646
   1.6923
   1.3200
   1.4148
   0.5742
   1.4737
   0.6114
   0.8488
   0.7501
   0.8400
   0.8026
   1.2118
   0.5720
   1.0000
   1.6731
   1.0000
   0.9167
   0.7196
   1.1508
   0.8732
   1.0217
   1.1988
   1.6047
   0.3072
   0.5117
   1.0000
   1.0943
   1.1238
   0.9227
   0.5477
   1.1520
   0.7021
   0.4853
   0.5321
   1.7262
   0.5455
   0.6752
   1.4258
   1.2147
   1.2429
   0.4403
   0.5282
   1.0454
   1.0000
   0.6928
   1.1165
   0.7866
   0.6135
   0.9322
   0.9090
   0.5886
   0.8980
   1.0427
   1.1801
   1.3468
   0.9732
   0.5648
   1.0602
   1.2582
   0.6715
   1.0000
   1.0114
   0.8155
   0.6558
   1.3155
   0.7973
   0.9711
   1.5393
   0.7702
   0.6404
   0.7708
   0.6766
   1.1861
   0.9579
   0.7570
   0.4909
   1.4850
   0.8105
   0.9688
   1.2308
   1.0000
   1.0575
   1.2145
   0.9158
   1.1037
   1.1760
   1.7575
   1.5184
   0.8748
   0.5892
   0.7698
   1.2024
   1.8253
   1.0000
   1.5601
   1.0931
   0.6002
   2.0164
   0.5705
   0.8405
   0.6260
   1.0673
   1.3971
   0.5266
   1.1938
   0.6571
   1.3899
   1.0000
   1.1472
   0.4070
   0.7804
   1.0000
   0.7052
   1.1244
   0.8915
   0.4631
   1.0000
   0.5621
   0.6441
   0.8242
   0.6770
   1.5258
   0.6235
   0.8665
   0.4316
   1.0733
   1.0235
   0.6583
   0.8450
   1.0000
   0.7669
   1.0000
   1.2721
   1.0000
   1.0000
   1.3439
   1.4068
   0.7831
   0.6751
   0.8826
   1.2365
   0.9061
   1.0469
   0.6337
   1.7248
   0.9325
   0.8418
   0.4630
   1.0339
   1.3206
   0.5215
   1.0000
   1.1793
   1.0000
   0.9096
   0.8559
   0.7271
   1.5989
   1.4032
   0.9100
   1.6974
   0.7433
   1.0000
   1.0000
   0.9986
   1.0835
   0.5397
   1.2553
   1.0000
   1.3153
   1.0000
   1.4886
   0.7190
   1.0773
   0.1212
   1.5704
   0.7112
   0.9337
   0.6249
   1.3523
   0.6209
   0.8804
   1.0799
   1.0224
   0.8798
   1.0071
   0.9465
   1.2663
   0.7718
   0.5503
   1.2299
   0.6622
   0.9003
   0.7947
   1.0913
   1.0000
   0.9312
   0.5742
   1.0141
   1.0865
   0.8440
   0.6790
   1.2638
   0.6823
   0.7179
   1.0819
   1.3957
   0.8646
   1.0454
   1.1025
   1.4894
   1.0000
   0.8219
   0.4688
   0.8941
   0.9099
   0.9654
   0.3150
   1.6593
   0.6426
   0.3836
   0.4165
   0.7494
   1.0000
   2.0172
   0.6904
   1.1518
   1.1923
   0.3810
   0.9899
   0.9146
   1.1573
   1.0193
   1.0000
   0.7483
   1.0000
   1.2067
   0.5147
   1.0000
   0.8211
   1.3373
   0.9119
   1.7692
   0.8932
   1.0000
   0.9546
   1.4380
   1.0000
   1.3292
   1.2768
   0.9019
   0.8234
   1.0000
   0.4122
   1.0412
   1.9554
   0.6766
   1.0000
   1.2874
   0.3142
   1.1657
   0.9264
   1.0021
   0.9383
   1.1812
   0.7981
   1.0000
   1.0000
   0.6399
   1.4963
   0.6722
   0.4291
   1.0000
   1.1593
   1.0326
   1.5373
   1.0000
   0.8551
   1.2081
   1.1441

