    0.7860
    0.5695
    0.4310
    1.0238
    0.0007
    0.0424
    0.1414
    0.5205
    0.1025
    0.2556
    0.0072
    0.0344
    0.2495
    0.2641
    0.1134
    1.0157
    0.1209
    1.1449
    0.1030
    0.2778
    3.7093
    0.2305
    0.1867
    0.0120
    0.3340
    0.4987
    0.6382
    1.3879
    0.0949
    0.4336
    1.4268
    0.2371
    0.3661
    0.0797
    0.0391
    0.0337
    4.8618
    0.4299
    0.3634
    0.0817
    0.7721
    0.9388
    0.1397
    0.1318
    0.1036
    6.4424
    2.1134
    0.4524
    1.0513
    0.3739
    0.1822
    0.5069
    0.0431
    0.7054
    1.1543
    0.1563
    0.3411
    0.4504
    0.8646
    0.3434
    0.2493
    1.3400
    0.3129
    0.6030
    0.0685
    0.1060
    0.2575
    4.7713
    0.0073
    0.2590
    0.6728
    0.0129
    0.0783
    4.4478
    0.3867
    0.4872
    0.1534
    0.0079
    0.3208
    0.1930
    1.0194
    0.0035
    0.1540
    0.7520
    0.1552
    1.3211
    0.1557
    0.0593
    0.4583
    7.4381
    0.5301
    0.4480
    0.7229
    0.0623
    0.3282
    0.4414
    0.2170
    0.1336
    0.1294
    0.6396
    0.3196
    0.7223
    0.0408
    0.2372
    0.0611
    0.0094
    0.0361
    0.4143
    0.2692
    0.1938
    0.1470
    2.4173
    0.0322
    0.2259
    3.4188
    0.7855
    0.0450
    0.3171
    0.1803
    0.0265
    0.1783
    0.1337
    0.0865
    0.3406
    0.0908
    0.0876
    0.0248
    9.2288
    0.0113
    0.0664
    0.2337
    0.2288
    0.1169
    0.0016
    0.6356
    0.1111
    0.3793
    2.3438
    0.0334
    0.1164
    0.0342
    0.2940
    1.6121
    0.2724
    0.0522
    0.0868
    8.9856
    0.9107
    0.0221
    0.2654
    1.0429
    0.2397
    0.2657
    0.0733
    0.2342
    0.4972
    0.2228
    0.3338
    0.0119
    0.1083
    0.0796
    0.0153
    0.5762
    0.0652
    0.4571
    0.9728
    4.0548
    0.4640
    0.1333
    0.7134
    2.6206
    0.3887
    0.3748
    0.1234
    0.0760
    0.2469
    0.3002
    0.0669
    0.5140
    0.6322
    0.2294
    0.0860
    2.8020
    0.3320
    0.5492
    0.4040
    0.2411
    1.2055
    0.1012
    0.1146
    1.6154
    0.0120
    0.4432
    0.2428
    1.7644
    1.6178
    0.0355
    0.4774
    1.0972
    0.1464
    3.4692
    0.2130
    0.4197
    0.9468
    0.7016
    0.7059
    0.3483
    0.0399
    0.0015
    0.2556
    1.4983
    0.1833
    0.2423
    0.2938
    0.3031
    0.2259
    0.0612
    0.1277
    0.5197
    0.5771
    0.1298
    0.0126
    0.0266
    0.0117
    0.1671
    0.0323
    0.1460
    0.3066
    0.7277
    0.7353
    0.0572
    0.0530
    8.4838
    0.4970
    0.5210
    0.0216
    4.8660
    3.0317
    0.3046
    0.5119
    0.6213
    0.5586
    0.0240
    0.3557
    4.3401
    0.3660
    0.2326
    0.1192
    0.1893
    0.4697
    0.2208
    0.2887
    1.0833
    0.2837
    0.0998
    5.1808
    0.3595
   14.7248
    1.3476
    0.2219
    0.1433
    0.1118
    5.0324
    1.4894
    0.1968
    0.2148
    0.1773
    0.1614
    0.4966
    0.5007
    1.2336
    0.0473
    0.1108
    0.0918
    0.4922
    0.5069
    0.0335
    0.2363
    0.2154
    0.8105
    2.2021
   28.7494
    0.0901
    0.9778
    0.2765
    0.0485
    0.2625
    0.1801
    1.3377
    0.0978
    0.6600
    0.2905
    0.2160
    0.0825
    0.1676
    0.0431
    0.0468
    0.1894
    0.1191
    0.1810
    0.9571
    0.3991
    0.2121
    0.4437
    0.8319
    1.1152
    3.5391
    0.0541
    0.5357
    0.8434
    0.0045
    0.3577
    0.2054
    0.1505
    0.3926
    0.2228
    0.1248
    0.2281
    0.1344
    0.0381
    0.1626
   10.4419
    0.7554
    0.1081
    0.3453
    0.1360
    0.3464
    0.0495
    0.1638
    0.4764
    0.2726
    0.2837
    1.3200
    1.2893
    0.0480
    1.6036
    0.4288
    0.5750
    2.8811
    0.4262
    0.5321
    0.7036
    0.1217
    0.1979
    0.5297
    1.6294
    0.0756
    0.2660
    0.1193
    0.2705
    0.3932
    0.3213
    0.1160
    0.0777
    0.0511
    0.0453
    2.1114
    0.0785
    0.1035
    0.2144
    0.0725
    0.6391
    0.3807
    0.4326
    0.2729
    0.5564
    0.1854
    0.2859
    0.2468
    4.7061
    0.1936
    0.0614
    0.0688
    0.0133
    0.1045
    0.0846
    0.0880
    0.0291
    0.7743
    1.1115
    0.4708
    9.0195
    0.0108
    2.1570
    0.0158
    2.0386
    1.4451
    0.6157
    0.3462
    0.1080
    0.1223
    0.5513
    0.5628
    0.1924
   14.1155
    0.8077
    0.3948
    1.0866
    0.3884
    0.7356
    0.3372
    2.0088
    0.3363
    0.1528
    0.0440
    1.0643
    0.1022
    0.0855
    0.4101
    0.8912
    1.2664
    5.7941
    0.0533
    0.0369
    0.7621
    2.2720
    0.3765
    0.6945
    4.2189
    0.5698
    0.3559
    0.1521
    0.0590
    0.2628
    0.2641
    0.6738
    0.0451
    0.4182
    0.0173
    0.1876
    0.1130
    0.2285
    0.1200
    0.0051
    0.2678
    0.0323
    0.7550
    0.8131
    0.2020
    0.2403
    0.1088
    0.4618
    0.4767
    0.2273
    0.0151
    1.2587
    0.3822
    3.4894
    0.0784
    0.0972
    0.0574
   13.6375
    0.8889
    0.4190
    0.9846
    0.2180
    0.0781
   11.8041
    0.4287
    0.1554
    0.5831
    0.9816
    0.6835
    0.7959
    3.9038
    0.0468
    0.0388
    0.1451
    0.0946
    0.2799
    0.1853
    0.1311
    0.7236
    0.4791
    0.4181
    0.1506
    0.0898
    0.0716
    0.1846
    0.0010
    3.6253
    0.2115
    1.6510
    0.2667
    0.9938
    0.1965
    0.0855
    1.8037
    0.0451
    0.4482
    1.7974
    0.0931
    0.2732
    0.0187
    0.1315
    0.2105
    0.2413
   11.2691
    0.7405
    0.4558
    0.0788
    0.0069
    0.0961
    0.1006
    0.2197
    0.0918
    0.2003
    0.3078
    0.0183
    0.2223
    0.6967
   10.8669
    0.5564
    0.4017
    8.9753
    0.2778
    0.2355
    0.0793
    0.0314
    0.1806
   11.0579
    4.0562
    0.2987
    0.2985
    0.2689
    0.2121
    0.1177
    0.3749
    0.1624
    2.8173
    2.5118
    0.1107
    0.1904
    0.9944
    3.6610
    6.8113
    1.6044
    0.0544
    8.2550
    0.0029
    1.1855
    0.4425
    0.2806
    0.3045
    1.8121
    1.1834
    0.2173
    0.3793
    0.0110
    0.1093
    0.3457
    0.3027
    8.9689
    0.5695
    0.0868
    1.0932
    0.0714
    0.1875
    0.4586
    0.2680
    0.0924
    0.3188
    0.6598
    5.1470
    0.2445
    0.1424
    0.3981
    0.1301
    0.0545
    0.1598
    0.8568
    0.8241
    2.4402
    0.5355
    0.0010
    0.1999
    0.2877
    6.7856
    1.6241
    0.3139
    0.2833
    0.3681
    0.5103
    0.2358
    1.3059
    1.1024
    0.0035
    0.1976
    0.0823
    1.1207
    0.1148
    0.0278
    0.0072
    0.2550
    0.0644
    0.0618
    0.0111
    0.4869
    0.2073
    9.4181
    0.3867
    0.0964
    0.2478
    3.4215
    0.1507
    0.5874
    0.2244
    0.5585
    1.0474
    7.0649
    5.1705
    1.1668
    0.3014
    0.0921
    0.0341
    0.9752
    4.3373
    3.3889
    0.4816
    0.4460
    0.8089
    0.1359
    0.1072
    0.0143
    0.3070
    0.4367
    0.0141
    0.4306
    0.0882
    0.4036
    0.1007
    0.2543
    0.0303
    0.5033
    0.6627
    0.1135
    0.0132
    0.0722
    0.1793
    0.1441
    0.0411
    0.8646
    1.0745
    0.4884
    2.8700
    0.1095
    1.0416
    0.2602
    0.1980
    1.0023
    7.4067
    2.0389
    1.1712
    1.8653
    0.1990
    0.6947
    0.3787
    0.1997
    0.3697
    3.4589
    0.4022
    0.2910
    0.4512
    6.0093
    0.1266
    2.7588
    0.1989
    3.6476
    0.1379
    0.0533
    0.5633
    6.5179
    6.8325
    0.3560
    0.6442
    0.3537
    0.9153
    0.6115
    0.2667
    0.0314
    0.0103
    0.2732
    0.1969
    0.8083
    2.9086
    0.0618
   24.3095
    0.1100
    0.4657
    0.0654
    1.9181
    0.2017
    0.1936
    0.0890
    8.0542
    1.1394
   11.2957
    0.4885
    1.2939
    0.8773
    0.1790
    0.0706
    0.3315
    0.3727
    0.1692
    0.2560
   23.9554
    0.1336
    0.5591
    0.4381
    0.1409
    0.1825
    0.4093
    0.4025
    0.1601
    0.1405
    0.4618
    0.0102
    0.0601
    0.5652
    0.1636
   10.0965
    0.0788
    0.9100
    1.6483
    0.1955
    0.7637
    0.4715
    0.6088
    0.1947
    0.0087
    0.1435
    1.7844
    0.0920
    0.0127
    0.2485
    0.2315
    0.0048
    0.5470
    1.2120
    0.3360
    0.0747
    0.5165
    0.4659
    0.0940
    0.5658
    0.6103
    1.1223
    0.6437
    0.2237
    0.0770
    0.9381
    2.6994
    1.5396
    0.7899
    0.3868
    0.3456
    0.5386
    0.1084
    1.0182
    5.6095
    0.1595
    0.3767
    0.2009
    0.0064
    0.0508
    0.7972
    8.6193
    2.8817
    2.6324
    0.1390
    0.3083
    0.0377
    0.6964
    0.1236
    0.2995
    0.2560
    0.2503
    0.3457
    0.4160
    0.7849
    0.4530
    2.3801
    0.3509
    0.3748
    1.7642
    0.2141
    3.1265
    1.1120
    0.0754
    0.4816
    2.5434
    3.6407
    0.2530
    0.0301
    0.6821
    0.0236
    0.7436
    0.1855
    0.2830
    0.0604
    0.5273
    0.2235
    0.0576
    0.1769
    0.2674
    0.1469
    0.4263
    0.0395
    0.5534
    0.1340
    0.1639
    1.0696
    0.8189
    0.1098
    0.2417
    0.0161
    0.2995
    0.1790
    0.1042
    0.1654
    0.1433
    0.5821
    0.3304
    0.0143
    8.9489
    0.0999
    0.2888
    0.0424
    0.1964
    0.6868
    0.0264
    0.1578
    0.3202
    4.4608
    0.5029
    1.4881
    3.6794
    0.1287
    1.0402
    0.5001
   18.1770
    0.0403
    0.3505
    0.4943
    0.1573
    0.4881
    0.0115
    0.2540
    0.1022
    0.4064
    0.0205
    1.0524
   17.4387
    0.1807
    1.1654
    0.1335
    0.3820
    0.1475
    0.3666
    0.2894
    0.7236
    0.0690
    0.0134
    0.1078
    0.0356
    1.3328
    0.5485
    0.0262
    0.1359
    0.2257
    0.9890
    0.1406
    0.0356
    0.0282
    0.2408
    0.0324
    0.1333
    1.0343
    1.1490
    0.3444
    0.0444
    0.2059
    1.4452
    0.0674
    0.3770
    0.0172
    2.3031
    0.3516
    0.1692
    0.3166
    0.0258
    4.4698
    4.5853
    0.1744
    0.7120
    0.1249
    0.9986
    0.4782
    0.2175
    1.0209
    0.1360
    0.3117
    2.3821
    0.0177
    0.1049
    0.0049
    0.0768
    0.0650
    0.2439
    0.0696
    0.2499
    0.0326
    0.4962
    0.2423
    0.0946
    4.7715
    0.1343
    0.1266
    0.0710
    1.1456
    0.9645
    0.0522
    0.2650
    0.6908
    0.0801
    0.4014
    0.6527
    1.7743
    2.8705
    0.2016
    0.1486
    1.0380
    0.3266
   15.6838
    0.1590
    0.0117
   10.3398
    0.0198
    0.0638
    0.5087
    0.0306
    0.3630
    0.0495
    0.1159
    0.1346
    0.1991
    0.0310
    0.4641
    5.9615
    0.0342
    0.0220
    0.0515
    0.3963
    0.6099
    1.3473
    0.1620
   13.6092
    0.1056
    3.4486
    1.0483
    0.1444
    0.0251
    0.2835
    0.1041
    0.3040
    0.1760
    0.2733
    0.0850
    0.2557
    0.5175
    0.0421
    0.1233
    2.4462
    0.2092
    0.5389
    0.1097
    8.3223
    1.0658
    0.1051
    0.3589
    0.7251
    0.1296
    0.0429
    0.5209
    1.6565
    0.3534
    0.3757
    0.0859
    0.0064
    0.0263
    0.9366
    0.5259
    0.0017
    0.0934
    0.5247
    0.1287
    0.2412
    1.1964
    0.0779

