   0.7540
   2.6313
   3.0817
   0.1900
   0.5033
   0.1104
   0.1227
   0.1824
   0.6326
   0.4588
   0.5971
   0.9086
   0.0961
   0.1693
   0.0805
   0.1134
   0.1717
   0.4071
   0.4109
   0.3746
   0.2113
   1.1521
   0.7349
   0.4013
   0.1626
   0.9312
   0.2711
   0.0011
   0.1627
   0.1572
   1.0009
   0.4204
   0.5339
   0.8009
   0.5218
   1.1217
   0.3776
   0.1777
   0.6222
   0.3454
   0.0147
   1.8414
   3.0810
   0.3469
   1.4707
   1.1020
   0.4457
   0.6348
   0.0464
   0.3859
   1.9490
   0.4948
   0.6096
   0.3363
   1.8042
   4.1326
   2.5604
   0.1377
   0.1278
   0.6787
   0.9421
   1.0006
   0.3879
   0.4392
   1.6934
   3.0894
   0.5814
   4.0030
   0.0372
   1.8679
   0.0967
   4.4519
   0.2205
   0.0048
   9.8006
   0.1265
   0.2708
   0.6848
   0.5890
   2.6300
   0.0006
   0.7945
   0.1894
   0.7335
   0.7072
   2.0068
   1.0874
   1.6307
   0.6373
   0.3461
   0.3057
   0.0024
   2.3554
   1.9919
   0.0301
   1.2364
   0.7734
   3.7711
   0.4513
   0.1579
   0.2069
   0.1038
   0.3853
   5.0266
   0.0667
   1.6220
   0.6321
   1.1836
   0.1392
   2.8712
   0.7568
   0.1983
   0.0150
   2.7070
   0.0785
   0.7269
   2.0002
   5.0541
   0.1332
   0.2277
   0.5487
   0.1107
   0.8464
   0.5219
   0.0571
   0.0040
   1.3342
   0.9351
   0.0327
   1.2701
   0.0643
   0.1863
   0.5681
   5.7421
   2.9829
   0.2430
   0.0882
   0.2177
   0.1346
   0.3486
   1.4736
   0.1016
   1.4290
   0.3912
   0.0244
   0.9523
   0.0932
   0.7970
   3.3321
   0.0502
   4.4856
   0.1903
   0.4870
   0.1987
   0.5329
   2.8059
   2.6035
   0.5277
   0.4035
   0.0312
   0.3550
   1.0124
   0.0493
   0.3457
   0.0508
   0.1099
   0.6203
   0.3882
   4.9538
   0.0445
   1.5092
   1.0068
   0.2056
   1.2088
   0.0523
   5.6715
   0.6030
   1.8044
   0.6512
   3.1949
   0.0959
   0.3133
   0.0079
   0.6556
   0.2547
   0.5239
   2.0544
   0.1439
   0.4262
   0.3833
   0.0443
   0.2513
   2.1791
   0.5154
   0.8261
   0.1831
   0.1484
   0.2897
   2.5614
   0.1637
   0.2722
   0.4116
   0.8213
   0.7458
   0.8789
   3.0581
   0.7683
   0.7045
   0.4890
   0.3026
   4.7487
   1.9848
   0.3859
   0.7451
   0.0062
   0.2758
   0.1521
   0.6657
   0.0965
   1.6159
   0.9836
   0.8765
   1.1328
   1.5186
   1.0903
   0.1778
   0.1307
   0.2109
   0.0449
   0.0352
   0.0756
   3.0170
   0.7332
   4.6932
   5.6335
   1.1980
   0.9415
   0.7651
   0.1347
   0.1156
   3.8456
   0.4832
   0.7314
   0.4465
   1.8055
   0.4220
   0.2616
   0.5665
   0.3051
   0.0443
   0.2316
   1.9074
   0.4705
   1.0192
   0.5669
   0.3305
   0.3207
   0.3885
   1.6743
   0.1690
   4.9062
   0.4845
   6.2542
   0.5587
   0.0089
   1.6706
   0.1619
   0.0159
   0.1708
   3.8821
   0.6569
   0.3728
   2.8006
   0.2786
   0.6793
   0.7970
   0.1231
   0.9907
   0.4231
   0.4125
   1.9606
   0.3092
   0.1868
   0.2603
   0.2789
   1.2164
   0.5154
   0.0140
   0.7688
   0.3224
   0.4079
   6.0435
   0.5157
   0.6853
   1.3772
   1.9562
   1.9972
   1.5841
   1.5279
   0.4059
   1.3958
   0.0087
   2.5891
   1.0179
   0.1169
   0.4593
   0.0223
   1.2127
   5.1631
   0.2584
   0.0384
   2.3145
   0.1248
   0.0907
   0.6176
   3.2104
   1.4735
   0.3780
   0.1931
   1.1559
   3.0876
   3.6675
   1.0299
   0.1406
   1.7477
   2.0237
   1.5486
   1.2052
   1.1487
   3.4545
   2.7282
   0.2648
   0.9125
   2.6827
   0.0746
   1.8443
   0.8877
   2.0241
   0.6515
   0.5763
   1.2781
   0.4973
   0.7324
   0.1627
   0.5127
   0.6031
   0.0743
   0.0931
   0.0823
   0.0614
   0.7949
   1.1195
   2.2395
   0.9098
   0.0073
   2.2348
   0.0440
   1.0811
   0.4332
   1.3791
   2.2639
   0.8774
   1.3090
   4.2259
   1.6487
   0.2907
   0.7144
   3.2040
   0.0416
   0.4129
   1.3069
   0.0765
   0.7671
   0.4463
   0.0064
   0.2765
   0.2948
   0.0099
   0.7005
   2.4692
   3.1942
   0.4708
   0.0578
   0.4566
   0.1890
   0.4758
   1.1738
   0.4399
   0.7338
   0.1622
   1.4630
   1.8227
   0.9974
   0.1249
   0.1866
   0.1613
   0.4748
   0.2181
   0.2545
   0.0325
   0.6053
   1.7752
   0.0681
   0.7988
   2.1220
   0.5389
   0.5014
   5.5495
   0.5423
   0.1988
   0.3362
   0.2073
   0.8115
   0.0402
   0.0998
   1.0851
   0.0592
   0.8392
   0.3271
   5.2306
   0.6432
   0.0117
   3.2319
   4.4046
   0.7984
   0.8736
   0.6534
   0.3036
   1.1969
   9.3146
   0.0360
   0.4412
   0.1927
   0.1200
   0.8184
   0.7530
   0.4978
   1.7327
   0.9094
   0.2490
   0.9649
   0.6283
   0.1128
   1.8476
   0.1430
   0.8166
   0.5296
   0.6289
   1.4701
   0.4802
   0.0377
   1.5314
   0.6933
   2.1278
   1.7299
   0.0950
   0.1816
   1.6515
   0.0111
   0.3124
   0.2248
   0.0330
   0.5566
   0.4275
   0.4947
   0.0358
   0.8556
   0.2597
   0.5219
   0.1920
   0.0766
   0.9491
   0.2353
   0.0065
   0.2827
   0.1284
   0.1352
   2.4867
   0.8505
   0.0050
   0.3618
   0.1073
   0.0866
   2.4254
   0.1374
   1.3345
   0.5125
   1.5141
   0.2513
   0.1969
   0.7627
   1.0416
   3.5569
   2.2745
   1.0221
   2.7021
   0.2160
   0.3373
   1.4405
   2.1045
   0.0166
   0.4542
   1.3511
   0.1003
   0.2467
   1.7615
   0.8183
   0.1063
   1.0696
   2.3636
   1.8428
   0.7520
   0.6579
   1.1658
   0.7424
   0.2755
   4.4676
   1.5674
   0.3917
   1.8134
   3.3744
   1.1554
   0.0207
   0.1691
   1.0331
   0.3957
   0.4281
   0.1494
   2.9748
   0.1421
   1.0544
   0.3818
   1.9704
   0.2377
   3.6225
   0.7641
   0.7434
   1.8355
   1.8463
   0.7412
   0.5043
   0.2097
   2.3867
   0.5586
   0.4238
   5.1145
   0.2696
   2.4380
   0.2080
   0.0392
   0.3225
   1.0275
   0.0590
   0.4588
   0.2874
   0.2216
   3.0575
   0.3305
   0.8389
   0.0842
   0.2552
   0.7634
   0.6575
   0.1101
   1.9337
   0.2570
   5.7380
   4.5215
   1.0926
   3.7199
   1.2381
   0.3260
   1.9284
   0.7333
   2.0757
   1.9180
   0.0684
   0.4203
   0.7716
   1.4052
   1.3322
   0.1971
   0.0696
   0.3202
   1.1849
   0.5813
   4.6500
   0.0659
   0.7575
   1.8286
   0.0086
   2.4115
   0.1060
   0.2180
   0.1862
   0.4279
   0.0059
   6.2051
   3.8797
   1.2133
   3.8762
   0.5889
   0.4872
   2.6525
   0.0333
   1.5516
   3.4698
   0.1859
   0.9058
   0.6705
   0.2254
   0.0113
   0.5322
   0.0544
   0.1420
   1.2985
   0.7914
   1.6422
   4.7326
   2.1747
   2.6718
   0.0111
   1.1468
   0.0087
   0.2101
   1.2702
   0.1153
   0.0247
   0.3213
   0.4842
   0.1603
   0.6846
   0.7426
   0.4580
   0.2794
   0.1614
   0.0210
   4.3465
   0.7034
   0.7466
   2.5084
   0.7382
   1.2394
   1.0566
   1.6532
   4.3686
   0.4751
   0.6080
   0.0622
   0.5978
   0.1287
   7.6384
   0.1801
   0.0041
   0.7947
   0.2772
   0.7475
   0.1135
   1.2586
   0.8609
   0.4280
   0.9379
   2.3830
   0.1300
   0.1621
   0.0702
   1.4758
   0.6080
   0.6988
   0.9063
   2.9049
   0.4045
   1.9417
   0.1139
   3.8168
   0.6213
   1.2518
   2.3745
   2.7552
   0.1067
   1.7093
   0.7752
   0.3463
   4.6311
   3.6853
   2.0928
   0.4172
   0.1072
   0.0026
   0.1861
   0.4224
   1.7121
   0.7170
   0.0234
   0.9942
   0.3334
   0.2366
   2.3532
   0.7441
   0.9634
   4.8391
   0.4125
   2.0343
   0.3790
   0.2468
   0.0269
   0.2986
   0.5428
   0.6662
   1.1190
   0.0635
   0.4878
   1.7195
   2.1348
   0.1181
   1.1502
   0.6841
   1.9230
   1.6721
   0.3059
   0.0007
   0.6802
   0.1219
   2.4402
   4.9214
   0.1641
   0.9608
   0.6137
   2.1450
   0.0632
   0.0359
   3.4009
   0.2761
   0.2054
   0.0704
   0.7443
   0.0655
   0.1033
   0.8787
   1.8918
   0.5614
   0.5164
   0.2079
   0.5529
   0.3720
   1.5511
   0.1135
   0.0786
   0.9662
   0.3957
   0.1212
   4.7714
   0.4163
   2.4318
   2.3830
   0.1008
   0.8113
   0.0648
   0.2901
   0.2576
   1.6704
   1.4190
   0.0943
   0.1617
   0.1490
   0.1965
   0.4833
   1.3537
   0.6697
   0.6873
   0.3569
   2.0728
   0.1719
   1.5358
   1.2382
   1.0212
   0.0784
   0.3675
   0.1127
   0.0426
   0.0461
   0.1308
   0.0924
   0.9933
   0.1527
   0.3799
   0.8630
   1.9638
   3.6494
   0.1756
   1.2553
   1.3374
   1.9791
   0.4888
   0.2472
   0.4580
   0.6688
   0.4013
   1.2390
   1.5200
   0.1922
   0.0068
   0.3707
   1.1852
   0.4759
   6.7114
   0.2256
   0.2948
   1.8193
   1.0436
   1.5368
   2.6382
   0.0423
   0.0501
   0.2219
   0.5319
   0.5811
   0.7854
   0.2970
   0.9626
   0.1749
   0.2506
   0.2603
   0.3194
   2.0818
   1.9714
   0.2537
   0.4989
   0.1128
   0.7110
   0.1653
   0.9018
   0.2662
   0.5487
   2.7260
   0.4105
   0.0208
   3.0664
   0.1918
   3.4419
   0.9694
   1.6334
   0.1773
   1.7056
   0.4196
   1.3732
   0.0653
   0.1991
   0.0740
   0.4812
   0.6969
   0.8876
   0.4875
   0.9622
   0.1885
   0.4331
   0.2615
   0.5640
   0.7112
   1.1455
   0.0462
   0.0749
   1.7567
   1.4178
   0.2882
   0.1131
   0.0486
   0.3134
   1.4773
   0.0871
   0.3603
   0.8040
   0.2501
   0.5928
   0.1141
   1.3421
   0.3770
   0.3022
   0.0290
   0.2236
   0.4752
   5.7993
   0.8505
   1.0967
   0.2263
   1.9318
   0.4213
   0.1396
   0.2372
   0.0040
   1.9281
   0.7150
   0.3558
   0.1780
   0.6147
   3.2035
   0.1840
   1.0874
   0.6113
   0.0105
   1.0424
   1.0662
   0.0238
   0.1468
   1.5716
   0.3621
   0.5517
   0.0930
   3.6360
   6.9141
   0.6565
   0.2904
   2.3118
   1.0498
   0.0874
   0.1884
   3.1238
   0.2526
   0.6865
   0.0615
   0.2213
   1.4375
   0.4800
   0.7935
   0.7092
   0.0067
   2.4152
   0.2213
   0.3823
   0.5934
   0.1660
   3.1861
   0.0859
   4.9257
   0.7312
   0.2921
   0.5849
   0.0043
   0.4387
   0.1781
   0.0610
   0.1731
   0.3116
   0.2127
   0.5251
   0.4647
   0.0097
   0.7161
   0.5216
   1.7301
   0.5492
   1.6954
   0.0518
   1.0291
   0.2000
   1.3339
   0.3593
   0.8119
   0.2745
   0.0202
   0.3711
   0.3906
   1.0648
   1.6031
   0.4319
   2.5746
   0.2123
   0.1077
   0.1481
   0.3106
   2.2049
   0.8627
   0.1991
   0.8639
   3.8173
   0.5931
   0.0336
   0.4640
   0.4630
   0.1951
   1.5182
   2.6629
   0.6811
   0.2436
   1.1443
   0.4560
   1.4870
   0.6569
   1.5687
   0.5752
   0.0259
   0.2543
   1.1939
   0.1328
   7.7204
   2.5475
   3.5101
   1.0024
   0.8696
   0.0156

