   0.3177
   0.4819
   0.8253
   0.8205
   1.4875
   1.3790
   0.8259
   0.7776
   1.2891
   2.3924
   0.3485
   0.7287
   0.6510
   1.0590
   1.0163
   2.1175
   0.8171
   2.5939
   0.5094
   2.1579
   1.0175
   1.4030
   0.6794
   1.3627
   0.7419
   0.4292
   0.7840
   0.4871
   0.8815
   1.4128
   0.4240
   1.1967
   0.4356
   0.6421
   1.5017
   0.9900
   0.7639
   0.8184
   1.0189
   0.7673
   1.0573
   1.6106
   0.6141
   0.9572
   1.4980
   0.5003
   0.5222
   0.8688
   0.5266
   0.7439
   1.2730
   0.8639
   0.6192
   0.7060
   2.9134
   2.5696
   0.6668
   0.9055
   0.5400
   0.5054
   0.9407
   1.2476
   0.3815
   0.9374
   1.5411
   1.2065
   0.3377
   0.8655
   0.6665
   0.6480
   0.7349
   0.7944
   0.4747
   0.6875
   0.8025
   1.3764
   2.2969
   1.0536
   1.0562
   1.8121
   0.9522
   0.3539
   0.4260
   1.2157
   1.6680
   0.9158
   0.5541
   0.2358
   1.6792
   1.7088
   0.3457
   0.4119
   1.1799
   1.1426
   0.3880
   0.6126
   0.5510
   0.8425
   0.7144
   0.8652
   0.5559
   0.7512
   0.2090
   1.1573
   0.7894
   1.0619
   0.5627
   0.8967
   0.7722
   1.5520
   0.4565
   0.4706
   1.4039
   0.7245
   1.8613
   0.5040
   0.8943
   4.4163
   0.9660
   1.5137
   2.6545
   0.5624
   0.4898
   0.8157
   0.9190
   1.2686
   1.0932
   0.2544
   0.1697
   1.1068
   1.5547
   0.8025
   1.7839
   0.3843
   0.6328
   1.6674
   0.3336
   0.7653
   0.5034
   0.8911
   1.0409
   0.9537
   1.4401
   2.6270
   0.3888
   0.7969
   3.2512
   0.3139
   1.5621
   0.4433
   0.7437
   1.6541
   1.1740
   1.3078
   0.3536
   0.6583
   0.4856
   0.6107
   2.1435
   1.6584
   0.6437
   1.6255
   2.1091
   0.9096
   0.5319
   1.1505
   0.8416
   0.9221
   1.0447
   0.7659
   2.9868
   0.2585
   0.8981
   0.9555
   0.5721
   0.8052
   1.2063
   0.5053
   3.0885
   0.3983
   1.4257
   1.1272
   1.3954
   0.7234
   0.5052
   1.5781
   0.6399
   1.4783
   0.6390
   1.0834
   0.7184
   1.2400
   0.9856
   0.8393
   0.1262
   1.0650
   1.2710
   0.3944
   0.5686
   0.6382
   1.3956
   0.4317
   0.5376
   0.1655
   0.6836
   0.3471
   1.1140
   0.7931
   0.2012
   1.2277
   0.4206
   3.3031
   0.7041
   3.0520
   0.6123
   0.4280
   0.3698
   1.4480
   1.1868
   0.5300
   1.2226
   0.6602
   1.1158
   0.7537
   0.4225
   4.0159
   1.2424
   0.5362
   0.4739
   1.2520
   0.9135
   1.2977
   1.5834
   0.9980
   0.9295
   1.3296
   0.4185
   0.5118
   0.8203
   1.6633
   0.8440
   0.2627
   0.6666
   2.3313
   1.1741
   1.1214
   1.3992
   0.8730
   0.8553
   1.2466
   1.0113
   1.4288
   1.0792
   1.7858
   1.8635
   0.5500
   0.5086
   1.6260
   1.1848
   0.2332
   0.3882
   0.5065
   0.4106
   1.0842
   2.0469
   0.9223
   0.7497
   1.1417
   1.0196
   1.4151
   0.6849
   0.7211
   0.9494
   1.3582
   1.3310
   0.4942
   0.7748
   1.1094
   1.5454
   0.5011
   1.7202
   1.1367
   0.4362
   0.4865
   1.7971
   0.4993
   0.5928
   0.6827
   1.4235
   0.5996
   0.5635
   1.0169
   0.3152
   0.5607
   1.1964
   0.6446
   0.5125
   0.4954
   0.9322
   1.3368
   1.1137
   0.3962
   2.2289
   1.0796
   0.8530
   0.8048
   0.9558
   2.5136
   0.1142
   0.3971
   1.2426
   0.8744
   1.6697
   0.4912
   1.9922
   0.1924
   0.9196
   0.1220
   0.3834
   1.3222
   1.0513
   0.2783
   0.6187
   1.0173
   0.9121
   0.8082
   0.7592
   0.3301
   1.1499
   0.4903
   0.7034
   1.3288
   0.4413
   0.6539
   1.2535
   0.8660
   0.6383
   1.3587
   1.0214
   2.1919
   1.5030
   0.4862
   0.8675
   0.7726
   0.5377
   0.7624
   0.6300
   0.7905
   0.3824
   0.3502
   0.5474
   0.6318
   1.6768
   0.6418
   1.1356
   1.0229
   0.2189
   0.7239
   1.8137
   1.0623
   0.5045
   0.4182
   0.2795
   0.5940
   0.3907
   1.0970
   0.4357
   1.6050
   1.1114
   0.6079
   1.6957
   0.6295
   1.0768
   0.3531
   2.3140
   0.6607
   0.8511
   1.2741
   0.4042
   1.7905
   1.5797
   1.0596
   1.2398
   1.0661
   0.8684
   0.5022
   0.5797
   0.3355
   0.5265
   3.5782
   0.5604
   0.7206
   0.4114
   1.4826
   1.5601
   0.9045
   1.1001
   0.5564
   0.7794
   0.4594
   0.7722
   0.5113
   3.2178
   0.5593
   1.5171
   0.9927
   1.1121
   0.1909
   0.3801
   1.2086
   0.8300
   0.7977
   1.0963
   1.3929
   0.9471
   0.4181
   0.3474
   1.5634
   3.8494
   0.4763
   0.6912
   0.7007
   0.9731
   1.1746
   1.1144
   1.9980
   1.8579
   1.3990
   0.3746
   0.8626
   1.2081
   3.8158
   1.0940
   0.4742
   0.4759
   0.7594
   1.2599
   0.9503
   0.8392
   0.7795
   2.0986
   0.3313
   0.8642
   0.5819
   0.6073
   0.7066
   1.0403
   0.8986
   0.5068
   0.6964
   1.1910
   1.7381
   0.3987
   1.1754
   0.5750
   1.1735
   1.3188
   1.5890
   1.2205
   1.3503
   0.8359
   1.4021
   1.4919
   1.3643
   1.0282
   1.0046
   0.3863
   0.8451
   0.4212
   0.3851
   0.6889
   1.5782
   1.0794
   3.5841
   0.8866
   1.9330
   0.6273
   0.3884
   0.8930
   0.1589
   1.3651
   0.9042
   0.9058
   0.3212
   0.9418
   0.6496
   0.4173
   1.1816
   1.2844
   1.7385
   0.6071
   1.0867
   1.2192
   0.5134
   0.7393
   1.1686
   2.4244
   1.1600
   1.9740
   0.1658

