   0.4028
   0.6996
   1.9716
   1.1121
   2.3053
   1.1922
   0.2999
   0.4451
   1.2047
   1.8681
   0.8548
   1.2032
   1.1003
   1.5619
   3.1309
   0.9747
   0.3379
   2.2764
   1.8433
   0.6271
   1.2587
   0.9274
   0.7882
   1.3503
   1.5384
   2.0487
   1.3311
   0.7645
   1.0809
   0.7310
   2.2766
   1.0068
   0.5154
   0.7367
   0.9536
   0.5164
   0.8630
   1.3482
   0.4894
   1.1668
   1.6858
   0.6042
   1.7608
   0.4719
   1.0150
   1.0371
   0.9452
   0.7499
   0.6479
   0.3092
   0.6818
   1.3133
   1.0068
   1.7887
   0.8224
   1.2969
   0.8814
   0.5269
   0.9513
   0.6988
   0.6590
   0.4890
   0.7941
   2.5499
   0.6057
   0.5841
   0.4938
   0.4886
   0.5936
   0.5302
   0.8081
   0.8874
   0.4909
   0.5406
   0.9922
   1.0627
   0.7961
   1.7502
   0.6348
   1.1468
   0.3291
   1.0960
   0.3656
   1.3377
   1.0611
   1.0681
   0.9090
   1.3987
   1.2251
   0.3923
   0.4059
   1.7531
   1.9528
   0.9730
   0.2558
   1.3223
   0.4180
   0.8953
   1.8092
   1.6891
   2.0434
   1.4339
   1.0425
   1.0651
   1.0720
   1.5414
   0.6768
   1.3325
   0.7955
   1.0749
   1.0234
   0.7776
   1.3809
   0.6170
   0.4466
   0.3097
   2.4214
   1.0401
   1.0592
   0.8139
   2.5608
   1.1705
   0.4834
   0.4503
   1.1226
   0.2962
   2.2657
   0.4589
   1.0900
   0.6237
   1.6759
   0.3718
   1.3949
   0.5906
   0.3409
   0.7325
   1.0225
   0.9980
   1.3401
   0.9410
   0.6680
   1.2855
   1.4952
   0.6243
   1.2747
   0.7942
   0.8023
   1.0503
   0.3199
   1.3377
   0.8320
   1.0013
   1.0176
   0.3326
   0.8362
   0.9418
   1.4537
   0.9368
   1.6341
   1.0251
   0.7052
   0.3746
   0.8348
   0.4145
   0.2784
   0.5103
   2.3192
   0.5609
   1.4429
   0.9146
   1.4848
   0.8562
   0.9066
   0.7558
   0.9508
   0.8743
   1.2389
   2.2892
   1.1390
   0.3196
   0.2402
   1.2169
   1.0449
   0.8913
   1.2026
   0.5828
   0.9068
   0.3122
   0.9292
   1.0734
   0.9857
   0.2789
   0.5617
   0.5554
   0.8691
   1.2573
   1.1510
   0.6655
   0.3529
   1.0855
   1.5571
   0.8859
   1.2547
   1.4706
   1.0614
   0.2138
   0.4386
   0.9667
   1.3516
   0.5494
   0.7742
   0.9201
   0.9768
   0.9365
   1.3927
   0.9016
   0.8030
   1.3878
   0.3390
   2.6627
   0.7077
   1.6578
   2.2780
   0.8714
   0.5651
   1.8836
   0.7036
   0.3969
   0.4401
   1.4390
   1.1414
   0.2125
   1.7290
   0.7347
   1.2802
   0.2293
   0.6778
   1.2917
   0.5130
   0.6710
   0.5077
   1.2508
   1.3760
   1.6571
   1.7122
   2.6480
   0.9597
   0.9302
   0.8244
   1.7121
   2.9267
   0.5960
   0.9821
   0.5656
   2.6433
   2.6983
   0.8509
   0.5421
   0.3384
   1.1998
   0.7483
   1.0679
   0.2428
   0.9274
   1.6219
   2.4596
   0.7872
   2.3604
   1.3557
   1.0238
   1.3634
   1.8903
   1.1852
   0.7949
   0.6294
   0.3230
   0.6913
   2.4005
   1.2483
   0.9830
   1.5412
   0.3833
   1.5627
   3.0304
   1.3035
   1.1272
   0.1770
   0.7780
   1.4482
   0.1366
   1.2961
   0.5481
   0.4441
   0.8931
   1.3267
   0.7528
   1.0853
   1.0288
   0.8438
   0.5225
   0.6524
   0.5251
   1.4424
   0.6562
   1.0295
   0.6423
   1.0606
   1.1016
   0.6637
   0.8128
   0.2184
   1.3951
   1.8426
   1.0864
   0.5635
   2.1770
   0.4961
   0.9607
   1.0029
   1.5827
   0.4223
   1.4968
   0.7553
   0.9683
   0.8823
   1.0289
   0.6255
   0.6187
   0.7874
   1.0288
   2.0862
   1.3106
   0.7136
   2.3905
   1.4079
   0.6031
   1.2813
   0.9580
   1.3531
   1.2945
   0.4228
   0.5963
   0.6715
   1.2005
   0.5462
   1.3716
   0.6536
   1.6491
   1.1771
   0.2436
   0.6546
   0.5324
   1.0419
   0.8896
   1.3014
   1.1828
   0.5794
   0.2463
   1.1515
   0.5203
   0.8593
   0.5372
   0.7531
   0.3677
   0.9952
   0.9550
   0.8583
   0.5084
   1.6382
   1.9641
   0.6511
   1.6771
   0.4797
   0.2612
   2.2707
   1.0285
   1.4161
   0.6292
   0.8753
   0.8230
   1.9712
   0.5932
   0.5513
   1.1372
   1.2400
   0.5755
   0.9569
   1.7974
   0.2681
   0.2119
   0.5789
   0.0849
   1.7397
   0.9036
   0.9034
   0.5828
   0.3495
   1.1010
   0.7737
   0.4574
   1.0019
   0.2984
   0.7105
   0.3434
   0.8371
   0.7552
   0.7175
   1.2826
   1.4014
   1.4646
   0.6561
   0.1866
   0.5058
   2.5279
   0.7730
   0.3848
   1.0396
   0.9761
   0.5191
   1.3066
   0.5142
   0.4805
   1.7770
   1.2641
   0.2284
   0.7700
   0.9410
   0.4008
   0.6878
   0.9073
   1.2513
   1.3013
   0.6229
   1.1712
   0.3488
   1.2529
   0.6537
   1.7391
   1.6584
   0.7362
   2.5950
   1.0034
   0.5113
   0.6775
   1.6434
   0.8804
   0.6701
   1.1624
   1.2326
   0.7942
   0.3716
   2.7964
   1.0551
   1.4149
   0.6406
   1.0195
   1.0116
   0.7621
   0.6595
   0.9756
   0.5346
   0.1586
   0.6840
   1.0096
   0.9283
   0.3302
   0.5694
   1.5110
   0.7090
   0.5459
   0.7778
   1.2637
   1.1663
   1.1661
   0.6648
   0.7518
   1.0775
   0.5004
   0.4290
   0.5297
   1.7981
   0.5839
   0.7465
   0.2433
   0.8871
   1.0161
   1.3506
   1.5847
   1.2053
   1.8781
   0.7858
   1.6951
   1.4137
   0.5034
   0.9015
   0.7010
   1.0127
   0.3615
   0.3918
   0.5807
   0.2488
   1.1050
   0.4454
   0.6106
   2.0417
   1.2059
   0.6786
   0.6933
   1.0999
   0.5446
   1.3557
   0.3534
   0.9062
   1.5428
   1.3255
   1.1495
   0.7705
   1.1905
   1.2691
   1.2895
   1.0957
   1.3866
   1.1273
   0.9131
   2.0572
   0.3353
   1.4845
   0.9430
   0.8371
   0.8374
   0.4024
   1.0549
   0.7840
   0.5516
   0.4007
   0.5059
   2.5474
   0.3535
   1.8421
   0.2045
   1.0419
   1.2095
   2.5952
   0.9448
   0.4987
   1.3516
   0.6534
   0.4336
   1.2717
   0.4178
   1.2246
   0.4651
   0.7002
   0.7524
   2.2119
   1.3040
   1.3037
   0.3017
   1.1219
   0.7782
   0.6909
   0.7379
   1.6109
   0.5770
   0.3290
   1.2524
   1.3087
   0.8665
   0.7478
   0.6978
   0.8072
   1.0553
   0.7237
   1.7962
   0.8793
   0.6741
   1.0357
   0.8088
   0.6905
   2.2284
   0.8506
   1.3322
   0.6783
   0.6833
   0.5898
   0.5239
   1.5904
   2.0468
   0.4805
   1.9892
   1.1384
   0.5174
   1.1845
   1.1824
   1.1132
   0.6973
   1.3303
   0.9384
   0.7694
   0.8699
   0.4748
   0.9580
   0.6843
   0.8234
   1.2713
   0.7251
   0.9835
   0.5452
   1.4841
   1.2166
   1.0821
   0.4006
   1.5785
   1.8859
   0.7709
   0.8956
   0.5778
   0.7469
   0.3431
   0.9701
   0.9932
   0.8944
   0.8377
   0.6095
   1.4670
   1.8681
   0.8097
   1.0321
   0.1670
   0.1904
   0.8848
   0.9074
   0.6949
   1.1398
   0.9911
   0.6655
   0.8729
   0.8423
   0.5048
   1.3712
   0.8366
   1.7457
   1.3369
   1.1592
   1.6897
   1.2675
   0.7061
   1.3913
   0.4196
   0.9830
   1.0841
   0.4779
   1.8199
   0.2386
   0.9765
   0.3573
   1.1144
   0.7128
   0.6906
   0.5377
   0.5380
   2.0895
   1.2990
   0.4218
   2.0923
   0.3321
   0.9955
   1.0342
   1.1113
   0.8438
   0.8593
   0.6184
   0.6005
   1.3301
   0.8601
   1.2729
   0.8510
   0.2597
   0.8551
   1.3533
   0.9477
   0.3868
   0.1986
   2.2658
   0.5855
   0.3888
   2.3668
   2.0156
   1.4588
   2.1660
   0.6682
   1.0572
   0.9041
   0.4388
   1.0286
   1.6542
   0.7275
   0.7759
   0.6426
   1.3690
   0.4559
   0.5987
   0.7912
   0.5116
   0.3433
   0.4517
   1.2566
   0.4262
   1.0140
   0.5581
   0.3867
   1.3982
   0.7690
   2.7150
   2.1289
   1.0832
   1.0000
   1.9392
   0.7736
   0.6440
   1.3405
   0.2797
   0.5110
   0.4428
   1.7686
   0.9144
   0.8360
   0.8818
   1.6259
   1.0548
   0.7486
   1.2420
   0.8450
   0.9986
   0.9288
   1.1216
   0.8316
   1.6668
   1.6037
   0.8174
   1.5447
   1.0749
   0.8508
   0.9021
   0.2451
   1.9713
   1.1288
   0.5018
   1.3623
   0.4299
   1.0415
   0.9839
   1.3761
   0.8454
   0.6120
   1.0870
   0.7000
   1.4741
   0.4405
   0.2372
   0.4090
   0.6970
   0.9323
   1.4315
   0.8627
   0.8930
   0.8023
   0.4678
   0.8606
   0.6585
   0.9026
   1.1259
   0.6788
   0.4196
   1.8068
   0.8396
   0.6569
   0.7457
   0.5809
   1.0471
   1.1061
   1.2239
   0.5746
   0.6549
   1.6688
   0.8245
   1.5522
   0.5361
   0.6419
   1.7121
   0.2573
   1.0753
   1.7322
   1.2107
   1.7846
   0.3169
   1.0960
   1.3306
   0.4363
   0.8192
   0.6221
   0.6450
   0.7993
   1.8943
   1.0863
   0.4865
   0.8844
   0.7815
   0.6957
   0.7569
   1.2048
   0.7176
   0.4069
   0.5131
   0.5491
   0.7169
   0.2218
   0.3462
   0.6868
   1.3751
   1.1741
   0.5918
   0.3525
   1.0269
   1.5394
   0.8352
   1.1801
   1.3446
   0.2412
   1.4544
   0.9765
   1.2211
   0.3974
   0.7280
   0.6245
   0.9257
   1.1386
   2.5063
   1.0396
   0.4964
   1.5225
   1.5413
   1.2176
   0.7752
   0.6066
   1.0966
   0.7371
   0.3005
   1.2288
   0.6451
   0.4242
   2.9262
   0.3896
   0.3947
   0.6471
   1.0514
   0.9674
   0.5497
   1.7037
   0.5273
   0.2542
   1.1506
   1.2750
   1.3668
   1.4714
   1.1986
   0.6333
   0.9388
   0.9549
   1.0329
   0.4934
   0.8065
   1.4716
   0.6999
   1.4427
   1.0112
   0.7916
   1.1327
   0.8916
   1.0816
   0.5381
   1.3940
   0.8001
   2.1849
   0.4852
   0.7458
   0.5093
   0.6436
   0.9428
   0.8905
   1.2407
   0.7979
   0.4521
   0.6234
   1.3704
   1.8649
   0.8704
   2.6617
   0.4629
   1.2287
   1.4457
   0.8635
   1.1225
   0.9655
   0.6686
   0.4457
   1.0320
   0.7942
   0.8600
   1.7639
   1.1452
   0.5204
   0.3844
   1.2403
   0.7138
   0.5989
   0.6043
   1.9394
   1.0623
   1.5812
   1.0869
   1.7716
   1.2738
   1.4484
   1.8872
   0.6770
   0.4977
   1.4917
   0.5664
   1.8410
   0.3790
   0.7811
   1.0366
   3.0950
   0.2743
   0.4989
   1.1705
   1.0413
   2.3381
   1.6789
   0.9463
   0.5146
   1.0098
   0.3755
   1.5039
   0.8793
   1.6585
   0.9091
   1.0549
   1.3993
   0.7581
   0.5409
   1.2633
   1.2258
   0.6903
   1.4116
   0.4045
   1.3380
   0.8569
   1.3189
   0.9033
   1.1075
   1.8668
   1.0598
   0.8934
   1.9066
   0.8281
   2.6459
   1.1269
   0.5343
   0.8626
   1.8013
   1.1852
   2.0589
   0.6104
   0.9248
   0.7512
   1.1103
   0.5948
   0.9983
   0.4879
   0.3485
   1.3535
   0.8200
   2.0137
   1.3907
   0.4156
   1.1943
   0.7809
   1.1584
   0.8324
   0.8905
   1.6416
   1.1328
   1.7154
   0.9050
   2.0843
   0.7747
   1.0255
   1.6417

