  7.3863e+001
  2.1156e+001
  2.0266e+002
  8.5360e+001
  9.0525e+001
  3.1333e+002
  7.8846e+001
  3.4373e+002
  1.0805e+002
  1.2539e+002
  1.5823e+001
  1.2178e+001
  1.2256e+002
  3.8864e+001
  9.6598e+000
  1.8459e+001
  2.8118e+001
  6.5788e+001
  1.4164e+000
  2.7809e+002
  1.5533e+002
  2.5746e+001
  1.7763e+002
  3.5712e+002
  9.7944e+000
  1.0701e+002
  5.0869e+001
  1.6059e+001
  1.0087e+002
  1.0349e+002
  4.7592e+001
  2.8434e+002
  2.0367e+001
  3.5442e+001
  1.1107e+002
  6.4381e+001
  7.4712e+001
  1.7876e+001
  1.2404e+002
  1.9306e+002
  1.3483e+001
  3.7899e+001
  3.6434e+001
  8.0617e+001
  1.0088e+002
  1.7088e+002
  1.2259e+002
  2.8298e+002
  2.5605e+001
  5.8805e+001
  3.0453e+001
  1.3710e+002
  5.3046e+001
  8.4715e+000
  2.0358e+002
  2.5905e+001
  4.4653e+000
  2.5091e+002
  6.2702e+001
  5.4014e+000
  3.8438e+001
  6.9863e+000
  3.3773e+001
  2.3128e+002
  9.5140e+001
  2.8499e+002
  4.5518e+000
  1.7154e+002
  6.2285e+001
  2.9865e+001
  3.9803e+001
  1.8825e+001
  9.4548e+000
  3.1288e+001
  5.7591e+001
  7.5933e+001
  2.1761e+001
  2.7010e+002
  1.5521e+002
  1.2114e+001
  7.5528e+000
  1.3722e+002
  2.6826e+001
  3.1436e+001
  2.0305e+001
  2.5477e+002
  8.9081e+001
  8.6878e+001
  8.4362e+001
  2.5457e+002
  2.6777e+001
  1.0280e+002
  1.7281e+001
  5.1915e+001
  9.2278e+001
  1.0557e+002
  2.1895e+002
  7.1040e+001
  2.2362e+002
  3.0720e+001
  6.6576e+000
  1.0251e+001
  4.3460e+001
  2.1812e+001
  2.4100e+002
  5.5853e+001
  1.0966e+002
  5.4588e+001
  9.6997e+000
  3.8347e+001
  4.5803e+002
  9.8888e+001
  6.9959e+001
  5.7353e+002
  1.6265e+001
  1.3759e+002
  1.4436e+002
  2.5143e+002
  1.5633e+001
  1.7958e+002
  5.8512e+001
  1.8251e+001
  3.7346e+001
  2.6207e+001
  2.1146e+002
  2.3587e+002
  5.2892e+001
  2.9217e+001
  8.4047e+001
  2.7198e+001
  1.6100e+002
  1.0712e+002
  1.8347e+001
  7.0198e+001
  5.4168e+001
  1.6737e+002
  4.3860e+001
  1.4336e+002
  4.2786e+002
  4.7402e+001
  1.8507e+002
  3.0501e+002
  3.7359e+001
  2.1601e+002
  2.6849e+002
  1.4159e+002
  5.7905e+001
  1.3883e+002
  2.4455e+001
  1.6823e+001
  2.3417e+002
  3.9358e+001
  1.9204e+001
  7.9147e+001
  4.2092e+001
  1.6725e+002
  6.6113e+001
  1.1927e+002
  2.6933e+002
  1.2474e+001
  1.6303e+002
  7.9760e+001
  3.8551e+001
  6.4638e+001
  3.7261e+001
  4.0107e+002
  6.6602e+002
  1.8028e+001
  9.4003e+001
  9.3007e+000
  9.7417e+000
  8.9934e+001
  2.0089e+001
  8.7009e+001
  7.1234e+001
  2.3763e+002
  4.8044e+001
  1.1372e+002
  4.1134e+000
  8.0542e+000
  2.3793e+001
  1.1547e+002
  7.4628e+001
  2.1271e+002
  1.0130e+002
  5.7277e+001
  3.3302e+001
  2.5342e+001
  1.2312e+002
  2.1568e+001
  1.1484e+002
  1.4514e+002
  5.9110e+001
  3.6894e+000
  5.0119e+002
  4.9113e+001
  6.7549e+001
  3.2944e+001
  6.5538e+000
  4.1175e+001
  2.2207e+002
  2.3634e+001
  6.6043e+001
  3.2004e+002
  1.4278e+002
  8.4319e+001
  8.0626e+001
  7.6423e+002
  5.0600e+000
  4.6401e+001
  5.9734e+001
  8.5789e+001
  9.2557e+001
  3.7222e+001
  4.4872e+001
  1.2420e+002
  1.6821e+002
  8.1548e+000
  1.9505e+002
  3.4765e+001
  3.5663e+002
  2.1671e+002
  2.7726e+001
  2.9426e+001
  3.2605e+001
  2.9063e+001
  4.2780e+001
  5.4971e+001
  2.5512e+002
  6.0737e+001
  4.2855e+001
  1.8835e+002
  6.0906e+001
  1.6603e+001
  1.7592e+002
  1.3298e+001
  7.4931e+001
  2.1857e+001
  1.6311e+001
  2.2028e+001
  3.4763e+001
  8.6048e+001
  1.8050e+002
  3.1903e+001
  3.8262e+000
  4.5901e+001
  3.4829e+002
  1.0202e+002
  5.3640e+001
  7.5112e+001
  1.3021e+002
  6.8678e+001
  1.9127e+001
  4.4651e+001
  8.4789e+001
  2.2264e+001
  3.9696e+002
  4.0736e+001
  2.8459e+002
  4.0239e+001
  2.6390e+001
  3.9684e+002
  5.6098e+002
  1.2780e+001
  1.0938e+002
  8.0011e+001
  6.0500e+001
  2.2572e+001
  8.3560e+000
  8.1821e+001
  9.7076e+001
  1.0140e+002
  5.6578e+001
  1.0057e+001
  8.4759e+001
  5.7986e+000
  4.0198e+001
  2.0562e+002
  1.2466e+002
  1.0624e+001
  2.4036e+001
  3.2476e+002
  1.9385e+002
  3.8759e+001
  1.0994e+001
  8.1151e+001
  2.1861e+002
  1.9902e+001
  1.2882e+002
  2.3695e+001
  2.6535e+002
  2.0007e+002
  6.3550e+000
  7.9261e+001
  1.3066e+002
  2.1841e+002
  2.7603e+000
  1.7907e+001
  1.1688e+002
  1.2628e+002
  5.3089e+000
  8.6356e+001
  1.2573e+002
  6.3138e+001
  3.7492e+001
  3.8136e+001
  1.2835e+002
  2.7922e+002
  3.5422e+001
  5.1335e+002
  1.4824e+001
  4.5677e+000
  2.3849e+001
  1.3169e+002
  2.2368e+002
  3.0810e+001
  2.0595e+002
  5.5705e+001
  6.3965e+002
  1.2332e+002
  1.6929e+002
  7.1113e+002
  1.5394e+000
  5.8640e+001
  2.7599e+002
  5.5023e+000
  1.0394e+001
  3.3145e+002
  2.6826e+002
  3.2832e+001
  7.7302e+001
  4.4988e+001
  6.7990e+001
  4.4123e+000
  2.5030e+002
  1.0542e+002
  6.2830e+001
  5.7219e+001
  4.3965e+001
  6.5798e+002
  2.1092e+002
  3.9893e+001
  1.1212e+001
  9.4074e+000
  2.9351e+002
  8.2898e+001
  8.5377e+001
  2.3646e+002
  1.1066e+002
  1.8227e+000
  1.3577e+002
  5.3078e+001
  2.1759e+001
  1.6488e+001
  1.4027e+002
  9.5720e+001
  5.2565e+002
  8.1934e+001
  1.1865e+001
  1.1050e+002
  4.4706e+001
  2.6311e+002
  2.0581e+001
  3.2545e+002
  8.0492e+001
  1.4899e+001
  3.6539e+001
  2.9728e+001
  6.1760e+001
  4.1959e+001
  5.8060e+001
  1.5652e+001
  4.5859e+001
  4.2413e+002
  1.3122e+001
  1.8940e+001
  9.0434e+001
  2.4459e+001
  9.9832e+001
  2.4784e+002
  3.7364e+001
  2.1247e+001
  4.0723e+001
  5.9005e+001
  6.2305e+001
  3.6298e+002
  1.6780e+002
  1.8707e+001
  9.5658e+001
  1.8747e+001
  7.6900e+001
  1.7188e+002
  2.5601e+001
  5.3182e+001
  4.9296e+001
  2.6689e+001
  5.1063e+001
  5.7129e+000
  5.5370e+000
  1.7130e+001
  6.4258e+001
  1.5381e+002
  7.1303e+000
  2.8973e+002
  8.5594e+001
  1.5843e+002
  1.8997e+001
  1.1569e+002
  2.6186e+002
  1.8000e+002
  4.0376e+002
  2.0333e+001
  5.9235e+002
  1.2782e+002
  5.7898e+001
  2.4491e+001
  4.2545e+001
  3.6752e+001
  1.8921e+001
  1.3965e+002
  4.2299e+001
  4.4071e+002
  1.4037e+002
  1.9293e+002
  5.3540e+001
  3.8135e+001
  3.1488e+001
  5.5165e+001
  2.4799e+002
  5.4517e+000
  6.2954e+001
  7.6415e+001
  1.0129e+002
  7.8150e+000
  2.6476e+000
  1.4130e+002
  3.6980e+002
  1.4882e+002
  2.0561e+000
  1.2777e+002
  2.0178e+001
  8.4378e+001
  6.4695e+000
  1.3959e+001
  7.7733e+001
  2.4058e+001
  1.4237e+001
  5.0775e+001
  8.1127e+001
  1.5706e+002
  2.4619e+001
  2.5090e+001
  1.4242e+002
  1.8067e+002
  2.8678e+001
  4.1623e+001
  4.3797e+001
  7.7512e+000
  1.7706e+001
  7.1802e+001
  8.6998e+001
  3.9658e+000
  5.2862e+002
  4.6424e+001
  1.5172e+002
  7.7327e+001
  1.4046e+002
  3.2980e+000
  5.9542e+000
  9.7538e+000
  2.3499e+002
  4.1028e+001
  3.3818e+001
  6.6485e+001
  4.2850e+001
  5.4998e+001
  1.9114e+001
  1.1040e+002
  9.5709e-001
  5.3894e+001
  3.6870e+001
  3.8926e+001
  7.9937e+000
  8.6848e+001
  3.7681e+001
  1.3710e+002
  3.4099e+002
  8.6102e+001
  1.0453e+002
  1.7273e+001
  1.4259e+002
  2.0609e+002
  3.9509e+001
  1.8000e+002
  4.2294e+002
  4.0084e+001
  1.5864e+002
  4.9560e+000
  9.3881e+001
  9.9106e+000
  9.8904e+001
  6.1699e+000
  1.5380e+001
  1.1581e+001
  1.3085e+002
  6.3730e+001
  8.6284e+000
  1.6541e+002
  1.3233e+002
  1.5571e+001
  7.0088e+001
  3.2806e+001
  1.2003e+002
  4.0219e+002
  1.7406e+001
  1.4839e+001
  1.0214e+002
  9.8963e+001
  4.6210e+001
  7.8497e+000
  3.8751e+002
  2.4810e+002
  1.8087e+002
  2.8034e+001
  1.6391e+000
  4.1008e+001
  4.2373e+001
  1.1586e+001
  1.3944e+002
  4.8170e+001
  1.3449e+001
  1.2972e+002
  6.2345e+001
  7.9656e+001
  2.2987e+001
  2.9378e+001
  1.2477e+002
  4.6607e+001
  6.4504e+001
  4.7879e+000
  4.7924e+001
  1.9396e+002
  1.8874e+002
  4.5608e+001
  4.5982e+001
  1.3429e+001
  2.9219e+001
  5.7792e+001
  4.9829e+002
  9.7177e+001
  3.8062e+001
  1.6179e+002
  1.3800e+002
  2.1448e+001
  4.3526e+002
  4.7846e+001
  3.5227e+001
  8.6185e+001
  1.6117e+002
  8.3889e+001
  1.1968e+002
  9.6083e+000
  2.8625e+001
  3.6179e+001
  7.0572e+001
  2.2814e+001
  1.6361e+002
  2.9572e+001
  1.6346e+002
  8.7468e+000
  1.1948e+001
  9.6232e+001
  3.1688e+001
  1.5324e+001
  4.0995e+001
  2.4828e+002
  9.1754e+000
  7.1206e+001
  8.6256e+000
  1.0549e+001
  2.1457e+000
  5.0562e+000
  3.2758e+002
  8.0732e+001
  4.3752e+001
  3.5882e+001
  6.0416e+001
  3.3402e+001
  3.5716e+001
  3.2456e+001
  1.1961e+001
  3.2383e+002
  1.7249e+001
  1.0969e+002
  3.0192e+001
  5.3322e+001
  3.5714e+001
  7.8219e+001
  2.4557e+002
  4.4050e+001
  1.4155e+002
  4.2507e+001
  3.7648e+001
  1.0886e+002
  2.1360e+001
  6.2909e+001
  1.3878e+002
  5.8636e+001
  2.9161e+002
  6.8070e+000
  9.3172e+001
  2.4005e+001
  3.5560e+001
  5.8839e+001
  8.7586e+001
  4.1461e+001
  1.5438e+001
  1.8126e+002
  6.2015e+001
  1.5998e+001
  3.3677e+001
  5.5219e+001
  4.5482e+002
  8.4195e+000
  8.0647e+001
  6.4599e+001
  1.3298e+001
  5.7856e+001
  4.8087e+001
  4.4931e+002
  2.1575e+001
  1.4757e+002
  1.7212e+002
  1.3675e+002
  7.0695e+001
  1.6991e+001
  1.2600e+001
  4.0480e+001
  8.6217e+000
  1.0713e+001
  1.9439e+001
  1.4526e+002
  5.1667e+001
  5.0991e+001
  1.0650e+001
  3.8567e+001
  7.7095e+000
  1.9778e+002
  2.1646e+001
  3.5220e+001
  5.0182e+001
  4.7669e+001
  2.5112e+001
  2.9031e+001
  3.7321e+001
  3.1434e+001
  6.0417e+001
  4.8745e+001
  6.7173e+001
  1.4425e+002
  5.7755e+001
  2.4195e+002
  2.0825e+001
  3.5166e+001
  1.9908e+001
  1.1499e+001
  2.3154e+002
  1.5419e+001
  3.4558e+002
  5.0193e+001
  4.0499e+001
  7.4701e+001
  1.0146e+002
  4.5114e+001
  3.5066e+001
  8.0819e+000
  1.5340e+002
  1.5023e+001
  2.1899e+001
  6.8109e+001
  1.5610e+002
  6.2134e+001
  2.3347e+002
  2.5230e+002
  2.9066e+002
  3.6927e+002
  3.4106e+001
  8.1947e+001
  4.5817e+001
  1.5688e+002
  1.5123e+001
  2.5472e+001
  4.6775e+002
  1.3761e+002
  8.9307e+001
  3.0230e+001
  1.8572e+002
  1.1547e+002
  8.9820e+001
  7.6556e+001
  1.7668e+001
  7.5216e+001
  2.3924e+001
  1.1888e+002
  3.9915e+001
  1.9415e+001
  2.1147e+002
  4.8918e+000
  4.1719e+001
  8.4224e+001
  2.3284e+002
  5.6186e+001
  6.7830e+000
  1.1597e+002
  8.1236e+000
  3.8525e+001
  3.3079e+001
  2.1795e+001
  2.3730e+001
  4.6792e+001
  1.1520e+002
  2.1358e+002
  1.8121e+001
  2.2199e+002
  3.1245e+001
  1.3038e+002
  8.3218e+001
  8.2701e+001
  3.1473e+002
  3.4529e+001
  1.6728e+001
  2.0021e+002
  1.9428e+001
  5.4517e+001
  3.7195e+001
  1.5673e+002
  2.6774e+001
  2.4474e+002
  2.7079e+001
  8.5528e+001
  2.1347e+001
  6.5902e+001
  2.9418e+002
  2.8218e+001
  7.9693e+001
  8.2721e+000
  1.6305e+001
  9.0540e+001
  4.7375e+001
  1.7611e+001
  3.1020e+001
  1.5162e+002
  9.7044e+000
  1.5474e+001
  1.4829e+001
  2.5619e+001
  5.5610e+001
  2.6167e+002
  9.9675e+001
  1.1219e+002
  3.7942e+001
  2.3466e+002
  1.0818e+002
  4.6937e+001
  1.0232e+002
  3.2890e+001
  1.7331e+001
  1.7760e+002
  3.8645e+001
  1.8121e+001
  1.4454e+001
  1.8211e+001
  6.3824e+002
  1.6809e+002
  7.9002e+001
  3.5132e+002
  1.9686e+001
  3.4551e+002
  1.1739e+002
  1.4627e+001
  6.2848e+001
  2.3296e+001
  1.3505e+001
  2.0783e+002
  1.6402e+001
  4.5749e+001
  2.6113e+002
  1.7867e+002
  5.3512e+000
  1.2844e+001
  2.0832e+001
  2.0570e+001
  5.3457e+000
  3.4075e+001
  3.7616e+001
  1.8946e+002
  8.5174e+001
  8.5455e+001
  9.0720e+001
  1.1619e+001
  5.2455e+001
  1.5608e+001
  5.4220e+000
  4.1747e+002
  5.8453e+000
  1.0158e+002
  9.7823e+000
  1.5654e+002
  3.3512e+002
  1.7001e+002
  2.6158e+001
  5.7284e+001
  1.6736e+001
  2.6871e+002
  3.6562e+001
  2.2316e+001
  5.8256e+001
  4.5412e+001
  8.8308e+001
  2.1294e+001
  1.0170e+001
  1.0743e+001
  1.2650e+002
  1.6753e+001
  1.8998e+001
  2.0818e+002
  2.2237e+001
  1.0254e+002
  1.1235e+002
  1.2649e+002
  7.1909e+001
  4.9254e+001
  2.5470e+001
  3.4656e+002
  1.3531e+001
  4.0235e+001
  4.8789e+000
  1.2601e+002
  4.6692e+001
  1.2247e+001
  6.9083e+001
  3.1008e+001
  2.6899e+002
  2.8120e+002
  3.0145e+001
  4.4137e+002
  1.3397e+002
  9.7674e+000
  2.4350e+002
  3.2142e+001
  6.9122e+001
  1.2379e+002
  7.4164e+001
  5.9287e+001
  7.4726e+001
  3.7069e+001
  3.8363e+001
  5.3819e+002
  8.4572e+000
  5.0068e+002
  2.0631e+001
  6.1380e+001
  1.0922e+002
  8.1977e+001
  1.7577e+002
  2.8848e+002
  4.8797e+001
  1.1851e+002
  3.5509e+001
  6.7601e+000
  3.8550e+000
  2.4308e+002
  5.2123e+001
  2.2429e+001
  3.6671e+001
  2.4956e+002
  6.9449e+001
  3.6483e+001
  1.6764e+002
  1.1910e+001
  1.1959e+002
  1.7552e+002
  2.5248e+002
  2.0223e+002
  4.6671e+001
  1.9335e+001
  3.0613e+001
  4.7326e+002
  2.0280e+001
  6.1297e+001
  2.5586e+001
  6.4004e+001
  3.0069e+001
  8.5857e+001
  9.4667e+001
  8.5234e+000
  4.1542e+001
  8.2026e+000
  3.5103e+001
  3.6765e+002
  1.6820e+001
  1.5247e+002
  2.2066e+001
  4.7262e+001
  1.1799e+002
  5.7782e+001
  2.8443e+001
  1.2137e+002
  1.3774e+001
  1.1531e+002
  2.1172e+001
  2.4309e+002
  7.4574e+001
  3.0118e+002
  3.0030e+002
  9.7681e+000
  5.5771e+002
  1.1517e+002
  4.0359e+001
  1.5006e+001
  9.2862e+001
  6.4624e+000
  1.3279e+002
  3.1250e+001
  7.8749e+001
  1.8073e+001
  3.4443e+001
  5.0907e+001
  9.1617e+000
  4.5983e+002
  1.6825e+001
  8.2846e+001
  1.3548e+002
  8.8098e+001
  3.2842e+001
  8.3131e+001
  9.0190e+000
  1.5910e+001
  8.5158e+001
  1.4050e+002
  1.6166e+002
  8.6191e+000
  5.6346e+001
  2.0313e+002
  2.5029e+001
  2.3192e+002
  3.2561e+001
  2.4763e+001
  2.6214e+001
  2.3348e+002
  4.8464e+001
  2.6413e+002
  2.7700e+002
  1.4546e+002
  6.6029e+001
  2.3988e+001
  8.2438e+001
  6.9657e+001
  1.1514e+001
  1.8028e+002
  1.3353e+001
  3.3904e+000
  9.3822e+000
  3.6098e+001
  3.0823e+002
  1.3807e+001
  3.5869e+002
  4.4773e+002
  8.1014e+001
  2.0615e+001
  2.8687e+002
  9.0671e+000
  3.4652e+002
  3.3257e+000
  1.8733e+001
  4.4283e+001
  1.7865e+001
  1.2851e+002
  3.2066e+002
  1.0631e+002
  3.1457e+001
  7.9469e+001
  1.5001e+001
  1.7389e+002
  1.8315e+002
  2.6290e+001
  5.2046e+001
  1.5289e+002
  1.6927e+002
  4.8371e+000
  1.7812e+002
  6.2677e+000
  3.0372e+001
  5.1587e+000
  8.0920e+001
  9.6552e+001
  4.1631e+000
  2.3199e+001
  1.8567e+002
  2.3417e+001

