    0.0387
    1.3802
    0.4671
    0.0241
    0.6754
    3.6639
    0.0997
    0.7564
    0.1861
    3.3157
    0.1965
    0.8034
    2.5417
    0.5289
    0.5313
    1.2255
    0.1920
    0.1759
    0.7704
    0.4016
    0.3610
    0.0938
    0.2388
    0.0200
    0.2828
    0.5668
    0.1490
    0.1090
    0.9070
    0.1743
    0.4499
    0.0653
    0.3361
    0.6984
    0.1826
    0.0752
    1.6360
    0.7069
    5.9456
    0.2650
    0.1107
    0.9681
    0.7128
    0.3430
    0.0699
    0.5274
    1.2278
    0.1838
    3.1032
    0.6580
    0.8156
    0.1779
    0.3848
    0.6632
    1.1401
    2.7407
    0.2451
    0.1820
    1.9737
    0.1824
    0.0894
    0.1143
    2.7377
    0.1453
    1.2349
    0.4844
    4.2486
    0.3047
    1.0508
    3.2652
    1.4719
    0.9036
    1.5638
    0.3597
    0.8281
    0.5417
    0.1516
    0.5395
    0.3968
    1.7359
    0.0523
    0.0245
    1.1727
    1.5505
    0.1695
    0.9794
    1.1390
    0.5585
    0.3363
    0.1787
    1.2732
    0.4094
    4.5275
    0.8572
    0.5270
    0.0998
    0.2871
    1.4935
    0.3289
    0.2044
    0.3644
    2.4449
    0.1241
    1.0995
    0.5340
    0.2827
    1.0633
    1.6941
    0.3405
    0.5473
    0.1710
    0.0798
    0.7284
    0.7840
    0.1638
    0.2811
    0.4025
    2.3104
    1.0561
    0.0542
    0.5534
    0.2398
    0.3703
    3.0656
    0.1608
    0.2118
    0.5001
    0.2860
    0.2534
    0.3990
    0.6206
    1.0618
    0.0893
    0.5703
    0.0850
    3.0772
    7.1035
    1.9340
    0.1036
    0.0519
    0.6461
    1.5162
    0.2452
    1.2588
    0.2255
    0.3903
    0.3140
    0.2291
    1.0478
    1.4446
    0.0788
    1.4380
    1.0605
    1.4239
    1.2911
    0.1726
    0.0698
    0.8674
    0.5578
    0.2991
    0.2429
    0.4875
    0.1209
    1.3415
    0.3555
    0.5397
    0.5324
    0.4664
    3.1021
    0.4356
    1.6296
    1.3252
    0.0643
    0.3183
    1.0403
    0.6979
    3.8760
    6.3772
    0.5112
    1.1232
    0.0617
    0.1537
    0.3827
    0.2238
    0.6047
    0.1373
    0.7105
    0.0326
    1.0573
    1.1014
    0.1027
    0.8378
    0.0874
    0.5460
    0.9517
    0.2955
    0.6841
    0.8009
    2.8412
    3.0450
    0.6477
    1.8296
    1.4406
    0.1821
    0.3566
    0.6518
    0.3187
    0.0644
    0.3405
    0.1464
    2.3324
    1.0664
    0.1533
    0.3742
    2.8871
    1.6935
    2.5800
    0.1543
    0.2587
    0.0736
    3.0804
    0.0729
    0.1746
    4.5968
    0.4476
    0.0551
    0.3560
    0.0454
    0.0879
    1.0734
    0.3366
    1.4646
    0.4722
    3.1458
    0.0293
    0.1617
    1.5520
    0.5615
    0.4291
    0.7585
    0.4265
    0.0174
    0.1673
    0.2636
    0.9013
    0.4073
    1.6582
    7.6521
    0.0268
    2.8965
    0.0045
    1.9675
    0.3987
    0.5280
    3.3000
    0.1936
    1.4479
    0.6984
    1.4449
    0.1687
    0.2484
    0.3897
    0.3406
    1.5167
    1.3679
    0.7361
    0.0346
    0.0627
    0.3360
    0.2384
    0.0623
    0.7286
    0.5285
    0.4879
    0.9642
    0.2808
    0.4113
    0.0987
    3.8807
    1.7266
    1.1775
    0.3899
    0.0295
    0.6308
    0.2600
    0.2081
    0.0478
    0.1065
    1.8864
    0.1574
    0.1863
    0.8716
    0.1135
    0.7870
    0.0954
    0.6029
    0.6679
    2.4616
    6.4555
    1.4908
    0.0068
    0.7003
    0.8835
    1.3085
    0.2013
    0.1396
    3.6662
    0.5428
    2.1331
    0.2718
    2.1783
    0.0175
    1.3089
    0.5954
    0.9379
    0.1104
    0.1995
    1.0216
    0.9096
    1.0748
    0.4638
    2.3404
    0.1312
    0.2520
    0.6720
    0.2895
    3.1817
    4.8077
    3.2158
    0.2408
    0.2124
    6.2751
    0.6206
    0.1607
    5.9784
    3.0996
    1.4110
    0.0059
    2.9356
    0.0028
    0.4249
    0.4397
    1.9311
    0.4266
    0.2015
    0.0395
    1.8281
    0.4516
    0.0276
    0.2853
    0.3448
    0.8606
    1.4705
    0.5442
    0.9643
    0.0061
    1.9713
    4.3905
    1.4053
    3.6740
    1.9826
    2.3369
    0.6597
    1.1807
    1.9725
    1.6368
    0.6088
    0.2367
    0.5295
    1.6355
    0.5117
    8.4983
    1.8737
    0.3209
    0.5377
    2.0645
    1.1724
    0.4172
    0.4571
    0.5434
    1.1941
    0.0278
    0.6122
    0.1638
    0.3792
    0.5220
    0.4808
    0.9861
    0.1359
    1.0038
    0.1575
    0.9775
    1.0332
    1.6499
    0.0519
    2.8079
    0.8715
    3.2523
    0.5249
    0.1775
    0.8342
    0.1798
    1.7519
    1.7212
    0.4197
    0.4717
    8.2957
    0.0513
    2.0144
    0.8318
    1.4894
    0.5471
    1.4330
    0.1909
    0.0606
    0.3702
    1.0287
    0.4806
    1.0314
    1.6228
    0.8799
    4.2015
    0.5417
    0.5191
    0.3407
    0.1530
    0.2008
    0.0017
    0.7264
    1.4617
    0.1694
    0.5077
    0.5636
    0.9250
    1.1893
    1.2564
    0.0334
    0.2660
    2.6184
    1.2698
    0.6898
    0.4286
    4.5620
    2.8876
    0.1079
    0.4720
    1.1352
    0.0205
    0.3819
    0.6832
    0.1862
    0.0157
    0.6601
    2.0247
    0.1376
    0.7649
    3.5487
    0.0275
    0.1848
    1.3901
    0.0531
    0.2861
    0.1158
    0.9297
    0.1166
    0.0801
    0.0796
    0.8967
    0.7931
    0.0105
    0.1280
    0.1568
    0.7939
    5.6699
    0.2158
    1.3883
    3.8828
    2.4111
    0.8695
    3.1059
    0.6683
    0.3574
    0.6034
    2.7091
    0.7101
    2.6444
    0.0373
    0.0439
    0.4194
    0.6914
    0.3617
    0.7172
    0.0870
    0.1366
    0.5010
    0.2365
    5.6969
    2.6277
    0.3468
    0.1881
    0.5207
    0.9141
    2.7822
    1.0504
    0.3097
    0.8496
    2.3728
    0.4710
    0.4587
    0.0361
    0.1331
    0.4100
    0.7506
    0.8476
    3.3320
    0.6958
    0.2113
    0.0028
    0.6283
    0.4684
    0.0927
    2.9179
    0.2399
    0.5186
    3.0989
    0.3986
    0.0229
    0.1702
    4.6531
    1.0631
    0.8012
    0.5651
    0.3976
    0.1347
    0.4868
    0.8831
    0.1316
    0.4367
    0.1951
    0.0396
    0.1982
    0.2340
    1.6486
    0.0402
    1.0556
    0.0696
    0.1090
    1.2413
    0.1716
    1.9144
    1.3038
    0.4449
    3.2787
    0.5772
    0.9002
    0.1923
    0.4508
    0.0879
    1.2151
    0.8484
    0.1456
    3.6423
    0.8712
    2.2436
    0.2720
    3.8437
    0.1340
    0.6686
    0.0484
    1.5690
    4.0825
    0.2332
    0.4246
    0.0551
    2.2766
    2.6910
    0.5359
    0.6213
    0.1848
    0.3510
    0.5191
    0.5958
    2.7026
    1.1692
   10.2738
    1.0611
    2.2505
    0.5902
    0.0623
    0.3982
    3.3847
    0.7655
    0.4909
    0.5571
    0.2575
    6.4357
    0.6545
    1.6720
    0.1779
    1.3204
    0.2225
    0.7059
    2.3098
    1.5230
    1.6692
    0.4816
    0.0323
    2.9544
    2.0153
    3.4358
    0.2123
    1.1290
    0.1263
    0.2284
    0.8578
    1.7977
    0.0220
    0.4586
    0.0300
    0.2007
    0.5097
    0.0740
    2.4968
    0.3230
    0.8081
    0.4316
    1.6826
    0.9504
    0.3016
    0.0873
    0.5209
    0.7415
    1.6092
    1.5464
    1.2133
    0.1659
    0.2752
    0.1365
    0.4286
    0.2511
    0.3841
    0.6471
    0.0739
    0.1813
    1.3042
    0.2226
    0.5771
    0.1529
    1.0419
    0.6326
    2.2056
    0.0358
    1.5487
    2.1535
    0.0486
    2.3952
    2.6512
    0.4382
    0.0156
    0.0513
    1.6888
    0.4261
    1.6096
    0.0245
    0.8088
    2.2474
    0.1214
    0.0430
    0.2460
    0.8002
    0.6230
    1.4384
    0.0312
    2.7836
    0.4225
    0.8373
    0.4915
    0.2572
    0.2381
    1.2726
    0.8780
    0.2291
    2.1348
    0.3304
    0.4177
    2.7506
    0.1882
    0.3338
    0.0236
    1.3298
    3.5594
    0.1539
    0.3279
    2.0188
    1.2414
    0.3052
    0.7751
    0.2576
    0.2568
    0.7207
    3.0917
    0.2680
    0.6713
    2.2254
    1.8217
    2.8079
    0.7187
    0.1303
    0.2920
    2.3823
    0.1038
    1.0900
    0.3337
    0.2556
    0.5111
    2.5120
    0.5741
    2.1543
    0.6183
    0.1653
    1.0877
    0.1864
    0.0175
    1.1123
    0.8330
    3.5252
    0.6899
    0.7475
    0.4892
    1.1419
    0.9392
    0.1316
    0.6219
    1.1825
    0.0009
    4.4719
    0.9067
    1.2519
    0.5307
    7.7155
    1.5732
    0.9701
    0.4025
    1.2220
    0.3764
    3.0758
    0.0570
    0.6388
    0.1185
    0.7284
    1.2879
    1.0079
    0.0152
    0.1541
    0.2521
    1.1423
    0.9359
    2.7196
    0.4659
    0.1315
    0.6120
    1.1181
    0.7402
    0.1754
    1.9404
    0.0786
    1.7703
    0.4545
    0.0192
    0.5113
    0.3520
    2.5684
    0.5383
    0.3574
    0.0209
    0.5720
    0.4656
    0.0035
    0.8559
    0.0605
    0.9806
    1.2042
    0.0421
    0.5454
    1.0454
    0.8293
    0.8077
   10.7458
    0.2088
    1.0690
    0.6016
    0.8482
    2.6350
    0.4073
    0.4589
    1.5231
    1.9322
    0.7427
    0.4245
    0.8922
    0.0950
    0.8756
    0.0249
    0.8721
    0.3898
    0.0607
    2.8409
    1.3612
    0.3705
    1.0281
    7.0302
    0.8409
    5.0897
    0.0285
    1.5861
    0.5479
    0.5244
    0.5346
    0.2601
    0.7575
    3.2680
    0.5074
    0.7824
    0.3246
    1.1836
    0.4314
    1.1827
    1.9711
    1.3610
    2.4798
    0.6505
    4.2021
    1.4496
    0.0350
    0.3203
    1.6136
    0.1833
    0.2696
    0.1891
    0.1607
    0.1156
    0.8728
    0.8182
    1.3353
    0.6391
    0.1695
    1.1437
    0.4054
    0.1308
    0.2332
    2.1977
    0.3056
    0.5325
    0.7563
    0.1381
    0.3426
    0.3338
    0.6318
    0.3233
    0.4736
    0.2715
    0.1232
    0.1848
    0.6559
    0.3080
    0.2027
    1.5378
    0.5634
    0.1913
    0.1777
    1.4217
    2.5747
    0.2299
    0.0062
    0.0679
    0.3532
    0.6459
    1.4797
    0.4626
    0.8305
    0.5514
    1.7147
    1.7345
    0.2998
    0.0684
    0.9191
    1.7131
    0.2352
    0.6238
    2.9030
    0.5780
    0.2499
    0.3987
    0.7978
    0.8002
    0.7963
    0.2868
    1.1479
    4.3774
    0.2035
    0.8633
    0.7987
    0.3295
    0.9813
    0.8926
    0.4357
    0.4482
    1.5748
    2.2539
    0.0781
    0.9985
    0.5644
    0.0327
    2.9562
    0.2624
    2.0063
    0.3540
    0.0438
    0.0004
    0.2518
    0.0819
    0.4490
    2.4132
    0.5059
    0.0183
    0.8847
    0.0258
    1.0033
    0.8267
    0.3337
    0.0241
    0.3048
    0.5474
    0.8544
    1.5969
    0.4396
    0.4661
    0.6815
    0.2898
    0.1795
    0.0248
    1.1329
    1.5213
    2.2412
    0.0822
    2.7543
    2.0056
    1.9485
    1.3408
    0.7183
    0.4819
    0.1207
    2.8511
    0.4485
    0.9306
    1.0670
    0.7796
    0.7033
    1.5330
    0.1193
    0.2108
    0.5706
    1.0871
    0.8140
    2.0131
    0.0831
    0.5771
    0.3944
    0.2155
    0.1286
    0.2733
    0.2083
    1.1919
    0.1932
    1.6746
    0.3161
    0.2071
    0.4326
    1.9617
    0.1056
    0.4873
    0.0997
    1.4644
    0.3390
    0.0483
    0.1638
    2.2274
    0.5909
    0.5949
    4.4752
    1.5904
    0.6389
    0.3017
    1.6597
    0.0298
    0.1822
   25.2196
    0.4952
    0.2132
    1.2980

