  3.2415e+002
  7.9121e+001
  2.5282e+002
  1.8854e+002
  2.0600e+001
  1.9889e+002
  1.3863e+002
  2.8473e+002
  2.8595e+002
  2.0228e+001
  2.0095e+002
  3.3688e+001
  1.3044e+002
  5.6649e+001
  1.4166e+002
  3.9022e+001
  2.0895e+001
  8.9806e+001
  4.6746e+001
  3.4625e+000
  1.6761e+001
  1.1026e+002
  1.7114e+001
  5.8823e+000
  1.5180e+002
  2.5230e+002
  3.6761e+001
  7.0583e+000
  2.0728e+002
  9.6169e+000
  8.7609e+001
  1.7259e+001
  4.7708e+000
  7.5968e+001
  7.5917e+001
  5.4240e+001
  5.3664e+002
  2.7976e+002
  4.4089e+001
  1.1302e+001
  1.7805e+001
  5.9938e+001
  1.3173e+002
  5.7434e+001
  2.0144e+002
  1.0575e+001
  8.2635e+000
  3.6047e+001
  9.0814e+001
  2.2780e+001
  5.5646e+001
  3.1636e+001
  1.4785e+002
  5.7194e+001
  1.5776e+001
  3.0745e+001
  2.6973e+002
  3.7206e+001
  2.1906e+002
  4.1412e+001
  5.9879e+001
  3.1943e+002
  3.1693e+000
  1.2345e+002
  2.0950e+001
  1.2079e+002
  5.1554e+001
  1.8266e+001
  8.9327e+001
  3.7373e+001
  3.0946e+001
  3.9654e+001
  1.7246e+001
  3.1349e+001
  1.5785e+001
  6.8713e+001
  1.2402e+002
  3.5425e+001
  5.8480e+000
  4.1313e+001
  2.2757e+001
  1.3184e+002
  3.3989e+001
  1.2484e+001
  2.8518e+002
  5.7978e+001
  2.7077e+001
  2.0283e+001
  1.8777e+002
  2.5308e+002
  1.1449e+002
  2.4892e+001
  1.6961e+001
  1.2034e+002
  5.7596e+000
  2.7389e+002
  3.0261e+001
  3.9448e+002
  2.8001e+001
  1.8071e+002
  3.1589e+001
  5.2997e+001
  1.0087e+002
  3.9766e+001
  1.0285e+002
  4.1417e+001
  6.7374e+001
  9.0083e+001
  8.2159e+001
  3.5498e+001
  8.4783e+001
  7.6268e+001
  2.8924e+001
  5.0767e+001
  6.5820e+001
  7.7041e+000
  1.4011e+001
  8.1721e+001
  8.3428e+000
  1.0255e+002
  2.8036e+001
  4.0967e+000
  4.4547e+001
  2.6380e+002
  2.5569e+001
  1.5560e+002
  2.6566e+001
  3.6920e+001
  3.4008e+002
  2.2886e+001
  4.5745e+001
  7.4668e+001
  1.3704e+002
  1.3590e+001
  8.8555e+000
  5.9685e+001
  6.5624e+000
  1.1028e+002
  1.2083e+001
  4.1036e+002
  3.6647e+001
  8.7237e+001
  6.8358e+001
  6.0494e+002
  2.1106e+002
  1.4200e+001
  1.6241e+002
  7.2367e+001
  6.5322e+001
  4.0227e+001
  7.4588e+001
  5.9530e+002
  3.8708e+001
  1.8776e+002
  5.3927e+000
  2.6513e+002
  3.0660e+001
  5.1369e+001
  1.6325e+001
  1.3675e+002
  1.3710e+002
  2.5708e+001
  1.3224e+001
  8.9406e+001
  1.4337e+002
  6.1084e+000
  7.4480e+001
  3.9201e+002
  3.1326e+001
  1.7717e+002
  2.1885e+002
  1.4342e+002
  9.6352e+001
  1.7813e+001
  3.7092e+001
  1.1648e+002
  5.8395e+000
  9.3490e+000
  6.4181e+001
  9.8748e+001
  1.7034e+002
  1.8794e+002
  3.1057e+002
  8.0941e+001
  1.5204e+002
  1.8825e+001
  3.2135e+002
  2.6707e+002
  7.7346e+001
  1.3464e+002
  4.8740e+001
  1.4290e+002
  1.2177e+001
  1.7126e+001
  4.9263e+001
  6.5045e+001
  1.3910e+002
  7.4589e+001
  1.4309e+002
  4.8903e+000
  4.9313e+000
  1.8295e+002
  1.1053e+002
  2.7655e+002
  1.2463e+002
  5.5436e+002
  6.8233e+001
  8.9228e+000
  2.0869e+002
  1.7086e+002
  3.0200e+001
  9.5571e+001
  8.8412e+000
  4.8823e+001
  4.9571e+001
  1.2705e+002
  3.2352e+002
  5.5900e+002
  1.0024e+001
  6.2066e+001
  8.0885e+001
  6.8873e+001
  2.5770e+001
  8.5342e+001
  1.7018e+001
  4.1851e+001
  8.9115e+001
  6.1927e+001
  7.7070e+000
  3.5343e+001
  1.5768e+001
  7.2935e+001
  8.0146e+001
  1.2355e+001
  3.7850e+001
  6.0565e+001
  5.4897e+002
  1.6169e+001
  1.5159e+002
  5.1204e+001
  7.1033e+000
  1.0810e+001
  1.8587e+001
  1.9343e+002
  1.6479e+002
  2.0169e+001
  2.7893e+001
  4.4533e+001
  5.2009e+000
  3.1598e+002
  3.5154e+001
  2.1961e+002
  2.0058e+001
  2.1129e+002
  6.9628e+000
  5.3171e+001
  2.0022e+002
  1.9583e+002
  3.0866e+001
  1.1417e+001
  3.5572e+001
  6.4951e+001
  2.2442e+002
  4.5854e+001
  4.1878e+002
  1.9268e+001
  9.4733e+001
  7.1518e+001
  5.9313e+001
  3.6898e+001
  1.4799e+001
  2.7976e+001
  1.4838e+002
  3.3036e+001
  3.7032e+001
  7.3444e+001
  8.9994e+001
  5.4027e+001
  2.4372e+001
  3.7039e+001
  4.7467e+000
  1.0218e+002
  2.7785e+001
  8.8375e+000
  1.2482e+002
  1.0341e+002
  6.6838e+001
  2.1554e+001
  2.6605e+002
  3.1847e+001
  1.5138e+002
  9.6043e+001
  5.6704e+001
  1.2544e+002
  1.2854e+002
  1.8594e+001
  1.6397e+001
  4.2071e+001
  1.2255e+002
  4.1239e+001
  4.2017e+001
  1.5972e+001
  3.3544e+000
  4.5527e+001
  1.4100e+002
  2.8995e+002
  6.3392e+001
  1.1088e+002
  3.0556e+001
  2.6088e+002
  1.6433e+002
  2.6754e+002
  2.8535e+002
  1.8584e+002
  1.9912e+001
  2.0206e+002
  1.5421e+002
  4.3115e+001
  6.9806e+001
  2.3462e+002
  2.8608e+001
  1.3094e+002
  5.0986e+001
  6.9423e+001
  3.0882e+001
  2.4450e+001
  7.5681e+002
  7.6834e+001
  1.2862e+001
  2.4262e+002
  5.8017e+001
  3.9388e+001
  1.4902e+002
  2.5339e+002
  1.2500e+002
  3.1404e+002
  6.1116e+001
  8.7385e+001
  4.0749e+001
  7.9195e+001
  3.3972e+001
  9.1489e+000
  2.5670e+001
  4.4389e+001
  2.2166e+001
  4.2641e+002
  9.9388e+001
  2.3859e+001
  1.5681e+002
  3.2609e+001
  9.8660e+001
  4.0402e+001
  3.3910e+002
  5.8520e+000
  6.5779e+001
  2.0180e+002
  6.5122e+001
  2.9007e+002
  7.4963e+001
  8.9331e+000
  1.6555e+002
  2.0276e+001
  2.4008e+001
  5.2880e+002
  1.2022e+002
  1.0585e+002
  4.6236e+001
  5.2804e+001
  5.3673e+001
  4.0172e+001
  7.3656e+001
  2.3905e+002
  9.8597e+001
  9.1090e+000
  1.6870e+002
  7.3438e+001
  7.2099e+000
  3.3987e+002
  1.7409e+002
  8.0635e+001
  1.4248e+002
  4.6160e+001
  9.2762e+000
  6.2195e+001
  4.4402e+001
  2.0798e+002
  9.3217e+000
  4.9238e+001
  9.7283e+001
  3.9317e+001
  2.5309e+001
  4.4023e+001
  4.1695e+000
  8.4952e+001
  3.1809e+001
  4.0291e+001
  1.4462e+002
  3.5885e+002
  6.3101e+001
  3.2718e+002
  1.7627e+001
  2.3040e+001
  1.2787e+002
  1.0917e+002
  1.1561e+001
  2.4906e+001
  5.8749e+001
  3.6335e+002
  6.7442e+001
  1.4863e+002
  1.6550e+001
  7.3654e+001
  1.1761e+002
  1.7891e+002
  7.4985e+001
  2.9860e+002
  5.1184e+001
  2.7666e+002
  1.0745e+002
  4.4136e+000
  6.8470e+002
  1.0248e+002
  1.1152e+002
  5.9246e+001
  8.3765e+001
  2.3742e+002
  4.1359e+002
  2.5518e+001
  3.4779e+002
  2.5418e+001
  3.5329e+002
  5.3737e+001
  1.7470e+002
  4.9155e+001
  7.7975e+000
  2.0654e+002
  7.8283e+001
  3.4521e+002
  2.9158e+000
  9.2046e+001
  5.8900e+001
  3.1863e+001
  2.1371e+001
  2.9569e+002
  5.5560e+000
  1.2521e+001
  1.5488e+002
  1.2027e+002
  5.1121e+001
  1.8228e+001
  7.0286e+001
  4.2090e+001
  1.4646e+001
  1.3550e+002
  1.0954e+002
  1.4912e+002
  3.1600e+002
  2.3400e+002
  1.3586e+001
  4.0509e+002
  1.6849e+002
  5.6641e+001
  2.9794e+002
  3.8533e+001
  1.0415e+002
  3.2803e+001
  2.5163e+001
  1.2840e+001
  4.6216e+000
  6.5819e+001
  9.7420e+001
  1.7397e+001
  2.4849e+001
  6.8717e+001
  1.8714e+002
  8.6358e+000
  4.2881e+001
  3.1843e+001
  8.5903e+000
  6.6662e+001
  5.3417e+001
  2.3630e+001
  8.1362e+001
  5.3438e+001
  1.9312e+002
  3.0942e+000
  9.4941e+000
  7.1139e+001
  2.4893e+001
  7.5716e+002
  3.6237e+001
  4.3959e+002
  2.4752e+002
  3.5318e+001
  2.3590e+001
  1.0143e+002
  2.4067e+001
  1.9075e+001
  3.3180e+002
  1.1123e+001
  1.8674e+002
  4.8783e+001
  1.2283e+001
  1.1094e+002
  1.2420e+001
  1.9382e+001
  1.2121e+001
  4.3824e+001
  8.1237e+000
  1.1464e+001
  1.1692e+002
  3.1150e+001
  3.5450e+001
  8.5633e+001
  2.1533e+002
  1.7519e+001
  1.7220e+002
  8.7666e+001
  1.2511e+002
  1.1423e+002
  4.7140e+002
  4.8907e+001
  1.3415e+002
  3.3669e+001
  1.1969e+002
  4.2965e+002
  5.6757e+001
  1.1317e+002
  6.2380e+001
  4.9739e+001
  5.5024e+001
  1.0428e+002
  3.1114e+002
  1.1639e+001
  3.4207e+001
  1.3483e+001
  3.5816e+002
  1.7985e+002
  1.5772e+001
  4.5863e+001
  1.4038e+002
  1.4548e+002
  9.1616e+001
  4.7458e+001
  2.0275e+001
  3.6788e+001
  3.1826e+001
  2.1218e+001
  2.5088e+002
  6.6332e+001
  1.3616e+002
  9.6328e+000
  5.1370e+001
  1.9881e+001
  5.9256e+001
  1.4239e+002
  1.3318e+002
  1.5449e+001
  4.6553e+001
  6.5837e+000
  2.8199e+001
  4.5369e+001
  1.8163e+001
  3.4166e+002
  4.7209e+001
  2.0460e+001
  7.2332e+000
  8.9186e+001
  1.5727e+001
  1.2864e+002
  2.2013e+001
  2.0778e+002
  9.6592e+001
  2.7751e+001
  5.1242e+001
  2.2232e+002
  2.7643e+002
  7.8786e+001
  1.4299e+002
  5.6768e+001
  1.5360e+001
  4.7783e+001
  1.5948e+002
  9.7007e+001
  4.1499e+001
  5.1943e+001
  6.6056e+001
  1.0219e+001
  5.1715e+001
  1.2550e+001
  1.5413e+002
  1.7001e+002
  2.4933e+002
  9.5449e+001
  6.5471e+001
  3.1239e+001
  6.8820e+001
  1.3242e+001
  1.0330e+002
  2.4186e+001
  3.1001e+002
  9.0180e+001
  5.8905e+000
  3.5395e+002
  2.4736e+002
  6.9051e+001
  2.9682e+002
  2.1940e+002
  4.1600e+001
  1.8058e+002
  1.6643e+001
  2.6919e+001
  1.6862e+001
  1.2324e+001
  2.9205e+000
  8.6628e+000
  3.3019e+001
  1.5189e+002
  1.4393e+001
  7.9465e+001
  4.4250e+001
  1.1965e+002
  1.5161e+002
  8.1385e+000
  1.1576e+002
  1.4512e+002
  9.5065e+000
  3.5390e+001
  9.4380e+001
  1.3440e+002
  6.0018e+001
  1.8727e+002
  9.2934e+001
  2.4825e+001
  1.9494e+002
  1.3430e+002
  1.3496e+001
  5.4504e+000
  2.9631e+001
  9.4067e+000
  3.5245e+002
  3.6458e+001
  1.4630e+001
  5.1549e+000
  6.3947e+001
  6.8339e+001
  1.9367e+001
  2.4200e+002
  1.1947e+002
  4.0803e+000
  2.5717e+002
  3.6388e+002
  1.0322e+002
  1.6740e+002
  2.5240e+002
  4.2319e+002
  4.7447e+000
  8.0772e+001
  8.8152e+000
  3.2959e+001
  2.8067e+002
  3.6394e+000
  7.7250e+001
  2.7015e+001
  7.7112e+001
  5.1549e+001
  4.2855e+000
  2.5610e+002
  1.0151e+002
  1.7202e+002
  4.2817e+001
  1.3536e+002
  2.0529e+001
  2.5384e+001
  2.1687e+002
  1.3047e+002
  8.8113e+001
  8.7398e+000
  2.2814e+001
  1.0332e+002
  7.7643e+001
  1.2591e+002
  3.8573e+001
  1.9635e+001
  5.9717e+001
  1.9443e+001
  4.4400e+001
  6.1217e+001
  5.6776e+001
  1.3635e+002
  7.2450e+001
  2.3661e+002
  2.1498e+002
  6.2636e+001
  4.4641e+000
  1.8464e+001
  2.7581e+002
  4.2077e+001
  1.1736e+002
  8.0381e+000
  2.3031e+001
  4.5709e+001
  9.0721e+001
  2.1272e+001
  3.5664e+001
  9.8569e+001
  6.0747e+000
  1.6311e+001
  1.9137e+002
  1.9269e+002
  2.1250e+002
  1.0275e+001
  1.8333e+002
  3.0443e+001
  4.2934e+002
  5.9023e+002
  2.8035e+001
  2.9810e+000
  2.2883e+000
  4.2404e+001
  1.2869e+002
  9.1769e+001
  2.1595e+001
  3.8585e+001
  1.4842e+002
  2.5453e+001
  3.8745e+002
  3.1374e+001
  3.5406e+001
  8.8177e+001
  4.7369e+001
  1.1807e+002
  6.4669e+001
  4.9936e+000
  1.7228e+001
  8.1070e+001
  7.4350e+001
  4.3116e+001
  1.3223e+002
  2.1182e+002
  5.1494e+000
  1.0105e+001
  1.8266e+002
  1.3255e+002
  1.8770e+002
  1.7304e+002
  9.4091e+001
  8.5937e+001
  1.1696e+002
  5.8923e+001
  2.1901e+001
  8.2563e+001
  3.6023e+001
  7.2846e+001
  2.3217e+002
  5.6841e+001
  1.5904e+001
  7.1593e+001
  1.4315e+001
  5.0384e+000
  1.1816e+001
  9.9135e+001
  1.1520e+001
  3.0565e+001
  1.7670e+002
  3.4414e+001
  1.1508e+001
  3.7634e+002
  2.8392e+002
  1.4336e+002
  7.4800e+001
  2.7795e+001
  1.0285e+002
  5.7619e+001
  2.3971e+001
  3.4683e+001
  2.2205e+002
  5.7219e+001
  2.3222e+002
  9.9616e+001
  1.1055e+002
  6.2540e+000
  1.2479e+001
  1.6476e+001
  1.0475e+001
  4.2459e+001
  3.1726e+001
  6.0378e+000
  3.3752e+001
  7.6989e+001
  1.8614e+001
  4.4227e+002
  1.6023e+002
  6.2458e+001
  1.2916e+002
  1.5219e+002
  8.2825e+001
  3.8502e+000
  1.1868e+001
  7.7350e+001
  9.2030e+001
  2.8619e+001
  1.3003e+001
  4.7561e+002
  9.8798e+001
  2.1511e+002
  8.6452e+001
  2.5138e+002
  3.6979e+001
  7.0427e+001
  5.1535e+001
  6.4167e+001
  2.4073e+002
  6.3510e+001
  2.0352e+002
  6.6155e+001
  2.0691e+002
  1.9088e+001
  8.0712e+001
  3.8074e+002
  5.6395e+001
  4.6765e+001
  2.0038e+001
  2.4482e+002
  1.6697e+001
  9.5333e+001
  3.7018e+001
  2.3118e+002
  4.4032e+002
  3.4165e+001
  1.2287e+002
  1.5187e+002
  2.2361e+001
  3.7132e+001
  1.8905e+002
  1.5706e+002
  3.3134e+002
  1.6130e+002
  1.0005e+002
  5.8195e+001
  2.8913e+001
  9.1075e+001
  1.4909e+001
  4.5965e+002
  1.3794e+001
  2.4638e+002
  1.7958e+001
  6.7963e+001
  8.1271e+000
  1.5171e+001
  6.1607e+001
  1.9845e+001
  6.7516e+001
  2.9911e+001
  3.7334e+002
  4.8458e+001
  2.3173e+001
  7.4771e+001
  5.0546e+001
  4.7068e+001
  1.1987e+002
  3.4362e+002
  1.1194e+002
  1.4459e+002
  9.2779e+001
  2.2104e+001
  5.7279e+001
  4.1688e+001
  8.4223e+001
  1.0018e+001
  2.6890e+001
  3.8460e+001
  7.9744e+000
  1.2513e+002
  1.9724e+001
  1.7504e+002
  4.9941e+001
  2.8647e+002
  2.6289e+002
  8.9358e+000
  1.0265e+001
  5.2566e+001
  4.0068e+002
  7.1150e+001
  6.1346e+001
  1.5098e+001
  3.3768e+000
  1.4117e+001
  2.1140e+001
  1.4512e+001
  6.8636e+001
  5.5918e+001
  1.5939e+001
  1.1319e+001
  7.0158e+001
  6.9397e+001
  4.7160e+001
  1.4169e+002
  6.1008e+001
  1.3688e+001
  1.2583e+002
  6.5323e+001
  7.9701e+000
  9.1353e+000
  8.3914e+000
  5.3014e+001
  4.1172e+002
  2.8041e+002
  2.8034e+001
  1.6412e+002
  2.3450e+001
  1.6438e+002
  4.6369e+001
  1.8365e+002
  2.2212e+001
  2.6944e+001
  6.0220e+001
  1.7846e+001
  2.1450e+001
  1.4879e+002
  1.4621e+001
  2.6353e+001
  1.0223e+002
  5.1476e+001
  7.3580e+001
  1.0875e+002
  1.1231e+002
  1.0048e+002
  5.5674e+001
  3.2245e+002
  1.4337e+002
  3.6905e+001
  1.7750e+001
  1.2068e+002
  1.3204e+002
  1.8763e+001
  8.0872e+000
  4.1016e+001
  4.5742e+001
  3.8294e+001
  5.2065e+001
  1.3909e+001
  1.3440e+002
  7.5438e+001
  1.3413e+001
  1.8222e+001
  6.0897e+001
  3.3444e+002
  1.1776e+002
  5.0742e+001
  1.0392e+002
  2.9142e+002
  2.4877e+001
  2.3325e+001
  4.4706e+001
  5.0204e+001
  4.4535e+001
  7.1150e+001
  1.0547e+002
  9.1777e+001
  1.4140e+001
  9.9754e+001
  3.0381e+001
  1.1696e+002
  2.0875e+002
  3.0456e+001
  6.6372e+001
  1.7506e+001
  5.7379e+001
  1.8265e+001
  1.2833e+002
  7.9881e+001
  2.4076e+001
  2.2275e+002
  3.5625e+002
  2.3960e+001
  7.6415e+001
  3.4052e+001
  2.9189e+001
  3.2548e+002
  6.9333e+001
  5.6029e+000
  4.0307e+001
  2.4281e+001
  6.8982e+001
  9.7859e+001
  8.3716e+000
  1.4886e+001
  1.1916e+002
  1.7870e+002
  1.1005e+002
  1.5330e+002
  3.2345e+001
  8.0066e+001
  3.8513e+002
  7.7607e+001
  6.7208e+001
  5.6270e+000
  6.2518e+001
  1.2582e+002

