  3.8421e-001
  7.0765e-002
  5.8609e-001
  1.5672e+000
  1.0140e-001
  1.5487e-001
  5.9357e-002
  1.1764e+000
  6.4727e-002
  2.9445e+000
  8.0454e-002
  1.8961e-002
  3.1635e-001
  3.5875e-001
  2.7216e+000
  5.6711e-002
  3.9149e-001
  2.2414e-001
  2.2785e-001
  2.2310e-001
  7.5227e-001
  1.3478e-001
  1.3471e-001
  8.3988e-001
  1.2606e+001
  2.8048e-001
  8.6142e-001
  1.1241e-002
  6.0900e+000
  3.6008e-001
  4.2925e-001
  3.4963e-002
  1.2306e-001
  2.8543e-001
  2.0469e-001
  8.1891e+000
  1.9421e+000
  2.1265e-001
  1.0610e-001
  8.5951e-002
  8.3439e-001
  2.0005e-001
  2.6620e-001
  9.3064e-001
  3.6828e-001
  4.7429e-001
  3.4978e-001
  1.2289e-001
  5.4300e-001
  4.2247e+000
  4.7401e-001
  3.6756e-001
  5.1480e-001
  2.1973e-001
  9.1387e-001
  4.3700e-002
  4.8130e-002
  4.5852e-001
  2.4173e-001
  5.6133e-001
  1.3325e-001
  4.3634e-001
  2.3404e-001
  2.5519e-001
  2.2243e+000
  1.8526e+000
  5.3154e+000
  1.2305e+000
  1.7517e+000
  7.4906e-002
  1.2934e-001
  3.1638e+000
  3.6419e-001
  4.2563e-001
  1.7691e-001
  1.2397e-001
  1.1180e+000
  4.9755e-001
  1.1875e-001
  1.1515e-001
  1.8028e-001
  5.1222e-002
  2.4908e-001
  3.0331e+000
  1.6903e-001
  1.1683e+000
  3.1488e+000
  2.0358e-001
  1.6522e-001
  2.1458e-001
  1.8734e+000
  6.8069e-001
  1.5407e+000
  7.0442e-001
  4.0745e-001
  9.6081e-001
  6.9346e-003
  1.1231e-001
  1.5580e+000
  7.6223e+000
  1.2678e-001
  3.0900e-001
  1.8256e-002
  1.2161e+000
  5.6617e-002
  2.0215e-002
  2.2933e-001
  3.4146e-001
  2.4229e-002
  1.5735e+001
  1.3436e-001
  2.4799e-001
  4.0877e-002
  1.2800e-001
  1.8282e+000
  1.3109e+000
  2.2495e-001
  4.6855e-001
  2.9477e-002
  8.2731e-001
  1.0527e-002
  1.2196e+000
  2.8118e-001
  7.4953e-001
  1.4814e+000
  1.8793e+001
  2.7307e-001
  1.1826e+000
  1.3837e-001
  3.3080e-001
  2.0804e-001
  3.1329e-001
  4.5652e-002
  6.9104e-001
  2.0532e-001
  1.2049e-001
  8.4973e+000
  5.2378e-001
  8.6806e-002
  6.4008e-001
  5.4094e-001
  6.1446e-002
  1.4154e-001
  1.6428e-001
  1.3050e+000
  6.4377e-001
  1.5429e-001
  3.5286e+000
  3.2524e-002
  2.9226e-001
  2.7010e+000
  3.5966e-001
  3.6816e-001
  5.8204e-001
  8.6670e-001
  3.8398e-001
  4.2928e-001
  3.5401e-001
  1.6505e+000
  2.0096e-001
  2.9711e-003
  2.3330e+000
  5.0783e-001
  3.4822e+000
  9.5658e+000
  1.8350e+000
  8.6334e-002
  6.4638e-001
  7.8471e-001
  2.0176e-001
  8.6284e-001
  1.3587e-001
  3.7882e-001
  1.2517e+000
  4.2882e-001
  5.2724e-002
  5.8330e-001
  2.9769e-002
  2.4510e-001
  7.9397e-002
  7.5602e-002
  8.8645e-001
  4.7989e-001
  6.7925e-002
  4.2452e-001
  4.5792e-001
  9.2103e-002
  1.7916e-001
  6.2120e-002
  1.3902e-002
  2.3149e-001
  1.7201e-001
  1.1148e-001
  6.0065e-001
  3.7657e-001
  3.8593e-001
  4.1981e+000
  7.6251e-001
  1.1686e-002
  2.1563e-001
  4.2294e-001
  1.1884e-002
  3.5786e-001
  1.8018e-001
  1.3236e+000
  2.0225e-001
  2.3836e+000
  1.1736e-002
  4.4472e-002
  2.8565e-001
  1.4652e-001
  4.7828e-001
  5.1105e-001
  3.3886e-001
  1.2124e+000
  2.1088e+000
  8.0553e-001
  7.9776e-001
  4.6615e-001
  1.4060e-001
  6.1800e-001
  7.0431e-002
  7.4114e+000
  4.1911e-001
  1.4223e-001
  6.4387e+000
  2.5935e-002
  9.6394e-001
  2.0607e-001
  5.9961e-001
  1.6658e+000
  1.7254e-001
  3.8372e-001
  9.6330e-001
  1.3135e+000
  2.7012e-002
  1.0921e+000
  2.1725e-001
  3.4528e-001
  2.9322e-001
  5.2062e-002
  5.2754e-001
  1.7176e-001
  3.4587e-001
  1.3630e-001
  1.9940e-001
  2.5697e-001
  3.5757e-001
  5.0012e-001
  2.6263e-001
  5.3950e-001
  7.9356e-001
  1.4894e+000
  2.5284e-002
  5.6554e-001
  2.4995e-001
  9.1909e-002
  1.4089e-001
  9.3834e-001
  4.8850e-001
  4.2866e-001
  5.4151e-001
  2.0847e-001
  1.9483e-001
  1.1494e+001
  1.9215e+000
  4.8371e-001
  3.4317e-001
  4.1072e-003
  1.0550e+000
  7.3051e-001
  7.7677e-001
  8.9539e-002
  2.4629e+000
  6.1911e-001
  6.4669e-001
  5.0355e-001
  7.2335e-001
  2.7617e-001
  1.9888e-005
  2.1732e-001
  1.5809e-001
  2.9938e-001
  3.4155e-001
  1.0914e-003
  8.4440e-001
  1.2043e-001
  2.0986e-001
  2.8282e-002
  3.3272e-001
  1.6576e-002
  5.0322e-001
  1.0966e-001
  5.8763e-002
  4.9364e-001
  3.7535e-001
  3.2329e+000
  6.8817e-001
  2.6744e-001
  5.9920e-002
  4.6952e+000
  2.3493e+000
  1.1822e-001
  1.0867e-001
  1.1861e+000
  1.5294e-001
  6.0476e-001
  4.4966e-001
  1.9055e+000
  5.0926e-001
  7.7688e-002
  4.9292e-003
  4.3368e+000
  2.3764e-001
  3.0029e-002
  3.2133e-001
  8.5514e-001
  4.4146e-001
  3.8138e-001
  4.1455e-002
  3.5286e-001
  1.9302e-001
  9.8792e-001
  1.7764e-002
  9.1837e-001
  9.4614e-001
  7.2502e-001
  3.8077e-001
  1.1928e-002
  4.8937e-002
  6.0057e-001
  4.8917e-001
  1.9467e-002
  5.7397e-001
  7.5661e-002
  1.4349e+000
  2.3057e-001
  3.7315e-001
  5.1744e-001
  3.2762e-001
  3.0296e+000
  6.0842e-001
  3.9885e+000
  5.9315e+000
  1.1361e+000
  5.3869e-002
  2.8576e-001
  3.1365e-001
  6.9524e-002
  7.5706e-001
  1.7198e-003
  1.9675e+000
  1.8988e+000
  1.4059e+000
  1.2062e+000
  8.7779e-003
  3.8543e+000
  3.8412e-001
  1.3770e+000
  4.1707e-001
  1.2975e+000
  1.2942e-001
  1.3527e-001
  9.7599e-003
  3.6896e-001
  1.7425e-001
  1.0659e+000
  5.9926e-001
  6.6974e-002
  7.5374e-002
  3.4366e-001
  9.6303e+000
  5.9338e-001
  1.7704e-001
  2.2321e-001
  2.3233e+000
  8.7533e-001
  3.0194e-001
  4.6832e-001
  5.1386e-001
  2.3699e-001
  5.3062e-001
  3.8679e-001
  1.3767e-001
  1.3230e+000
  2.4586e-001
  9.4849e+000
  7.1302e-001
  3.9986e-001
  2.7518e+000
  1.7264e-002
  1.1142e-001
  7.0240e-003
  1.3278e+000
  1.6405e-001
  1.4502e-002
  6.1147e+000
  7.9333e-001
  9.6827e+000
  7.0318e-002
  4.9533e+000
  1.0317e-002
  1.1866e-001
  4.6723e-001
  7.7220e-002
  4.8859e-001
  4.8873e-001
  5.5168e-001
  6.6223e-001
  3.1947e-002
  2.7461e-001
  4.4584e-001
  1.8440e-001
  1.3042e-001
  2.4652e-001
  3.9306e-001
  1.2733e-001
  1.3976e-001
  3.1840e+000
  6.8901e-003
  1.5126e-001
  5.4156e+000
  5.7281e-001
  5.3377e-001
  7.5947e-001
  8.9334e+000
  4.1431e-001
  2.0266e+000
  5.1125e-001
  4.3832e+000
  2.8266e-001
  4.0745e-001
  2.8315e-001
  2.4091e-002
  3.2427e-001
  3.7435e+000
  6.5369e-001
  5.7425e-001
  7.1794e-001
  5.5875e-001
  4.2834e-002
  4.0932e-001
  8.4389e-001
  4.5630e-001
  4.8659e-001
  2.7093e-001
  6.0233e-001
  9.0787e-002
  2.9348e-001
  1.0571e+000
  4.0151e+000
  3.4263e-002
  7.3051e-001
  7.1273e-002
  5.7772e-001
  2.6742e-001
  7.7523e-001
  7.5624e-002
  4.5181e-002
  1.0307e+001
  1.3797e-001
  3.4935e-001
  5.8648e-002
  1.5000e+000
  5.1295e-001
  2.3645e-001
  1.1981e-001
  6.8217e-001
  1.4628e+000
  1.3493e-001
  3.1744e-001
  5.3248e-001
  5.2906e-001
  7.2812e-001
  4.2092e+000
  1.4950e-001
  2.3496e-002
  2.9158e-001
  1.6582e+000
  7.8814e-001
  7.3329e-002
  4.4171e+000
  2.3947e-001
  4.9219e-001
  3.0121e-001
  1.1167e-002
  8.9189e-001
  4.9537e-001
  2.6571e+000
  1.6115e-001
  1.2171e-001
  5.2548e-002
  5.4373e-002
  1.6439e+000
  6.9457e-002
  2.2929e-001
  8.2736e-001
  2.7261e-001
  3.9643e-001
  7.2223e-001
  5.6897e+000
  3.4009e-001
  2.4231e-001
  3.7590e-001
  1.3534e-001
  6.5019e-001
  3.4197e-002
  3.5564e-003
  1.4232e+000
  2.4581e-001
  2.7422e+000
  3.4829e+000
  1.0235e-001
  5.0305e-001
  3.7531e-001
  1.6948e-001
  3.3280e-001
  1.0780e+000
  4.6007e-001
  2.2555e-001
  6.3893e-002
  3.1125e-001
  1.7056e+000
  2.0863e+000
  5.7607e-002
  1.2194e-001
  3.3717e+000
  2.3896e-001
  4.2693e+000
  1.2928e-001
  8.2014e-001
  4.4189e-002
  5.9163e-001
  5.7305e+000
  1.4031e-001
  1.3371e+000
  8.9759e-002
  1.1530e-001
  3.1568e-001
  4.8633e-001
  1.6796e+000
  2.2678e-001
  8.6953e-002
  2.4529e-001
  6.9429e-001
  7.9465e-001
  8.7462e-001
  1.7813e+000
  1.5107e+000
  4.5913e-001
  1.5724e-001
  6.1281e-001
  1.1773e+000
  2.2174e+000
  2.8282e-001
  4.6181e-001
  2.3744e-001
  1.8406e-001
  7.1440e-001
  3.9861e-001
  4.7896e-001
  1.2916e-001
  4.5236e-002
  3.7474e-001
  7.7972e-003
  2.1036e-002
  7.9517e-001
  6.7648e-001
  7.8333e-003
  1.8379e-001
  1.3235e+001
  1.2109e+000
  1.9779e-001
  4.2433e-002
  4.7989e-001
  1.3818e+000
  2.3474e-001
  3.1802e-001
  1.8340e-001
  1.0782e-001
  2.0143e-001
  3.9977e-002
  1.2716e+000
  5.8991e-002
  1.8759e-001
  5.2124e-001
  7.1518e-003
  1.5415e+000
  1.4939e+001
  3.3960e-001
  5.2319e-001
  4.5370e-002
  2.7462e-002
  5.0277e-001
  9.0278e+000
  1.5668e-001
  3.3204e-002
  3.3669e-001
  9.0274e-001
  6.9718e-002
  6.6147e-001
  2.2663e-001
  1.9847e+000
  9.2542e-002
  8.3204e-001
  6.3921e-002
  3.3888e-001
  5.0150e+000
  6.0289e-002
  1.3098e-001
  2.9664e-001
  1.0815e+000
  2.1910e-001
  3.9505e+000
  3.0206e-001
  5.3415e-001
  3.4612e-002
  5.9591e-001
  1.3075e-001
  1.3115e+000
  2.1252e+000
  3.5080e-001
  1.0378e-001
  1.2838e-002
  5.5444e-001
  8.6689e-002
  2.5997e+000
  4.4883e-001
  1.3290e+000
  3.3893e-001
  2.7291e-001
  6.1981e-001
  1.3348e-001
  3.3158e-001
  4.0696e-001
  8.5366e-003
  3.5965e-001
  5.1012e-001
  1.4964e-002
  2.2774e+000
  2.3184e-001
  2.2954e-001
  7.9948e-001
  1.0071e-001
  5.5200e-002
  3.3828e-001
  3.4246e-001
  4.6723e-001
  1.1363e+000
  1.1854e+000
  3.2090e+000
  4.3379e-002
  3.2166e-001
  1.3080e-001
  2.3346e-001
  1.8261e-002
  5.3735e-001
  1.9590e+000
  7.3683e-001
  3.0596e-001
  1.3235e+000
  1.3971e+000
  4.2897e-001
  9.7214e-001
  1.5676e-001
  6.3114e-001
  6.9209e-002
  2.0828e-001
  2.2599e-001
  1.3199e+001
  1.6794e-001
  3.1277e-001
  3.7168e-001
  7.6093e+000
  3.6616e-001
  1.5188e-001
  3.4481e-001
  5.9278e-001
  3.1493e-001
  6.8521e-001
  6.3181e-001
  5.2018e-002
  1.7918e+001
  1.4291e-001
  3.2214e-001
  7.3580e-003
  5.0439e-001
  1.1999e+000
  4.0425e+000
  1.4107e-001
  2.2350e+000
  3.7441e-001
  1.5067e-001
  3.2044e-002
  3.9687e-001
  4.1162e-001
  3.4742e-001
  3.6533e+000
  4.8314e-001
  9.1349e+000
  2.4504e-002
  1.1336e-001
  1.9599e-001
  2.0416e-001
  4.6955e-001
  7.2860e-002
  4.4027e-002
  7.3482e-002
  3.7531e-001
  2.7066e-002
  1.2646e-001
  1.3393e+000
  5.9611e-001
  8.2521e-002
  2.4790e-001
  5.4983e-002
  1.9361e-001
  7.2335e-002
  1.3611e+000
  6.4045e-001
  8.0062e-001
  9.2663e-001
  2.4334e-001
  1.2301e+000
  9.2641e-001
  7.8323e-002
  9.5739e-002
  4.8729e-001
  5.4499e-001
  1.9113e-001
  4.1179e-001
  5.2977e-001
  2.0029e-001
  4.7638e-002
  2.8054e-001
  7.1416e-004
  3.2598e-001
  4.7308e+000
  5.6378e-001
  4.5286e-002
  1.5455e-001
  2.5898e-001
  6.0203e-001
  7.1634e-001
  1.9805e-001
  8.2545e-001
  3.0375e-001
  3.8567e-001
  1.6433e-001
  3.3228e-001
  1.1488e-001
  4.6326e-001
  1.1632e-001
  8.6051e-001
  2.2911e-001
  3.3520e-001
  1.2860e+000
  3.8914e+000
  3.9339e-001
  9.8067e-001
  5.3724e-001
  4.3490e-001
  1.5360e-001
  2.0660e-001
  4.2250e-001
  7.8822e-001
  4.0570e-001
  2.4077e-001
  1.0680e-001
  1.2268e-001
  9.6857e-001
  6.0357e-001
  5.3642e+000
  1.2933e+000
  1.7747e-003
  3.7101e-001
  3.2495e+000
  6.5321e-001
  1.2257e-001
  1.4830e-002
  1.3368e+001
  3.9362e-001
  5.0151e-001
  4.7092e-001
  2.0887e-001
  7.5815e-002
  1.0648e+000
  1.6878e-001
  3.3499e-001
  3.5690e-001
  1.8126e-001
  2.8743e-001
  1.5273e-001
  6.6642e+000
  9.5016e-001
  1.0367e+000
  7.2941e+000
  1.7228e-001
  1.2598e+000
  1.9526e-001
  3.7969e-001
  9.3711e-001
  9.0360e-001
  1.0128e-001
  2.1089e-001
  1.1235e+000
  1.2902e-002
  6.0869e-001
  1.9578e-001
  5.1315e-001
  2.1848e-001
  1.0187e-001
  7.5760e-002
  1.5161e-001
  2.1004e-001
  8.0169e-001
  3.6945e+000
  3.4537e-001
  7.8134e-002
  9.7735e-002
  2.2188e+000
  2.5892e-001
  9.2920e-001
  3.4023e-001
  2.7397e-001
  1.2747e+000
  2.3588e-001
  5.1220e+000
  2.9283e-001
  6.6592e-001
  7.2676e-001
  1.8404e+001
  1.5971e+000
  1.5650e+000
  4.7358e+000
  2.2741e-001
  9.7098e-001
  5.3054e-001
  2.5575e-001
  4.0475e-001
  6.9804e+000
  6.1754e-001
  1.2098e-001
  1.8718e+001
  1.7728e+000
  2.8517e-002
  6.6123e-001
  1.8947e+000
  9.5292e-001
  1.2287e+000
  6.8145e-002
  1.5371e-001
  1.0943e-001
  4.5365e-001
  2.3868e+000
  8.2949e-001
  2.8914e-002
  2.2493e+000
  3.5524e-001
  5.3711e-001
  2.9333e-001
  3.9470e-002
  1.9540e-001
  1.3631e-001
  3.2064e-001
  8.2384e-001
  2.3346e+000
  8.0886e-001
  2.0515e-001
  1.6296e+000
  3.3067e-001
  8.4450e-002
  4.7888e-001
  1.7580e-001
  1.5532e+000
  2.6999e-001
  1.1700e-001
  9.4338e-002
  1.4764e+000
  2.9758e-001
  2.0641e-001
  4.8252e+000
  2.1660e-001
  6.1841e-001
  1.1835e+000
  2.9859e-001
  1.1616e+000
  2.6581e+000
  1.4613e-002
  6.0923e-002
  5.9705e-001
  5.0085e-001
  1.3673e+000
  4.1065e-001
  3.4003e-001
  1.6262e+000
  2.9233e-001
  3.0569e+000
  3.6725e-001
  1.8448e+000
  1.2805e-001
  1.2049e+000
  4.4412e-001
  6.7009e-001
  6.9957e-003
  8.6507e-003
  2.7665e-001
  4.6692e-001
  4.3559e-001
  2.8625e-001
  3.2276e+000
  9.8696e-003
  6.9029e-003
  9.8865e-001
  4.3094e-002
  3.5148e+000
  1.3131e-001
  7.0398e-001
  2.1957e+000
  3.3374e+000
  1.0319e+000
  2.6573e-002
  4.9467e+000
  4.8298e-001
  1.5735e-001
  4.9664e-002
  4.5067e+000
  2.7544e-001
  1.2334e+000
  2.9630e-001
  1.1777e+000
  3.8638e-001
  6.3107e-001
  4.0343e-001
  1.4271e+000
  2.1167e-001
  2.5074e-001
  2.8704e-001
  1.1281e+000
  3.7394e-002
  7.4003e-001
  3.5265e-001
  1.4730e+000
  4.3384e-001
  1.8338e+000
  3.5214e+000
  8.1443e-001
  1.3850e-001
  1.2998e-001
  1.1493e-002
  1.0898e+000
  5.9769e-002
  3.4541e-001
  5.7477e-002
  5.9911e-002
  5.9982e-001
  1.9782e-001
  3.0714e-001
  3.7259e-001
  5.1494e-002
  4.1956e-001
  9.2433e-001
  2.9850e-001
  3.0473e-001
  9.4488e-002
  2.5769e-001
  1.6909e-001
  9.0676e-001
  1.3973e-001
  1.9909e+000
  1.3382e+000
  5.4777e-001
  7.6584e-001
  1.0020e-001
  8.1615e-001
  1.5035e+000
  3.5932e-001
  1.0348e-001
  2.8487e-001
  1.0451e+000
  1.3725e+000
  8.2528e-001
  4.2913e-001
  6.0461e-001
  8.7186e-001
  3.6886e+000
  8.6446e-001
  1.3387e+000
  5.2730e-002
  2.0187e-001
  5.4050e-001
  4.3711e-001
  6.3743e+000
  1.1706e+000
  2.7681e-002
  3.0065e-001
  1.9714e-001
  2.0658e-002
  1.8230e-001
  3.3833e-001

