    1.3573
    0.1365
    0.0025
    0.1901
    1.0403
    1.0900
    5.1848
    5.1919
    0.1687
    0.1926
    2.0390
    7.5279
    0.2641
    1.5329
    1.3453
    0.8123
    0.1253
    5.1126
    0.3122
    0.7798
    0.8818
    0.4292
    0.7480
    0.0470
    0.1013
    0.6400
    0.1933
    0.1143
    0.7994
    1.9832
    0.0108
    2.0261
    1.0897
    0.5594
    0.0923
    0.5552
    0.0244
    0.0472
    1.0201
    0.4854
    1.0253
    0.5700
    1.1904
    0.1327
    0.1875
    0.9148
    1.0999
    2.5666
    0.0086
    0.6130
    0.0638
    0.1022
    2.7684
    1.3435
    1.2225
    2.1991
    0.0580
    0.5561
    3.0048
    0.7096
    0.0415
    2.3400
    0.0850
    0.9489
    1.1657
    0.2930
    0.3726
    0.5447
    0.0918
    2.6531
    0.2101
    0.4510
    0.6184
    0.1307
    0.4450
    1.2639
    3.9847
    0.0663
    0.0858
    0.8888
    0.4993
    0.1882
    3.5754
    0.1155
    2.1364
    2.8831
    0.9138
    0.1858
    0.8748
    0.0754
    0.2773
    0.4828
    0.1401
    0.5189
    0.1436
    0.1863
    0.1682
    2.7382
    0.7683
    0.1794
    1.8099
    0.7800
    2.7767
    7.8756
    2.4489
    0.0939
    0.0985
    3.5866
    0.2769
    0.0506
    0.4139
    5.4656
    1.3856
    0.2588
    1.8738
    2.4775
    0.8980
    0.3849
    0.7854
    0.0127
    0.0097
    0.2656
    0.1171
    3.1900
    0.1104
    0.0221
    0.9389
    0.2363
    1.3684
    0.2006
    6.2729
    1.5769
    4.8533
    2.4669
    0.0209
    1.1631
    0.2732
    3.2750
    1.3021
    0.4220
    0.3731
    0.2853
    0.1012
    0.2200
    0.4852
    0.1525
    0.5290
    0.1707
    0.1571
    0.3991
    0.6319
    1.7475
    1.5441
    0.1415
    2.3357
    1.8731
    0.0515
    0.6575
    0.1306
    0.7605
    0.0557
    0.4707
    0.0077
    0.5263
    0.8868
    0.2154
    0.0373
    0.9227
    1.1803
    0.1616
    0.3356
    0.5126
    3.7248
    0.0657
    1.3107
    0.1277
    0.5235
    0.6425
    0.5106
    0.7348
    1.1360
    0.4376
    1.1173
    1.1829
    0.6889
    1.8493
    0.0904
    1.2015
    0.1861
    0.0639
    0.1974
    0.1884
    0.1813
    0.3608
    0.1495
    0.9508
    0.1205
    1.1221
    0.2407
    0.6393
    0.5588
    0.1091
    0.0476
    0.8735
    0.4934
    0.4121
    0.9808
    0.5550
    1.1940
    3.8425
    0.6089
    3.2711
    2.3781
    0.2333
    1.3210
    0.0488
    0.3390
    0.2502
    0.4930
    0.1241
    1.3311
    0.4481
    0.6730
    0.1208
   11.6819
    0.5402
    1.9500
    1.3419
    3.5078
    0.8350
    1.0704
    0.0731
    1.9322
    0.3530
    1.1551
    0.0895
    1.1128
    3.5636
    2.7562
    0.0870
    1.3474
    8.2370
    0.8986
    0.1158
    0.6207
    2.3027
    0.5187
    0.8365
    0.2952
    0.1679
    5.5089
    0.0033
    0.2922
    0.9357
    3.0941
    0.1225
    0.1000
    1.4813
    0.1039
    0.0527
    2.2359
    0.6913
    0.4512
    0.1732
    8.0234
    1.7326
    2.0594
    0.3016
    0.4608
    0.2318
    0.0258
    0.0463
    1.1530
    0.5357
    0.6883
    0.5441
    0.3780
    1.1458
    0.6327
    0.8418
    0.3228
    0.1810
    0.0588
    0.7872
    0.4779
    2.2161
    0.4906
    0.9431
    0.0663
    0.0671
    0.2756
    0.0439
    2.1475
    1.5734
    1.1792
    5.7299
    0.4168
    0.0852
    0.2618
    1.6208
    0.0030
    0.1644
    0.3738
    4.5230
    0.4285
    0.2138
    0.0886
    0.7175
    0.6884
    1.6679
    0.1472
    0.0132
    0.2633
    0.1918
    0.3957
    0.8704
    0.8624
    3.9952
    1.1124
    0.0362
    1.7061
    1.7194
    1.3783
    1.3433
    0.0160
    0.7819
    2.9925
    2.1976
    0.1798
    0.1018
    2.2930
    0.0645
    0.3901
    0.2384
    0.4271
    0.4281
    0.3288
    0.2808
    0.5053
    0.3061
    0.7357
    1.0290
    0.1028
    0.1101
    0.0014
    1.8486
    0.0885
    0.1058
    0.0683
    0.1057
    0.4904
    0.3101
    0.2396
    0.9153
    0.4825
    0.2100
    0.2944
    1.7686
    0.6503
    1.5457
    0.3399
    0.2352
    0.0292
    1.1703
    0.3426
    0.4334
    0.2323
    0.0636
    0.1514
    0.0176
    0.3895
    1.5775
    1.0750
    0.5389
    0.5988
    0.1573
    2.2070
    0.0668
    1.7606
    1.2434
    0.6661
    0.0401
    0.0659
    2.1767
    0.1666
    0.1064
    0.0238
    0.0457
    0.2211
    3.8885
    0.8513
    0.4999
    0.1444
    1.6679
    0.5388
    0.0457
    1.1271
    0.3767
    0.0117
    0.0447
    0.5151
    0.1737
    0.3637
    0.2010
    0.1593
    0.1842
    0.8061
    0.3135
    1.9567
    0.2676
    0.3741
    0.3977
    0.5056
    0.4655
    0.4513
    1.6502
    0.8288
    0.5512
    0.9302
    0.0607
    0.3294
    0.5880
    0.7280
    7.5346
    1.6185
    0.0675
    5.9998
    5.9264
    1.1093
    0.4069
    0.0608
    0.0122
    0.0507
    0.8328
    1.1007
    0.2811
    1.0244
    3.5638
    1.1872
    0.0875
    0.8539
    0.0042
    0.2777
    0.7972
    0.8640
    0.9078
    0.7950
    0.0092
    2.9449
    4.2485
    0.0479
    0.2969
    0.6631
    0.1230
    0.0840
    0.4792
    0.4297
    0.3353
    4.6011
    3.9342
    1.6171
    6.6283
    0.4782
    1.7483
    0.0249
    0.8015
    0.5823
    1.3827
    0.7625
    0.1265
    2.8126
    0.2202
    0.3889
    2.3112
    0.4117
    0.0400
    5.3721
    0.0363
    0.1650
    2.0786
    0.0853
    0.3649
    7.2631
    0.9193
    0.5626
    0.2810
    1.7963
    0.9795
    0.2423
    0.4048
    0.6225
    0.3151
    0.2452
    0.7357
    1.3139
    0.7795
    0.4255
    0.5924
    0.0297
    0.1307
   10.8582
    0.2983
    0.6325
    0.4004
    0.2097
    0.0486
    0.7764
    0.1562
    1.0535
    0.3806
    2.1848
    1.5905
    0.2999
    0.4846
    0.2233
    1.8379
    2.5829
    0.2052
    0.5022
    2.5615
    0.2112
    1.7048
    0.0880
    1.0354
    0.3145
    0.2864
    0.2478
    0.1139
    0.4202
    2.0448
    0.2349
    1.0175
    1.3201
    0.1540
    1.8105
    0.7445
    3.3910
    0.9495
    0.9684
    0.5319
    0.3616
    1.0319
    0.0628
    1.1846
    0.6391
    1.5872
    0.0061
    0.3720
    1.1724
    0.0317
    1.2765
    3.4768
    0.4924
    0.0822
    0.0056
    0.5332
    0.5103
    0.4743
    0.1497
    0.2762
    0.4218
    0.7782
    0.1220
    6.1475
    0.3734
    1.2514
    2.9444
    0.1628
    0.2206
    0.1792
    0.4811
    0.0483
    4.8935
    0.0151
    0.2727
    0.0117
    0.4382
    1.7013
    0.1248
    0.0052
    0.0709
    1.0750
    0.4026
    0.1968
    0.6242
    1.0997
    0.6416
    0.0912
    0.0548
    0.6035
    0.5117
    0.0570
    0.0033
    0.1453
    0.4423
    0.1783
    2.2254
    0.2513
    0.2709
    0.2919
    0.4368
    0.3498
    0.4173
    0.6514
    0.0623
   17.1284
    0.4564
    3.4782
    1.0501
    0.1516
    0.3966
    0.3574
    0.5913
    0.7744
    3.1654
    0.2509
    0.2819
    0.1403
    0.0852
    2.4021
    0.1289
    0.3806
    0.9112
    0.6781
    0.2883
    0.0391
    0.9294
    0.0085
    1.3075
    2.4033
    3.7293
    0.0389
    1.0824
    0.7378
    0.6282
    0.7048
    0.7289
    1.2895
    0.1854
    0.2210
    0.9176
    1.9962
    0.7753
    0.4876
    0.1270
    0.1318
    1.0577
   16.0089
    0.5203
    0.1548
    0.2870
    0.6678
    0.0632
    1.9932
    0.0461
    0.0406
    0.4233
    2.8849
    0.8325
    0.2273
    0.0447
    0.3322
    1.1580
    0.8079
    0.1373
    0.0360
    1.5128
    1.0911
    0.0335
    1.5065
    0.2053
    0.2188
    0.2549
    0.1889
    0.0524
    0.6814
    1.1564
    0.7540
    1.2875
    1.1678
    0.2577
    0.5780
    0.2777
    0.2054
    2.5360
    0.4141
    0.0533
    0.1897
    0.4829
    0.9776
    0.2565
    1.9818
    3.7679
    0.5758
    0.0653
    1.0585
    0.5077
    0.0025
    0.1720
    0.4665
    0.3312
    0.4331
    0.6272
    0.0411
    0.3120
    0.4557
    1.7133
    0.6603
    0.2692
    0.2299
    4.1519
    3.9977
    0.9282
    0.1222
    0.8301
    1.2405
    0.7767
    0.4868
    0.1733
    0.0302
    0.3492
    3.5312
    0.3217
    3.9051
    0.1676
    2.9846
    1.2139
    0.6995
    3.5505
    0.2268
    0.2776
    0.4789
    0.0044
    0.7181
    0.3453
    2.3679
    0.2760
    3.1501
    3.0380
    1.9866
    0.3199
    0.8386
    3.5577
    0.1092
    0.2174
    0.1601
    0.0380
    0.1527
    0.0520
    0.9177
    0.3569
    0.6067
    0.6664
    0.6399
    0.1919
    0.1752
    0.0986
    0.5086
    3.6313
    0.2280
    0.0301
    0.1908
    0.0563
    0.9565
    0.3298
    0.3167
    1.1997
    0.0182
    0.1318
    0.1112
    0.0570
    1.8991
    6.7246
    1.2975
    0.0337
    0.0066
    1.0945
    4.0617
    2.5668
    2.0935
    1.4408
    0.2693
    0.2376
    0.9533
    0.5204
    0.7650
    0.5802
    0.9521
    0.0489
    0.0475
    0.7796
    3.8469
    0.9737
    0.2353
    1.3608
    0.1823
    3.0560
    1.0066
    0.7486
    1.6929
    0.2419
    2.4789
    0.5226
    0.2309
    0.4089
    0.3959
    0.3848
    0.3697
    1.7083
    0.3629
    0.0596
    0.0612
    0.1388
    0.9930
    1.5673
    0.4849
    0.2121
    0.3203
    0.1280
    1.0702
    3.5162
    0.8736
    9.7235
    2.5498
    2.6877
    1.3740
    0.0088
    0.4533
    1.3183
    1.4462
    0.0574
    0.7840
    0.4923
    0.4530
    0.3019
    0.7756
    0.4078
    0.2504
    0.8434
    0.6468
    0.3352
    0.5039
    2.2018
    0.0207
    2.8509
    0.8930
    0.9405
    0.9286
    0.8349
    0.5838
    0.0732
    0.4010
    3.2672
    2.6087
    0.8759
    0.3838
    0.3451
    1.1489
    0.2052
    4.2441
    0.1762
    0.2525
    0.2839
    0.7106
    0.1866
    0.4247
    0.6063
    1.7830
    0.4431
    0.1240
    0.0862
    0.8426
    0.6120
    0.2253
    0.1288
    0.1125
    0.5473
    3.3477
    0.2563
    1.2406
    0.7182
    2.0527
    1.8303
    0.6628
    0.0276
    0.0298
    0.5205
    0.6499
    0.0007
    0.3595
    1.2359
    0.0274
    0.2118
    0.7608
    0.1939
    0.2608
    3.3312
    0.5940
    0.4630
    2.7341
    0.0898
    8.4397
    0.2454
    0.5543
    1.1491
    0.0662
    1.5126
    0.8751
    0.0667
    0.7366
    0.5356
    0.4359
    0.3141
    0.2601
    0.2676
    3.2025
    0.4001
    0.9125
    0.0883
    0.3064
    0.5642
    0.2767
    0.0447
    0.2769
    4.1265
    0.8173
    1.2188
    0.8408
    0.2429
    0.0138
    0.4522
    0.3660
    1.4293
    0.3351
    0.1002
    0.0354
    0.7113
    1.7674
    1.2539
    0.4871
    4.8207
    2.7372
    0.7620
    3.9891
    0.4456
    0.9409
    1.2711
    0.4705
    0.1952
    0.1534
    0.3048
    0.4319
    3.0762
    0.4672
    0.2546
    0.2547
    0.5874
    0.0806
    1.3321
    0.3167
    0.3142
    0.1541
    1.1757
    1.0893
    0.6001
    0.8711
    0.0438
    0.0384
    1.4524
    1.6661
    0.6953
    0.7302
    2.6945
    0.8904
    0.6240
    0.1907
    0.0296
    6.0491
    0.0827
    2.8199
    1.5207
    0.2768
    0.3344
    1.2552
    0.0154
    4.1676
    0.3261
    0.3366
    2.4942
    0.8745
    0.9354
    0.2928
    0.4249
    1.6434
    3.4560
    0.5814
    0.7492
    0.3360
    2.2332
    0.3180

