   1.4330
   0.8282
   0.7972
   0.3450
   0.8357
   0.9438
   0.6547
   0.4459
   1.1569
   0.6610
   0.9156
   0.9834
   0.5795
   0.3009
   3.2310
   0.7410
   1.6215
   0.8076
   0.7656
   0.9710
   0.6939
   0.9411
   2.7700
   0.7861
   0.5358
   1.0559
   0.6054
   0.3705
   0.7791
   6.3759
   1.0067
   0.9224
   2.5830
   0.6385
   0.7780
   0.1492
   1.1940
   1.1067
   0.9980
   0.7707
   0.3852
   1.2047
   1.7789
   1.2135
   0.8577
   0.9795
   1.4584
   1.4572
   0.5075
   0.8143
   0.5084
   0.5756
   0.3934
   0.6279
   1.9591
   2.5304
   1.1472
   0.5985
   0.2389
   2.3897
   0.9284
   0.2675
   0.9595
   0.3060
   1.6248
   0.2939
   0.9596
   0.5399
   0.5739
   0.3673
   1.3480
   0.4523
   1.6435
   0.9034
   0.2442
   0.8135
   0.5840
   0.5967
   0.3106
   0.8016
   0.6279
   1.2264
   0.6810
   0.8644
   0.9121
   0.5550
   0.8321
   1.2552
   0.9788
   1.0230
   0.4726
   2.0350
   1.9879
   0.2455
   0.4704
   0.5534
   0.6416
   1.2533
   0.5838
   1.2438
   0.7240
   0.7604
   0.7613
   2.2006
   0.9821
   0.2857
   1.2152
   0.5196
   0.3568
   0.9169
   0.8586
   4.4252
   0.4752
   0.7128
   1.6434
   0.7629
   1.0308
   0.7313
   0.5784
   0.8466
   0.3113
   0.4806
   0.4101
   0.6966
   0.8583
   0.9712
   0.4140
   0.7652
   0.3036
   0.3413
   0.4556
   0.8810
   0.9797
   0.9186
   1.9143
   0.4609
   1.7244
   0.7236
   0.3067
   0.5201
   1.0997
   1.1549
   0.8565
   0.8067
   0.5998
   0.2635
   0.4832
   1.7577
   0.6242
   0.8153
   0.2377
   0.9458
   2.0210
   0.6137
   1.4741
   0.7898
   0.5156
   0.5358
   1.6892
   0.4260
   0.9852
   0.9430
   0.8636
   0.7528
   2.8275
   0.5708
   1.5604
   0.6360
   0.6036
   0.4515
   0.5054
   0.5699
   0.4958
   0.8796
   1.4383
   0.9960
   0.9600
   1.8792
   0.7779
   1.3875
   2.0008
   0.9364
   0.8051
   0.8313
   1.4257
   1.0615
   0.7483
   1.0399
   1.2423
   1.5673
   1.3246
   0.7784
   1.5722
   0.3099
   0.3544
   1.0038
   1.3227
   1.2684
   0.7448
   1.9261
   1.2729
   1.2532
   1.2337
   2.1691
   1.3852
   0.9356
   0.6991
   0.8380
   0.2619
   0.8007
   0.6722
   0.5427
   0.7073
   2.1563
   0.8576
   0.9216
   3.9212
   0.9277
   1.5049
   0.2408
   0.7461
   0.9108
   2.4663
   1.5081
   0.4517
   1.4437
   0.6109
   0.9224
   0.7245
   1.8349
   1.1865
   0.3474
   2.0343
   0.7809
   0.3261
   0.3465
   1.4050
   0.6029
   0.5280
   0.5915
   0.9128
   1.4687
   0.7775
   1.5026
   1.4074
   1.3917
   0.2846
   1.0322
   0.8813
   1.1122
   1.2604
   0.7902
   0.3037
   1.0980
   1.3372
   0.6828
   0.7398
   0.4683
   3.8568
   1.5218
   0.9117
   1.6929
   0.6706
   0.5082
   1.7788
   0.3891
   1.3085
   1.3288
   0.3705
   1.1851
   1.0066
   0.6037
   1.1308
   5.6623
   0.5050
   1.2168
   2.4368
   0.7958
   1.4664
   0.3568
   0.6208
   0.7940
   0.2553
   0.8678
   0.2201
   0.8374
   0.3377
   0.1847
   0.5067
   0.8568
   2.9125
   0.7503
   0.6941
   0.2060
   2.0439
   0.8734
   0.4780
   0.7879
   0.6265
   0.9727
   0.5331
   0.7717
   0.2125
   0.8973
   2.4258
   0.9359
   0.8148
   0.2396
   1.7207
   0.4287
   0.8237
   0.3036
   0.6873
   0.3837
   1.7989
   1.4293
   0.3057
   1.3687
   1.9617
   0.4171
   0.7558
   1.2586
   0.7503
   0.5638
   1.9337
   0.8839
   1.0935
   1.0862
   0.2805
   0.3907
   0.5316
   0.5954
   0.3504
   4.1683
   1.0776
   0.5318
   1.0143
   1.2796
   0.3734
   4.1932
   3.5201
   0.3393
   2.6274
   0.4099
   0.3505
   0.3815
   0.8565
   4.3127
   0.9170
   0.4253
   0.1774
   1.8223
   1.0095
   1.4821
   0.7122
   0.8159
   0.8230
   0.5491
   1.1979
   0.4058
   0.7306
   1.1547
   0.6233
   0.9452
   0.5315
   1.4721
   1.3966
   1.4379
   0.8598
   0.6874
   0.4007
   1.9855
   0.4593
   0.8084
   1.1567
   0.7110
   1.8562
   0.4454
   1.1414
   0.5228
   0.8940
   0.3801
   1.4801
   0.4699
   0.4651
   0.3592
   0.9551
   0.4595
   0.4185
   0.4669
   1.9597
   0.7049
   1.9117
   1.4091
   0.4664
   0.5290
   3.8402
   2.6319
   0.4540
   0.7951
   0.7642
   0.5530
   0.3349
   0.4009
   0.8987
   2.7258
   0.4517
   0.9598
   1.3252
   0.6750
   0.8322
   0.8443
   0.5833
   0.4992
   0.2595
   0.4520
   1.0567
   0.2002
   0.5249
   0.1997
   0.7578
   1.2806
   2.5240
   0.8280
   0.9215
   0.8282
   0.5683
   0.4533
   0.8060
   0.9145
   0.8739
   2.6338
   1.0892
   0.8860
   0.7451
   0.7359
   0.3209
   1.9253
   0.6556
   1.5060
   0.6423
   0.7828
   2.2353
   0.4832
   0.4070
   1.7683
   0.1922
   0.4214
   0.4122
   1.1951
   1.2152
   0.6977
   1.4120
   1.1283
   0.9529
   0.3351
   1.1013
   1.2723
   0.6413
   0.7350
   0.6156
   0.6928
   0.5530
   0.5794
   2.3642
   1.0483
   0.4381
   1.3188
   0.8975
   0.6031
   0.9531
   2.4142
   0.5639
   0.6956
   0.3109
   2.2799
   1.2789
   1.0205
   0.7290
   0.7813
   1.1304
   0.3411
   0.4270
   0.6919
   1.7998
   0.6524
   0.4252
   1.7893
   1.7192
   2.1067
   0.3434
   2.0190
   1.1870
   0.6168
   0.6137
   0.7396
   0.9332
   0.9977
   0.8487
   0.5665

