   0.4089
   1.0000
   2.2599
   1.0000
   1.8386
   0.1336
   3.3578
   0.9031
   0.6938
   2.4726
   1.4993
   0.0167
   0.4703
   0.9458
   0.3306
   1.3879
   0.3249
   1.8236
   1.2967
   0.2392
   1.3829
   2.3357
   0.5430
   1.0844
   0.3993
   1.0539
   0.3642
   0.4146
   0.1501
   1.0000
   2.7775
   0.7999
   1.3200
   0.1775
   1.6452
   0.3208
   0.3009
   1.0000
   1.9784
   2.4477
   0.5388
   0.1146
   1.0000
   0.2152
   1.0000
   0.5303
   2.1438
   0.2791
   0.4533
   1.2799
   0.1413
   1.0000
   1.2871
   0.3785
   1.4380
   0.7931
   1.2087
   0.2175
   0.9970
   0.8667
   0.5655
   1.1858
   1.3393
   1.0000
   1.2733
   0.5352
   0.0959
   1.1299
   0.1604
   0.8492
   1.5603
   1.4194
   0.5525
   0.4074
   1.0000
   1.0000
   0.8942
   0.5903
   1.7162
   0.8868
   1.5506
   1.0000
   0.0098
   0.0419
   1.4100
   0.3142
   1.7946
   0.1700
   1.0000
   1.0458
   0.0389
   1.9132
   1.3262
   1.1210
   1.0031
   2.6325
   1.5155
   0.7284
   0.6993
   1.0000
   3.1113
   1.0000
   1.0468
   0.4716
   0.2099
   0.8982
   1.3989
   0.4328
   0.8673
   0.3227
   3.8118
   1.1778
   0.0625
   1.0000
   0.4623
   0.4135
   1.0223
   1.0000
   1.2773
   2.6701
   1.6703
   2.5676
   1.0000
   0.9563
   2.6192
   0.2270
   1.2718
   0.3556
   1.5344
   1.0000
   1.9744
   0.3232
   2.0698
   0.0842
   2.2861
   1.4775
   1.0000
   0.2271
   0.7750
   2.8582
   0.7950
   0.1596
   1.5866
   1.1279
   2.0208
   0.3045
   0.4231
   0.7647
   0.5268
   0.1484
   0.4641
   0.3557
   2.0421
   1.5705
   0.0857
   1.1382
   0.2377
   0.7162
   1.4036
   0.1956
   1.6126
   1.0426
   0.4333
   1.0000
   1.0357
   2.0904
   0.1494
   1.6757
   2.0782
   1.4674
   0.6657
   0.4281
   0.8336
   0.6755
   1.1474
   1.0000
   1.0744
   1.5058
   1.8711
   1.3860
   3.7115
   1.5754
   1.6977
   1.0000
   1.4515
   1.2542
   1.1909
   0.4949
   0.9554
   0.6915
   0.2054
   0.1126
   0.6270
   1.0000
   1.0682
   0.2186
   1.1903
   0.3535
   0.9441
   1.8415
   0.0013
   0.5712
   0.7654
   2.2567
   0.5316
   0.0540
   1.0000
   0.6085
   1.7901
   0.2173
   0.5892
   0.4124
   2.6560
   0.6887
   2.2983
   0.1184
   2.1316
   2.7435
   0.4982
   0.1859
   1.0000
   0.2088
   0.9540
   0.4819
   0.3316
   1.6568
   0.0170
   0.2068
   0.1031
   0.0024
   1.0000
   0.0741
   0.5151
   0.7414
   0.4751
   0.2037
   1.1327
   0.5148
   1.7757
   1.0000
   1.0743
   0.4768
   0.8588
   0.6369
   1.0059
   0.0614
   1.0000
   0.2172
   1.5360
   0.5271
   0.9697
   1.0679
   1.0000
   0.7429
   1.0000
   1.6243
   1.0000
   1.0000
   0.2238
   0.1119
   0.3813
   0.2904
   0.2425
   0.2517
   1.2652
   1.7464
   0.4203
   0.4733
   0.2458
   0.0024
   0.1234
   1.0879
   2.5704
   1.4877
   1.8135
   1.3096
   0.1649
   1.9015
   0.5782
   0.8830
   2.0918
   0.3332
   0.2476
   0.5901
   1.9849
   0.1610
   1.0000
   0.7026
   1.1244
   0.4794
   1.6716
   0.5626
   1.8677
   1.0808
   2.3582
   1.3582
   0.6282
   1.0000
   1.0000
   0.7305
   1.1249
   0.4090
   1.0744
   1.2974
   0.7730
   2.6414
   0.2327
   0.9405
   0.4140
   1.0000
   0.5123
   1.1542
   0.8713
   1.3176
   0.1728
   1.8909
   0.4485
   0.9195
   1.0000
   0.9406
   0.0535
   1.3900
   1.4168
   1.3292
   2.4062
   0.5850
   0.0643
   1.0000
   0.0011
   0.0774
   2.4051
   0.5818
   0.2284
   0.7051
   0.7370
   0.4788
   1.5239
   0.3270
   0.0201
   0.6971
   0.2228
   1.6444
   1.5413
   0.8894
   0.3585
   1.0000
   0.0143
   1.0000
   1.5182
   1.8546
   1.2159
   0.2522
   1.5349
   2.2456
   0.1323
   0.2589
   0.7635
   1.8022
   0.5620
   0.4514
   1.0000
   1.4885
   0.9097
   2.0498
   1.8679
   1.3454
   0.3995
   1.8655
   0.7347
   1.0000
   1.0000
   0.3064
   0.3021
   2.4222
   1.0000
   1.3982
   2.4729
   0.8198
   0.7155
   1.5638
   0.5302
   0.1447
   1.1455
   0.9580
   0.7272
   1.2891
   0.3676
   1.4830
   0.5840
   1.3221
   1.0000
   0.7199
   0.8097
   0.9611
   1.2848
   0.9781
   0.8513
   1.0010
   1.0000
   0.7010
   1.5175
   0.1838
   1.0262
   1.7138
   0.2250
   0.5584
   2.1046
   0.8620
   1.0000
   1.0666
   1.6780
   0.2845
   0.4015
   1.7120
   1.8661
   0.0878
   0.7734
   1.7591
   0.5179
   1.0000
   0.1730
   1.4331
   1.0852
   1.4291
   1.4054
   0.3967
   0.1629
   0.8460
   2.9883
   0.0705
   2.1281
   0.1872
   1.1671
   0.1520
   1.6792
   1.6977
   1.3598
   1.3577
   0.7687
   1.5263
   1.6093
   0.7104
   0.1200
   2.2195
   1.0256
   1.7214
   0.3477
   0.4813
   0.9713
   0.5683
   1.0000
   0.8249
   0.5021
   0.0539
   2.2654
   0.2283
   3.1738
   1.7698
   1.0000
   0.3950
   1.2506
   1.0000
   1.0000
   1.1670
   0.2532
   0.8467
   1.0000
   0.3858
   0.5917
   1.0000
   0.9119
   0.8383
   0.7482
   0.6011
   0.6206
   1.9970
   0.5249
   0.6336
   0.0176
   0.7185
   1.4220
   1.4832
   1.2223
   0.6050
   0.0215
   0.9306
   0.6466
   2.0900
   1.3392
   1.4030
   1.8297
   1.2752
   0.7331
   0.8230
   1.0000
   1.0657
   0.6270
   2.3997
   0.4202
   1.0000
   0.3451
   0.6448
   1.6725
   1.0000
   1.8171
   1.3482
   0.7539
   1.5679
   1.0905
   0.0796
   0.1736
   0.0115
   0.3304
   1.0000
   1.4233
   1.0000
   1.0000
   0.5648
   0.4948
   1.1685
   0.6552
   0.3234
   0.5981
   1.0000
   1.1524
   0.3911
   0.7702
   0.9955
   0.5906
   0.9027
   0.9707
   1.0323
   0.8460
   1.5497
   0.4756
   0.1261
   1.0000
   0.5342
   1.0000
   1.1537
   1.0169
   0.5742
   1.1830
   2.5995
   0.5434
   0.5635
   0.4776
   0.3498
   1.1594
   0.7442
   2.3351
   1.0875
   0.6695
   0.1018
   2.4606
   0.1448
   1.5162
   0.3444
   2.2036
   2.5818
   0.8552
   1.5117
   1.9527
   1.9039
   0.4610
   2.9653
   0.4917
   0.5462
   0.6102
   0.6788
   1.0000
   1.5955
   0.6935
   0.6503
   1.3854
   0.4840
   1.4684
   0.0856
   0.3546
   1.6998
   0.2012
   0.3570
   1.0000
   1.8023
   2.2986
   0.1309
   0.3372
   0.0718
   0.8752
   0.8340
   0.4613
   1.3761
   0.7274
   0.8673
   0.3706
   0.2212
   1.0000
   1.6511
   0.7331
   1.0000
   1.9184
   1.0000
   1.4172
   0.0308
   1.0000
   1.0000
   0.8819
   1.5289
   0.7167
   0.3334
   0.1007
   0.7333
   0.7289
   1.2640
   1.1646
   1.0000
   1.1412
   0.7663
   1.6395
   1.3590
   0.2536
   0.2964
   1.9662
   0.4277
   0.3992
   1.9416
   0.4656
   0.1011
   0.6289
   0.2199
   1.0559
   1.0000
   0.1339
   0.9095
   2.2103
   0.4973
   1.4677
   1.0000
   0.0266
   0.0682
   1.8335
   0.9975
   0.7560
   1.7079
   0.9724
   1.0647
   0.9939
   1.6544
   1.0596
   1.0000
   0.2304
   0.1534
   0.6301
   1.0000
   0.0438
   1.0248
   0.1894
   1.0000
   1.9767
   0.5081
   0.2967
   0.6653
   0.6994
   2.2275
   0.1569
   0.4784
   0.6551
   2.1952
   0.0653
   0.6582
   0.0099
   1.2668
   1.0000
   0.9768
   1.8199
   0.1764
   1.5335
   0.0353
   2.0821
   3.2508
   1.5117
   3.0292
   0.9399
   1.9297
   0.5752
   0.3994
   1.6208
   0.7974
   0.8992
   0.7319
   1.7654
   1.0000
   0.2443
   1.3696
   0.9651
   0.4548
   1.5463
   0.2283
   3.4549
   0.8553
   0.3315
   0.8532
   1.6069
   0.4357
   2.3227
   2.6062
   0.5731
   0.2612
   1.0000
   1.3692
   0.7634
   1.0000
   1.4975
   2.2663
   0.6509
   0.6392
   0.8571
   0.8994
   0.2886
   0.2773
   0.7094
   2.7532
   0.1446
   0.7455
   1.1942
   1.7951
   1.0859
   0.5016
   1.7223
   1.1229
   1.6734
   1.0443
   3.7286
   0.2523
   0.0315
   0.6114
   0.3416
   1.5081
   0.2783
   0.7742
   0.7117
   1.4720
   1.0000
   0.5217
   1.0000
   1.3915
   1.9833
   0.8727
   0.2623
   0.6196
   1.5369
   3.1530
   1.3265
   0.8576
   0.3388
   1.9708
   1.7902
   0.0494
   1.5339
   1.6612
   0.7801
   0.0882
   1.6557
   0.6256
   1.2844
   1.0000
   1.1458
   0.2537
   1.5998
   1.4682
   0.5381
   0.2437
   1.0000
   0.8522
   1.0000
   0.8830
   1.2763
   1.0255
   0.9703
   2.3477
   1.2221
   1.5691
   0.3131
   0.4141
   4.3581
   1.2545
   2.3869
   0.7537
   1.3511
   1.5189
   1.0000
   0.3573
   0.1710
   2.1564
   2.0791
   0.1386
   3.9705
   0.0202
   0.2737
   0.7923
   0.2150
   0.5555
   0.0884
   1.0000
   1.0601
   2.0206
   0.2593
   1.0420
   0.9512
   1.0251
   2.1191
   1.0000
   1.0000
   0.1549
   0.7240
   3.1232
   1.0679
   1.3448
   0.0125
   1.0000
   2.1096
   1.0000
   1.3060
   1.0000
   2.3278
   1.0787
   0.0302
   4.1457
   0.6887
   0.1365
   0.9690
   2.0754
   2.5185
   1.0000
   1.0000
   0.4932
   1.4374
   1.6502
   0.4877
   0.1828
   1.0000
   0.6291
   3.2082
   0.4089
   0.2796
   0.9940
   0.8209
   1.0000
   0.2616
   1.9541
   0.6671
   1.1346
   0.0610
   0.6443
   1.1355
   0.8623
   0.8687
   1.0000
   0.3015
   2.6987
   2.0408
   0.4720
   1.6139
   1.9497
   1.1363
   0.0142
   1.1091
   0.6959
   0.5541
   2.7875
   1.6914
   1.9694
   0.1332
   0.7191
   1.3469
   0.0214
   1.5051
   0.0909
   0.9668
   0.0915
   1.2308
   0.2749
   0.9864
   0.1740
   1.6839
   0.5106
   1.0511
   0.8151
   2.3829
   1.0000
   0.6218
   1.0000
   1.4259
   1.3240
   1.6859
   0.7713
   0.5021
   0.8002
   0.0328
   1.0000
   0.3452
   2.0042
   0.1752
   0.0164
   0.2973
   0.2269
   0.4516
   1.0000
   1.0000
   2.1079
   1.0000
   1.3541
   0.8160
   0.6073
   1.0000
   0.1303
   0.7031
   0.8205
   0.6574
   2.4092
   1.7904
   1.4079
   1.0045
   1.9108
   1.2359
   0.5170
   1.2679
   0.9857
   1.0611
   1.0000
   0.2468
   0.0103
   1.1160
   0.2405
   1.5145
   1.3512
   1.4644
   1.0000
   0.8073
   0.6666
   1.0000
   1.2958
   0.5530
   3.1374
   1.0000
   1.3031
   1.0000
   1.1545
   1.0751
   1.8248
   0.0674
   1.0000
   2.0451
   0.3961
   1.6460
   1.8897
   0.4571
   1.1272
   0.3989
   0.8265
   2.2726
   0.6236
   0.4154
   1.4629
   1.9792
   0.3311
   1.0000
   0.0666
   0.7266
   0.9574
   1.3119
   0.0184
   0.2766
   1.0000
   1.9601
   2.7490
   1.0000
   0.1158
   0.3438
   1.0458
   0.2265
   1.5388
   0.7531
   0.4989
   0.2393
   2.9821
   0.2638
   0.2092
   1.0000
   2.6069
   0.0343
   0.9833
   0.2372
   1.0000
   0.4060
   0.2557
   0.1063
   1.0000
   0.1720
   1.0000

