   0.7476
   0.5077
   0.8490
   0.2089
   0.4746
   1.6151
   0.4342
   1.0276
   0.7601
   1.0124
   1.0440
   0.7079
   2.4493
   0.9469
   1.6528
   1.2664
   0.9209
   1.2183
   1.2410
   0.5651
   1.8315
   0.4480
   0.6354
   1.8380
   1.3163
   0.4685
   0.6240
   0.7865
   0.8381
   0.8182
   0.4399
   1.2075
   1.0837
   0.5448
   0.6526
   1.9078
   0.2193
   1.5789
   1.0486
   1.6811
   0.7945
   2.2152
   1.3395
   1.1622
   0.6113
   0.7143
   0.7080
   1.7706
   1.5135
   0.5698
   0.1499
   1.1911
   1.0606
   0.6840
   2.0900
   0.9776
   0.6253
   0.8556
   0.4874
   2.2691
   1.1390
   1.5720
   1.0840
   0.5796
   1.6496
   1.1116
   0.3769
   0.5344
   1.0739
   1.1517
   1.9395
   1.7258
   1.6083
   2.3016
   0.6691
   0.9553
   0.5399
   0.5188
   0.8112
   1.3505
   0.4349
   1.3290
   1.1838
   1.0320
   1.4148
   1.0641
   0.9695
   1.2533
   0.8806
   0.6696
   0.5800
   0.3210
   1.1078
   1.3790
   0.6439
   0.4202
   0.2699
   0.9479
   1.2795
   0.5665
   0.5931
   0.6465
   0.9645
   1.3772
   0.9048
   0.8237
   0.9044
   0.8453
   2.6238
   0.4486
   1.9195
   1.7056
   0.3790
   1.0746
   2.4373
   1.6604
   0.7120
   0.4624
   0.2603
   0.5095
   0.8236
   0.5824
   0.7625
   0.2474
   1.4189
   0.6964
   0.6068
   0.9235
   1.0429
   1.2504
   1.3133
   0.6359
   1.0836
   0.6272
   0.6353
   0.6409
   1.1857
   0.5858
   0.7790
   0.3826
   0.8489
   0.7647
   1.4399
   1.1521
   0.9308
   1.0787
   1.2028
   0.8242
   2.0267
   1.0225
   0.9951
   0.8778
   0.5140
   0.9044
   0.7612
   0.6654
   1.6476
   1.1136
   2.6180
   0.7552
   1.4323
   1.4297
   0.8402
   0.8916
   1.6114
   0.3701
   1.7326
   1.0432
   0.5075
   1.4624
   1.4234
   0.8506
   1.1595
   1.1538
   1.5445
   1.9838
   1.7383
   0.7953
   0.5646
   0.9693
   1.5488
   1.2769
   1.1164
   0.5449
   1.3039
   1.8231
   0.8070
   0.9486
   1.3443
   0.5734
   0.7280
   1.4140
   0.7316
   1.1344
   2.0786
   0.7870
   1.0561
   0.6617
   1.2820
   3.5726
   1.9734
   0.6756
   0.2676
   0.6130
   0.6801
   0.3646
   1.4776
   0.6931
   0.7965
   0.6106
   0.2468
   0.5832
   0.5636
   0.5009
   0.5432
   0.8254
   0.7177
   0.8381
   1.5906
   2.0532
   0.9953
   1.1005
   2.0671
   2.0705
   0.8043
   0.4531
   1.4167
   1.5052
   0.5634
   1.0473
   0.4297
   0.4461
   0.2033
   0.4004
   1.3571
   1.9057
   2.1430
   0.5771
   1.0533
   0.8352
   0.9638
   1.6247
   0.6706
   1.6273
   0.5610
   0.7500
   0.8618
   0.6672
   0.3229
   0.6087
   0.6434
   0.5062
   1.1101
   0.9662
   1.3594
   0.8569
   0.3970
   1.2164
   0.6482
   1.1970
   0.9454
   1.1208
   1.5228
   1.2263
   0.1295
   0.2328
   0.3477
   0.7372
   1.5948
   0.9058
   2.0304
   1.1260
   1.2094
   0.6526
   0.9281
   0.2850
   0.5995
   2.1818
   0.4197
   0.6057
   1.1131
   0.4175
   1.0861
   0.5326
   1.5378
   0.9811
   0.4971
   1.3380
   0.6664
   1.0535
   1.3127
   1.6805
   1.5285
   2.3852
   0.5690
   0.6028
   0.8460
   0.8759
   0.5512
   0.7457
   0.8025
   1.1667
   1.2470
   0.2599
   0.1281
   1.8383
   0.6653
   0.9135
   1.6444
   0.5148
   0.8541
   0.3951
   1.2920
   0.3076
   1.5335
   0.1165
   0.4137
   0.7386
   1.0953
   1.4276
   1.4573
   0.5059
   0.4184
   0.5536
   1.6656
   1.2015
   1.1313
   0.8855
   1.0215
   0.9636
   0.7185
   0.7874
   2.2081
   0.8708
   1.2203
   1.7085
   0.4945
   0.3916
   1.2480
   0.5607
   0.5284
   1.6936
   1.7404
   0.9361
   0.7525
   1.0711
   0.7767
   0.5814
   1.6387
   0.9050
   0.9407
   0.5805
   0.7681
   0.9768
   1.4340
   0.6984
   1.8302
   1.6369
   1.5703
   1.0452
   1.7169
   1.2840
   1.1515
   0.8157
   0.4162
   1.4618
   1.0760
   1.0704
   0.8339
   0.7572
   0.3913
   0.6419
   0.4660
   1.6242
   0.9594
   1.1785
   0.3431
   1.9343
   0.7744
   1.3287
   1.6750
   0.7644
   0.7506
   0.3293
   1.1974
   1.1012
   0.8695
   1.0540
   0.8575
   0.7647
   0.6316
   0.3007
   0.9973
   0.5420
   0.2476
   1.2294
   1.2051
   1.0530
   0.2085
   0.4551
   1.4381
   0.7224
   0.8293
   2.5169
   0.2524
   0.5049
   1.4341
   0.6800
   1.3182
   1.2723
   1.7705
   1.5586
   1.1381
   0.8971
   0.1781
   0.8160
   2.1174
   1.2148
   0.5446
   1.6777
   0.6839
   0.2911
   0.5675
   1.1352
   0.9099
   0.9904
   0.9268
   1.4282
   1.0920
   1.4233
   1.5143
   1.1034
   1.6982
   1.1526
   0.9774
   0.3416
   0.6921
   1.7147
   0.5687
   1.3183
   0.5894
   0.8612
   0.8732
   1.3348
   0.6527
   0.7467
   0.3930
   0.4593
   0.7899
   1.9819
   0.6115
   1.1392
   0.5347
   0.5242
   2.0366
   0.6751
   1.1110
   0.6221
   0.6728
   1.6582
   1.0134
   0.7132
   0.8719
   1.3392
   0.4992
   0.6929
   1.7162
   1.8627
   1.0989
   1.5098
   0.6652
   0.8752
   0.9605
   1.3103
   0.8216
   0.4032
   0.8534
   0.8892
   1.8108
   0.6143
   0.5045
   0.9226
   1.3027
   0.5832
   1.2426
   0.5097
   0.5198
   0.5059
   1.5278
   0.1428
   0.7135
   0.6651
   0.6884
   1.6448
   0.5885
   0.8200
   0.7247
   1.3146
   1.3051
   1.2662

