   0.8523
   1.0615
   0.6865
   0.7709
   0.7475
   1.3549
   0.7703
   0.5950
   0.9408
   0.3947
   2.0739
   0.7197
   0.3296
   0.7868
   1.4927
   1.5533
   1.5096
   1.0404
   0.2735
   0.7955
   1.5061
   0.6866
   1.0884
   0.8563
   1.4039
   1.3252
   1.2410
   1.4624
   0.9690
   1.3655
   0.6450
   0.7622
   0.7517
   0.7213
   1.6639
   0.7196
   0.8382
   0.9568
   0.7002
   1.4649
   0.6370
   0.5885
   0.6049
   0.4116
   2.7694
   0.4763
   0.8441
   1.9475
   0.8175
   0.7624
   1.0112
   2.0563
   0.3111
   1.0134
   0.6881
   1.4086
   0.8554
   0.3504
   1.2843
   1.9218
   0.6878
   0.8307
   1.5880
   0.7102
   0.5561
   0.5012
   0.5619
   0.3796
   1.0684
   1.1473
   0.9433
   1.0283
   0.2257
   0.7401
   1.6109
   0.7372
   1.1552
   0.4566
   0.7684
   0.6182
   2.6077
   1.7276
   0.9035
   0.5217
   0.3621
   1.0406
   0.7570
   0.8010
   1.0894
   0.4383
   1.1662
   1.0483
   0.1382
   0.6845
   0.8686
   0.5907
   0.6487
   1.1208
   1.1681
   0.8644
   0.3943
   2.7610
   1.5614
   4.4687
   0.7496
   0.9992
   0.7996
   0.9252
   5.4890
   0.9334
   1.2681
   0.2729
   0.8910
   1.0285
   1.2246
   1.1770
   0.4200
   1.1671
   0.9118
   0.6571
   0.4619
   1.3425
   0.7073
   0.9739
   1.5502
   0.6693
   1.3604
   0.4064
   1.0050
   1.0568
   1.0958
   0.9319
   0.5625
   1.2354
   0.5086
   0.7647
   1.4658
   0.9663
   0.3671
   0.7316
   1.8099
   2.4736
   1.1488
   0.3754
   0.5813
   0.2439
   1.1093
   1.3215
   0.9213
   1.8011
   0.5351
   1.5042
   0.5174
   0.1474
   1.6745
   1.5353
   1.1439
   0.7285
   0.6863
   0.5426
   0.4458
   0.9472
   0.3229
   0.4603
   1.6881
   1.5468
   2.0665
   1.0616
   1.1965
   2.4234
   1.0050
   0.8395
   0.7897
   2.7826
   0.8624
   0.9143
   0.3114
   1.4038
   1.3750
   0.5261
   1.7470
   1.7990
   0.2495
   0.5228
   0.7770
   2.6214
   1.9394
   1.1232
   0.5531
   1.5573
   0.8520
   1.1305
   2.2321
   1.0596
   0.3169
   1.2530
   0.6433
   0.4844
   0.8219
   0.3281
   0.6795
   1.3309
   0.7327
   0.7062
   1.5328
   1.5236
   1.3957
   2.9373
   0.8494
   1.2730
   1.1468
   1.1001
   0.4196
   0.4893
   0.8330
   0.5889
   0.4295
   1.3883
   0.4819
   0.9441
   0.3632
   2.5429
   0.7828
   1.0343
   1.1149
   0.5582
   0.5356
   0.9971
   0.6440
   0.6905
   0.4683
   1.6021
   1.6578
   1.1669
   0.6698
   1.0224
   0.5932
   1.3206
   0.9713
   0.8579
   0.4170
   0.4949
   0.7803
   0.8269
   1.1882
   0.9390
   0.6184
   2.0670
   0.2050
   0.9818
   0.6314
   0.6792
   0.9223
   0.5182
   0.5683
   0.6001
   0.4859
   0.2636
   1.1781
   0.9099
   1.2369
   1.4284
   1.4614
   1.2887
   0.4873
   1.7516
   1.5239
   1.9371
   0.9383
   0.5443
   0.7504
   0.2254
   0.3451
   0.4960
   0.6262
   1.6296
   0.8617
   0.3001
   0.8004
   0.4979
   0.4951
   1.1300
   0.5910
   0.6183
   0.4121
   0.7929
   1.0083
   2.6884
   1.4255
   2.0335
   0.7148
   0.5452
   0.7957
   3.6235
   0.4019
   0.5845
   0.6606
   0.7294
   0.6369
   0.6776
   0.3769
   0.5675
   1.5862
   0.4863
   0.7343
   0.9518
   0.6600
   1.0069
   1.0907
   1.2772
   0.6197
   0.4346
   0.9777
   0.7141
   1.0063
   1.3227
   1.0161
   0.9501
   0.9634
   0.3872
   0.7477
   0.7409
   1.0874
   1.3614
   4.8921
   1.7688
   0.4982
   1.1317
   0.4317
   0.9369
   0.7432
   0.8983
   0.6876
   1.8055
   0.8514
   0.9535
   0.7112
   0.5878
   0.2916
   1.8557
   1.2737
   1.9209
   1.8585
   0.8570
   0.9584
   0.7692
   0.4394
   0.8077
   1.3187
   0.7732
   0.7319
   3.3022
   0.3293
   0.2787
   0.3497
   1.2388
   0.7921
   1.3064
   1.1449
   0.9911
   0.2810
   0.8494
   1.4972
   0.6796
   1.3598
   3.2485
   0.3904
   0.5431
   0.3438
   0.9741
   0.9347
   0.4397
   2.0185
   0.8235
   1.4606
   0.5167
   0.5804
   0.4243
   0.2509
   0.7023
   0.2378
   0.5766
   2.4879
   0.9767
   1.6872
   0.9424
   1.1683
   2.4419
   0.2149
   0.7579
   1.0887
   1.4152
   2.1146
   0.4369
   1.4729
   0.6627
   1.4403
   2.1464
   0.9026
   2.1514
   0.9993
   0.7119
   2.4465
   0.6456
   0.5499
   0.9937
   1.6929
   1.7305
   2.2053
   0.3060
   1.3526
   1.2368
   0.9039
   0.9869
   0.4035
   0.5714
   0.4286
   0.8044
   0.7378
   0.8876
   1.1133
   0.5756
   0.4824
   2.7852
   1.1496
   0.6151
   1.0023
   2.6070
   0.9274
   0.5824
   0.6402
   0.7460
   0.4996
   0.5642
   1.7817
   0.6983
   0.2934
   0.3048
   0.7581
   0.8684
   0.9565
   2.6141
   0.3640
   1.0412
   1.5046
   0.2793
   0.3605
   0.8669
   0.6409
   0.5910
   0.9661
   0.6813
   0.5178
   0.4222
   0.5674
   0.7595
   0.7540
   0.6722
   0.7858
   0.8648
   2.7962
   0.7164
   1.7912
   0.6306
   0.3943
   0.8374
   1.3273
   1.0166
   0.6845
   0.2378
   0.4004
   1.1954
   2.7294
   0.9425
   2.7283
   0.5572
   0.3894
   0.6144
   1.6119
   2.7881
   2.1245
   1.0546
   0.6339
   2.3233
   1.1161
   0.5394
   0.9149
   0.6714
   1.8186
   1.9189
   0.4864
   0.8464
   0.9260
   0.4822
   0.3899
   0.3852
   1.2709
   1.1946
   0.7764
   1.3355
   1.8715
   0.2153
   0.3656
   0.8055
   0.6131
   1.1328
   1.1593
   1.7088
   0.9006
   0.5131
   0.4789
   0.6618
   0.3739
   1.8650
   0.4669
   0.8909
   0.6527
   0.2449
   1.8082
   1.3877
   5.5299
   0.5036
   1.8304
   0.9902
   0.7006
   0.9334
   0.6981
   1.1019
   0.4503
   1.1978
   0.6489
   0.9241
   1.2721
   0.1696
   0.4838
   0.9581
   0.1787
   0.5095
   0.6682
   1.3214
   0.9028
   1.3174
   1.1135
   0.6468
   0.6685
   1.0379
   0.3841
   0.8532
   1.4447
   0.6879
   2.2297
   1.1923
   0.5979
   0.8049
   0.7316
   0.5876
   0.3290
   0.4452
   0.7700
   0.7195
   1.0853
   1.1317
   0.9362
   0.5544
   0.6127
   1.6650
   0.3790
   0.4976
   1.0045
   0.4887
   1.5845
   1.0319
   1.2403
   1.2266
   0.2661
   1.5189
   0.9247
   3.0170
   1.5292
   0.8181
   1.2118
   0.9337
   0.8669
   1.8073
   0.4707
   0.7156
   1.2302
   0.5202
   0.5649
   0.3517
   0.8822
   1.5766
   0.8602
   0.5730
   0.9066
   0.4422
   0.9928
   0.1918
   0.4193
   1.3207
   2.0641
   0.7475
   1.0904
   0.4673
   0.7208
   0.6417
   0.5057
   0.8269
   0.5518
   1.6907
   0.6016
   0.8574
   3.4319
   0.8350
   0.9561
   0.6941
   1.1604
   0.7619
   0.7853
   1.6531
   1.2624
   1.0351
   0.4696
   0.9721
   0.4561
   0.8196
   0.8577
   1.3018
   0.6636
   0.7408
   0.7399
   0.4112
   0.9584
   1.6860
   4.0936
   0.6739
   1.3228
   1.6712
   0.2699
   0.6889
   1.3065
   0.8360
   1.0518
   1.4222
   1.0083
   0.9858
   1.0677
   1.0300
   0.5968
   0.5459
   0.6786
   0.6103
   0.8523
   0.5268
   2.0059
   1.8141
   0.6208
   0.1990
   0.3633
   0.5030
   0.7961
   0.2943
   1.1739
   0.4138
   0.8511
   0.8594
   0.9909
   0.7547
   1.8659
   3.0251
   0.4858
   0.2417
   0.4226
   1.4196
   0.8629
   0.7750
   0.7832
   1.2597
   0.9693
   0.5723
   0.6523
   0.7047
   2.0053
   1.8192
   0.4696
   0.4789
   1.1546
   0.8950
   1.6589
   1.6190
   0.9594
   0.5857
   1.9325
   0.9354
   1.0691
   1.9030
   0.6646
   0.4987
   0.3587
   1.9627
   0.2870
   0.5902
   0.4695
   0.8007
   0.5427
   3.2952
   0.8264
   0.6316
   1.0898
   1.1190
   1.7108
   0.9338
   0.4623
   0.6002
   0.3306
   1.0640
   0.7496
   1.8650
   1.2952
   0.6780
   0.6660
   0.8332
   0.9285
   0.8465
   1.1448
   1.8336
   0.5328
   1.1920
   0.2901
   0.3527
   0.6910
   0.5534
   1.5673
   1.7590
   1.2545
   0.5760
   0.8271
   0.5552
   0.4384
   0.7538
   1.6770
   2.1237
   0.9551
   0.0909
   1.6232
   1.3747
   2.1542
   0.2011
   1.6803
   0.9045
   0.7356
   1.0122
   1.0400
   0.6742
   1.2701
   0.7100
   0.4639
   3.8341
   2.1604
   3.5387
   1.4339
   0.6774
   0.6123
   2.2810
   0.1612
   1.6230
   0.7143
   0.2887
   1.3413
   1.1615
   1.4869
   0.9959
   0.5124
   0.7426
   0.9977
   0.8252
   0.7230
   0.6989
   0.8811
   0.7315
   0.4758
   0.5944
   0.3565
   0.1380
   0.6533
   0.5207
   0.8858
   0.9567
   0.5171
   0.5508
   1.2170
   0.3415
   0.4351
   0.5287
   0.5283
   1.5876
   2.1555
   0.9481
   0.9189
   2.2459
   1.5591
   0.3124
   0.8719
   0.7698
   0.6076
   0.8719
   2.5244
   0.5604
   0.5077
   0.3423
   1.1129
   1.6427
   2.1143
   0.6691
   1.1821
   1.4432
   2.1323
   0.4596
   0.8556
   0.2118
   0.7742
   0.8931
   0.5730
   1.3369
   1.1697
   0.6241
   1.3207
   0.2889
   0.2536
   0.4277
   0.6475
   1.2229
   0.9446
   0.6976
   0.3311
   0.9041
   0.3768
   0.4654
   0.3219
   0.6495
   0.6348
   0.2131
   0.3939
   0.5979
   1.1459
   0.8890
   1.9595
   1.0410
   0.5295
   0.7056
   1.3820
   1.6605
   0.7675
   0.9806
   0.6155
   1.6237
   1.6190
   0.7427
   1.2596
   0.3642
   0.4477
   0.8543
   1.0153
   0.7543
   0.5279
   1.1408
   1.2893
   1.2183
   0.1719
   1.2520
   2.2013
   0.4853
   1.5260
   0.8700
   1.3175
   0.8781
   0.1350
   0.5750
   0.6088
   0.4350
   1.0199
   0.9087
   0.6676
   0.6343
   0.7139
   0.4096
   2.0487
   0.7639
   0.9207
   0.9422
   0.5390
   1.3109
   3.0526
   0.3120
   0.3662
   1.0832
   1.0593
   1.7129
   1.2417
   0.5261
   0.7969
   0.9663
   0.6078
   0.6117
   0.8064
   1.3697
   0.5139
   0.8742
   0.3708
   0.6125
   0.6098
   3.4152
   0.6858
   1.1405
   0.6312
   0.1791
   0.6520
   1.1033
   0.5896
   0.4232
   1.1598
   0.9975
   0.3734
   0.6688
   1.3249
   0.8889
   0.2982
   0.8190
   0.6987
   1.5322
   0.3974
   0.8005
   1.0797
   0.7242
   0.9404
   1.4455
   1.1088
   1.6886
   1.0136
   0.8453
   0.9583
   0.6322
   2.0480
   2.2405
   1.7496
   0.7582
   1.3440
   0.2955
   1.1434
   0.8392
   1.5603
   0.8020
   1.7899
   0.3259
   0.4186
   0.2971
   0.7937
   0.9379
   0.4304
   0.8246
   0.3296
   0.8688
   2.5693
   1.5964
   1.8550
   1.6354
   0.5628
   0.4708
   0.6771
   0.8289
   4.5618
   1.1126
   0.6201
   1.1865
   0.6417
   0.9606
   0.2922
   0.3122
   1.9738
   1.7580
   1.5945
   0.5776
   1.3001
   0.7040
   0.3688
   1.0440
   0.5506
   0.3756
   2.4364
   0.4534
   0.3645
   0.4146
   3.2114
   1.5788
   1.0599
   1.2457
   1.1983
   0.9713
   0.7887
   0.5520

