    0.0612
    0.2563
    0.0174
    2.6381
    0.0880
    0.0439
    2.3461
    0.1330
    1.8306
    0.2581
    2.8095
    0.5525
    0.1138
    0.0150
    0.3106
    0.1494
    0.9057
    0.1970
    0.2025
    3.1162
    0.0767
    0.2231
   20.4009
    0.2859
    0.2865
    0.1155
    0.2523
    0.8048
    0.2998
    0.0242
    0.8078
    0.0303
    0.0157
    0.5693
    0.3815
    0.2279
    0.9888
    0.3980
    0.4293
    0.2867
    0.0982
    0.3611
    1.0020
    1.2768
    0.3116
    0.3786
    0.2386
    0.2190
    0.8932
    3.4160
    8.3174
    0.6435
    0.5195
    0.4949
    0.5380
    0.5815
    0.0380
    4.5688
    2.7018
    0.0429
    0.1052
    1.5137
    0.4513
    0.2814
    1.2903
    0.1097
    0.1221
    0.5232
    0.4420
    0.3321
    0.2620
    2.3653
    3.5086
    0.2730
    0.0046
    1.7753
    0.1253
    1.8207
    0.4152
    1.1735
    0.1560
    0.3567
    0.5047
    1.5047
    0.0812
    0.6587
    0.0855
    0.3843
    0.0251
    0.2355
    2.4980
    1.3449
    0.1730
    0.3543
    0.7805
    0.0612
    0.5835
    1.1607
    0.6380
    0.0421
    0.9741
    0.3501
    1.3812
    3.4755
    0.6580
    0.4343
    0.0079
    0.1080
    0.6341
    0.3530
    0.0077
    0.0228
    0.0105
    0.4570
    0.3364
    0.0829
    0.0088
    0.1260
    1.9738
    0.3100
    0.3641
    0.4834
    0.5109
    3.3176
    0.0836
    0.4457
    0.1773
    0.0518
    0.0864
    1.1306
    0.1073
    0.1392
    0.5544
    0.3473
    0.0463
    0.3529
    0.1974
    0.2239
    0.0693
    0.2278
    0.5477
    0.2097
    1.3218
    0.2963
    0.2713
    0.7348
    0.7865
    0.1702
    0.0923
    1.2981
    0.0511
    3.1610
    0.7682
    0.4484
    1.4715
    0.4347
    2.3917
    0.0274
    0.5009
    0.2439
    0.0925
    0.3592
    0.0798
    0.5639
    0.1065
    0.4497
    2.5332
    0.7689
   17.7863
    0.6407
    0.4951
    0.1886
    0.6928
    0.0914
    0.4427
    0.3700
    0.3265
    0.0026
    0.1069
    0.1154
    0.5037
    0.3078
    0.0939
    0.3038
    0.7149
    3.2448
    0.4837
    2.3920
    0.0128
    2.2034
    0.3542
    0.4078
    0.5077
    0.0932
    0.2528
    0.1568
    0.1137
    2.3184
    0.4985
    0.0718
    0.1184
    1.4353
    0.5825
    0.1067
   12.7093
    1.5757
    0.4392
    3.9068
    0.2108
    0.9461
    0.2731
    0.0372
    0.5659
    0.1813
    0.2420
    0.7256
    0.8479
    0.0116
    0.9723
    0.1415
    0.2759
    0.5945
    0.4364
    0.4281
    2.0863
    0.2041
    0.0564
    0.3201
    0.6801
    0.4577
    0.6560
    0.6232
    0.3684
    0.0240
    0.0358
    1.6514
    0.3383
    0.0368
    0.0852
    0.3048
    0.4397
    0.3636
    3.8220
    0.2735
    0.0209
    1.1306
    0.5254
    0.0928
    0.7484
    0.0189
    0.0961
    0.1562
    0.1342
    0.0950
    0.1662
    0.1257
    0.7372
    0.3633
    1.6978
    1.2097
    0.0154
    0.4896
    5.2578
    0.2373
    0.1446
    0.4274
    0.1636
    0.1064
    0.0916
    1.6855
    2.2310
    0.3514
    1.8464
    1.5105
    0.2117
    0.1541
    1.3132
    0.0753
   19.1569
    0.4691
    0.0517
    0.3367
    0.1254
    1.6545
    0.3963
    1.3226
    0.2682
    0.5329
    0.5455
    0.3472
    0.1596
    0.2515
    0.1271
    0.0644
    0.1381
    0.0921
    0.0753
    0.4366
    0.3435
    1.7720
    0.2112
    0.1660
    0.2532
    0.1581
    0.7327
    0.1210
    0.1309
    0.2006
   12.4432
    1.4383
    3.1801
    0.2560
    0.0598
    0.4948
    3.2314
    0.6324
    0.1515
    1.0894
    1.0695
    1.3431
    0.2826
    0.3558
    0.2263
    0.8047
    1.9941
    0.5311
    1.4394
    0.2519
    0.5343
    0.7270
    0.4827
    2.4470
    0.7570
    1.0508
    0.3213
    0.6338
    3.1238
    0.2030
    0.0268
    0.2664
    0.5045
    0.0419
    0.2489
    0.5229
    0.3966
    0.2399
    0.0937
    0.5919
    0.3947
    0.0268
    2.0504
    0.6531
    0.0811
    0.3218
    0.4836
    0.7247
    0.2251
    1.0765
    0.9624
    1.0712
    2.6493
    3.2873
    0.2390
    1.3494
    0.6542
    0.1191
    0.9688
    0.4806
    0.0508
    0.5273
    0.0727
    0.1984
    0.9026
    0.6291
    1.4640
    1.1503
    1.0385
    0.1375
    1.0841
    1.6423
    0.2962
    0.4293
    1.3325
    2.1465
    0.3066
    1.4088
    3.8378
    0.1825
    0.9074
    0.8569
    0.2159
    0.2344
    0.9904
    5.5298
    0.0559
    0.1487
    0.0698
    0.3256
    0.7123
    0.1572
    0.0090
    0.0775
    0.1843
    1.3212
    6.1590
    0.8290
    0.5055
    0.5332
    0.6932
    2.9012
    2.1704
    0.2007
    0.0501
    0.2539
    0.0642
    0.1955
    2.4420
    0.0474
    0.4712
    0.6737
    0.0737
    0.1392
    0.4211
    1.5374
    0.3405
    0.4542
   11.8980
    1.3463
    0.3903
    4.8158
    3.5646
    0.2505
   15.0296
    0.0851
    0.0363
    0.0150
    0.1393
    0.1234
    0.5207
    0.1828
    1.5983
    1.6124
   22.7539
    0.2549
    0.4219
    0.6206
    2.1397
    0.2920
    2.0353
    0.3505
    0.1056
    0.1645
    1.5629
    0.2667
    0.3457
    1.5158
    2.6797
    0.0326
    0.5871
    0.6296
    0.8225
    0.1195
    0.9632
    0.4781
    0.0607
    0.6493
    0.9188
    0.9722
    0.3328
    4.9545
    1.5445
    1.2292
   13.6152
    0.3104
    0.4327
    0.6884
    0.2930
    2.0093
    0.2611
    0.3771
    0.3134
    0.4077
    0.0369
    0.0458
    0.0887
    0.1189
    0.5041
    3.8550
    0.1275
    0.3874
    0.0372
    0.1608
    0.5425
    0.3462
    0.1755
    1.4358
    1.2830
    1.7916
    0.2726
    0.3420
    0.0501
    0.1051
    0.1175
    0.2077
    2.5997
    0.6255
    0.0923
   13.5238
    0.2082
    0.4379
    8.1774
    0.8258
    0.2192
    0.7938
    0.1628
    0.0364
    0.0793
    0.8831
    1.7962
    0.1665
    0.0224
    0.0314
    0.8293
    0.9105
    0.3909
    1.8939
    1.5827
    0.0865
    0.4085
    0.0075
    0.2188
    0.8311
    0.5914
    0.4264
    1.2987
    0.0458
    0.9532
    1.9238
    0.5769
    0.1088
    0.5739
    0.9260
    1.7826
    0.4976
    0.4304
    0.0712
    0.2005
    0.5614
    0.0078
    0.2052
    9.0203
    0.9827
    0.2924
    0.0299
    0.6894
    0.1493
    0.1438
    0.3890
    0.1123
    0.1822
    0.6645
    0.7298
    1.8546
    0.3683
    0.9056
    0.6788
    5.5976
    0.0455
    0.2890
    0.0384
    0.5852
    0.4117
    1.4568
    8.5133
    0.0432
    1.3509
    0.1172
    0.4363
    0.1140
    0.0261
    0.1463
    0.3039
    0.0461
    0.0156
    0.3261
    0.3821
    0.2485
    0.0080
    3.7162
    0.3188
    0.2845
    0.5281
    1.9031
    0.2030
    0.1442
    0.2044
    0.6317
    0.3905
    0.2045
    1.3545
    0.7799
    0.5096
    0.0514
    0.1403
    1.6174
    0.2802
    3.0908
    0.1282
    0.0199
    0.0080
    0.3215
    0.6088
    1.4823
    2.1635
    0.1272
    0.2931
    0.5079
    0.0009
    0.0506
    0.1379
    0.2056
    0.1266
    0.3808
    0.1096
    0.0127
    0.3763
    1.6318
    0.2499
    3.0777
    0.6825
    1.6460
    0.7177
    0.8878
    0.7509
    0.0693
    0.1958
    0.3134
    0.1852
    0.5639
    0.2464
    0.5264
    0.7056
    0.8918
    0.3757
   12.7925
    0.6578
    1.1901
    0.0620
    1.3376
    0.5457
    1.8518
    0.8697
    1.0587
    6.0512
    0.0753
    0.0654
    0.5053
    0.1515
    0.0874
    0.2480
    0.0196
    0.1202
    1.1932
    0.8799
    0.0531
    2.0958
    0.5297
    0.7514
    0.3507
   23.7505
    0.0324
    0.9382
    1.2294
    1.7120
    0.3132
    0.8419
    0.0516
    0.3561
    0.2187
    0.7943
    0.6732
    0.2963
    0.7225
    0.1439
    0.1770
    1.2653
    0.0066
    1.0257
    0.2772
    0.1482
    0.4324
    0.1207
    0.0256
    1.2469
    0.1121
    0.1117
    0.7570
    0.0841
    0.6066
    0.3245
    0.9362
    1.8138
    0.2109
    0.5316
    0.8160
    0.1998
    0.7063
    0.0646
    0.3041
    4.0984
    2.0591
    0.5109
    0.0377
    2.3595
    0.2308
    0.5324
    1.7667
    0.1723
    0.4194
    0.4379
    0.1774
    0.2231
    0.0452
    0.8795
    2.8574
    0.5696
    0.5712
    0.4101
    0.0286
    0.3995
    0.1263
    0.8096
    0.0090
   10.9484
    1.6198
    1.5768
    0.6738
    0.5989
    7.3409
    0.2393
    0.1574
    0.4948
    0.5271
    0.1637
    6.9903
    1.5919
    0.0212
    0.2956
    0.4623
    0.4172
    0.0216
    0.5607
    0.2836
    0.3084
    0.3971
    1.7264
    0.3360
    0.0277
    0.2145
    0.1156
    0.3930
    0.0848
    0.1638
    0.9516
    0.3153
    0.0303
    0.6331
    0.6639
    0.0029
    0.2242
    0.0857
    0.2382
    0.4443
    2.1903
    2.4885
    0.1295
    0.5883
    0.0436
    0.1196
    0.2445
    0.3495
    0.2894
    0.1890
    0.0255
    0.3952
    0.2960
    0.1464
    0.1990
    0.0757
    1.8594
    1.4692
    0.1822
    0.2271
    0.3981
    0.1099
    2.6233
    0.3990
    0.0698
    1.3725
    0.0069
    1.3094
    0.7831
    2.8046
    0.0003
    0.2662
    0.8661
    0.1783
    0.5355
    0.0264
    0.3273
    1.1464
    0.7189
    0.0426
    0.5842
    0.8941
    0.4534
    0.8152
    0.1858
    0.0603
    0.4833
    0.2047
    2.1746
    0.5220
    0.0600
    1.2038
    2.7638
    0.1018
    1.3244
    0.2331
    0.4721
    0.0024
    0.2100
    0.0422
    0.6452
    0.0203
    0.0650
    0.1414
    0.0970
    0.4319
    0.0326
    0.4967
    0.3236
    0.6043
    0.0623
    1.3785
    0.7793
    0.5556
    0.0691
    0.2363
    0.0752
    0.7462
    0.2252
    1.5465
    0.0502
    0.0145
    0.1501
    0.2586
    0.0639
    1.7733
    0.0484
    0.1934
    0.0051
    0.5387
    1.3065
    1.0576
    1.3289
    0.4605
    0.3965
    0.0635
    0.0635
    0.0008
    0.4339
    0.1292
    0.1311
    0.0009
    0.1486
    0.8952
    0.7432
    2.8140
    1.1875
    1.2090
    1.0522
    0.1132
    0.9130
    0.4366
    0.4662
    0.5278
    0.6027
    0.2621
    2.1492
    0.1271
    0.4735
    0.3833
    2.8357
    1.0075
    0.9759
    7.5073
    0.8041
    0.3619
    0.8233
    4.4632
   13.3174
    2.0361
    0.1352
    1.3458
    0.0821
    0.7326
    0.4144
    0.2034
    0.8856
    0.2095
    0.4435
    0.1440
   11.1321
    0.3065
    0.1738
    0.0795
    0.3605
    0.7777
   11.0874
    0.1683
    0.4058
    1.1470
    0.2714
    2.0769
    0.0384
    0.9976
    0.9614
    0.0320
    0.8364
    0.0005
    0.3370
    0.3549
    0.1398
    0.0150
    0.1333
    0.6367
    2.9711
    0.1540
    0.9490
    0.1307
    1.0918
    0.4000
    0.0616
    0.4902
    0.9239
    0.0139
    0.0225
    0.8761
    0.3715
    1.9165
    0.8686
    0.0024
    0.0150
    0.0446
    0.2590
    1.7049
    0.8946
    0.1260
    0.2772
    0.3345
    1.3838
    0.0816
    0.0961
    0.0539
    0.0981
    0.2537
    0.3081
   12.1031
    0.3368
    0.3574
    1.6502
    0.0371
    0.4860
    0.1941
    0.2328
   21.8570
    0.1785
    0.5767
    0.1659
    0.4818
    5.7133
    0.0429
    0.7087
    0.5091
    0.0193
    1.1057
    0.2137
    8.5403
    0.2390
    1.3152
    0.1770
    0.5972
    3.2091
    1.1625
    0.1348
    2.7829
    4.1245
    2.2757
    0.1270

