   0.9445
   0.4294
   0.8539
   0.6927
   0.6135
   1.2315
   1.0501
   0.8200
   1.3367
   0.6821
   0.9681
   1.0000
   1.5499
   0.6537
   1.0000
   1.0874
   1.6034
   1.0000
   0.8498
   1.6563
   1.4893
   1.4913
   1.0000
   1.9651
   0.7355
   0.6718
   0.8211
   1.0304
   0.8107
   1.0382
   1.0000
   1.3962
   1.2416
   0.7049
   0.4052
   1.1762
   1.0000
   1.6485
   1.1830
   0.6125
   1.4136
   1.6138
   0.5545
   0.7525
   0.3483
   1.4995
   1.0000
   0.3242
   1.5179
   0.9443
   1.6723
   1.2300
   0.5239
   1.0510
   0.3955
   1.6590
   0.8587
   1.2214
   0.7387
   1.0153
   0.7648
   0.8027
   1.4210
   0.9032
   0.9588
   1.1873
   0.8883
   1.4935
   0.9117
   0.2894
   0.7716
   0.8760
   0.6518
   0.8978
   1.0000
   0.7313
   1.6020
   1.2105
   1.0000
   0.9547
   0.9852
   1.1638
   0.8411
   1.0979
   0.7084
   1.1840
   0.9127
   1.0969
   1.1995
   1.4361
   0.4896
   1.1368
   1.0330
   1.0900
   2.0546
   0.5550
   0.9243
   0.8178
   0.8790
   1.1504
   1.3185
   0.8929
   1.0570
   0.4971
   1.0000
   1.0000
   0.6024
   1.2209
   1.0000
   1.0000
   1.0000
   0.5692
   1.7208
   1.0769
   0.4242
   0.6351
   0.9231
   1.0000
   0.9100
   1.2920
   0.5093
   1.2753
   0.4532
   0.5810
   0.3718
   1.0000
   0.9600
   0.6104
   1.2125
   1.2187
   0.5104
   1.5807
   1.3517
   1.0836
   0.7413
   1.4430
   1.0321
   0.8689
   0.4661
   0.9059
   0.8640
   0.6043
   0.7112
   0.7790
   0.6293
   0.6211
   0.9208
   1.0659
   1.2418
   0.6741
   1.6198
   0.7184
   0.9355
   0.6111
   1.0663
   0.9633
   1.0000
   1.9787
   1.0000
   0.8999
   0.6802
   1.9057
   0.5652
   1.0000
   0.5841
   1.2213
   1.0616
   1.7291
   1.0000
   1.0109
   1.5822
   1.3073
   1.0000
   1.0400
   1.2743
   1.0236
   1.0000
   0.9920
   0.9858
   1.7494
   0.8406
   1.3457
   1.4083
   0.6100
   0.4568
   1.7067
   1.1834
   0.9514
   0.8750
   1.0000
   0.9759
   1.0197
   0.6462
   0.6295
   1.6543
   0.8543
   0.6231
   0.2363
   0.7979
   1.0000
   0.6029
   0.7287
   1.1051
   1.2130
   1.2550
   1.2637
   0.8322
   0.9756
   1.3164
   0.9583
   0.8820
   0.8202
   0.4934
   0.7813
   0.9927
   1.0000
   1.0000
   1.0000
   0.7917
   0.5797
   1.1644
   1.0184
   1.6896
   1.0194
   1.0000
   0.4079
   0.9660
   1.2922
   1.1731
   0.5999
   0.6521
   0.8453
   1.0424
   1.0000
   0.8217
   0.9574
   1.1052
   1.0000
   1.6198
   0.3668
   0.5051
   0.6806
   0.9561
   1.0000
   0.9053
   1.0189
   0.9367
   0.9143
   1.0000
   0.7779
   0.6813
   1.8498
   0.5994
   1.0000
   0.6900
   0.7418
   0.6179
   0.7682
   0.6839
   1.0000
   1.7028
   0.9477
   0.4819
   1.0208
   0.6506
   0.5524
   1.8581
   1.9299
   1.0000
   0.5345
   1.0607
   0.5953
   0.7780
   1.0348
   1.0000
   0.6677
   1.9861
   1.3363
   1.7803
   1.0534
   0.3993
   0.4637
   1.4497
   0.7074
   0.5482
   0.8118
   0.8854
   1.3263
   1.8714
   0.7754
   1.9168
   0.9786
   1.1606
   1.1619
   1.0000
   1.0874
   0.5469
   0.7319
   0.9518
   1.1035
   1.0115
   2.2978
   1.0542
   1.3194
   0.5198
   1.0297
   1.8015
   0.6683
   0.9846
   1.2384
   0.8851
   1.1297
   1.0145
   1.4233
   0.9575
   1.1204
   0.6688
   1.1745
   0.9820
   1.3720
   0.5659
   0.9270
   1.3022
   1.6886
   1.1699
   1.4857
   0.7969
   1.1399
   0.6474
   0.6644
   1.6893
   0.7305
   1.4404
   1.1736
   0.7254
   0.9466
   0.7710
   0.3225
   0.5315
   0.7786
   1.8593
   0.5014
   1.1908
   1.0000
   1.2739
   1.6364
   0.6672
   0.6627
   0.9530
   1.3664
   0.8778
   1.4141
   1.3207
   0.9219
   1.4534
   1.5101
   1.0145
   1.1602
   1.4079
   0.8981
   1.0156
   1.0000
   1.2204
   1.0000
   1.8683
   1.3187
   1.0000
   0.9236
   0.6232
   0.6591
   1.1955
   0.6967
   1.4428
   0.7379
   1.0000
   0.8877
   0.8824
   1.0000
   1.0000
   0.9675
   0.7473
   0.8650
   1.0000
   1.0000
   1.0000
   1.0000
   0.9939
   1.0000
   1.0046
   0.7582
   1.0780
   1.9444
   0.4469
   0.5997
   0.9283
   1.0000
   0.8428
   0.4763
   0.9869
   1.3010
   1.3845
   1.5398
   0.9715
   0.7197
   0.4447
   1.0000
   0.5884
   0.3903
   0.8783
   1.0772
   0.7636
   0.6367
   1.3348
   1.0892
   1.3611
   1.0000
   0.8251
   0.9210
   1.3500
   1.2216
   0.4998
   0.8146
   0.7791
   0.8008
   0.5783
   0.7275
   1.1704
   0.8919
   1.2862
   0.7818
   1.1237
   1.1618
   1.0000
   1.2728
   0.5626
   1.0000
   0.9296
   0.5439
   1.3166
   1.9832
   0.5140
   0.7390
   1.4947
   0.9749
   1.4221
   1.2777
   1.3181
   0.2515
   0.6237
   1.0000
   0.9974
   1.3055
   1.9046
   0.9539
   1.0638
   1.0000
   0.8701
   1.0620
   0.7577
   1.0461
   1.2955
   1.2587
   0.8051
   1.0000
   0.7624
   0.7703
   0.7007
   0.8399
   0.4749
   0.9510
   0.3732
   1.3186
   0.9975
   0.7375
   1.3386
   0.4007
   0.5760
   1.2334
   1.2338
   0.8364
   1.0000
   0.7775
   0.5559
   1.6086
   0.7621
   0.7213
   0.9706
   0.5114
   0.6281
   1.7629
   1.4704
   0.4596
   0.2892
   1.0850
   1.0000
   1.1946
   0.8496
   0.5687
   0.8451
   0.6755
   0.8103
   0.5681
   1.2509
   1.0000
   0.8752
   1.1827
   1.5351
   0.7273
   1.1700
   1.0000
   1.4498
   1.0643
   1.1647
   1.7852
   0.4056
   1.1879
   0.7537
   1.1272
   0.6038
   0.7267
   0.8605
   0.8327
   0.5675
   1.0000
   1.3558
   0.6447
   0.8887
   0.9041
   2.0315
   0.8050
   1.0000
   0.8831
   0.5956
   1.1160
   0.8970
   1.3927
   1.0085
   1.2294
   1.2273
   1.1897
   0.8199
   0.5502
   1.0000
   1.0000
   0.5531
   1.7143
   0.6154
   0.5848
   1.0018
   0.7301
   0.9219
   1.6155
   0.8088
   1.0000
   0.8057
   1.0000
   1.0969
   1.0113
   0.8628
   0.9070
   0.6686
   1.1904
   1.4353
   0.9885
   0.4944
   1.3707
   1.0000
   1.1068
   0.8195
   0.5289
   0.6050
   0.7768
   1.0174
   1.0000
   1.0000
   0.8818
   0.7725
   1.1945
   0.8627
   0.9714
   1.3073
   0.7021
   0.5174
   1.0343
   1.1807
   0.7767
   1.0000
   0.5044
   0.9080
   0.8161
   1.5547
   0.7165
   1.0000
   1.3687
   1.0000
   1.0000
   0.9853
   1.0000
   0.4886
   0.4895
   0.3708
   1.1573
   0.5267
   1.0000
   0.7779
   0.7142
   1.1631
   1.3064
   1.9184
   1.1057
   1.0000
   0.8008
   1.1509
   1.3226
   1.0808
   0.6195
   0.8678
   1.0000
   0.8352
   0.6599
   1.0221
   0.5572
   1.0468
   0.8266
   0.7267
   1.1444
   0.8851
   0.6712
   1.0000
   1.7365
   1.0000
   1.1505
   0.9993
   1.0000
   0.8734
   0.4418
   1.0000
   0.5529
   1.3650
   1.4330
   1.5300
   1.0000
   1.1008
   1.2806
   0.6672
   1.4517
   0.5814
   0.7536
   1.0794
   0.5199
   0.7014
   0.6139
   1.0981
   1.4921
   1.3206
   0.9591
   0.9750
   0.9029
   1.3130
   1.0392
   0.9187
   1.2955
   2.0504
   0.9056
   1.2468
   1.3141
   1.0000
   0.7726
   1.3700
   0.5800
   1.2746
   0.6037
   1.3871
   1.0619
   0.7580
   1.1312
   1.2613
   0.5405
   1.0000
   2.0524
   0.6965
   1.6556
   0.9549
   0.8780
   1.0000
   1.1735
   1.1655
   0.5690
   1.1255
   1.4527
   0.8446
   0.8584
   1.3312
   0.9139
   1.3064
   1.3340
   1.0000
   1.3020
   0.7087
   0.7486
   0.5127
   0.9099
   0.6819
   1.3151
   1.0000
   0.9835
   0.5105
   1.0616
   1.1723
   1.0143
   0.7726
   1.0000
   1.0559
   1.1949
   1.4996
   0.5245
   0.6102
   1.0000
   0.8683
   1.0677
   1.0000
   1.2768
   1.0000
   0.7507
   0.6526
   0.9558
   1.1636
   1.7039
   0.6990
   0.9814
   1.4734
   1.2677
   0.7787
   1.0123
   0.5594
   0.8242
   1.0762
   1.1139
   2.1537
   1.1825
   1.0000
   1.1839
   1.2889
   1.2136
   0.5541
   1.0000
   0.5208
   0.8865
   0.8820
   0.7961
   0.6959
   1.0000
   2.2290
   0.6514
   1.9315
   1.0000
   1.3885
   1.5948
   1.2025
   1.0000
   0.6468
   1.0693
   0.6758
   0.9730
   1.0225
   1.2370
   0.9147
   1.0953
   1.0000
   0.8172
   1.2294
   1.4737
   1.0000
   0.8012
   0.6453
   1.0853
   0.9268
   1.2054
   1.0000
   0.6799
   0.5850
   1.0000
   1.3790
   0.9462
   0.5257
   0.5904
   1.4812
   0.7606
   1.0000
   0.5532
   0.9639
   1.4264
   0.9333
   0.7682
   2.2250
   1.4776
   1.8314
   0.6660
   1.2963
   0.9804
   1.0000
   1.4269
   1.1568
   1.0224
   0.7045
   0.4569
   1.1056
   0.9922
   0.4620
   1.3074
   1.0000
   0.4611
   1.0794
   0.7975
   1.8533
   1.9164
   0.5579
   0.8194
   1.1645
   1.2624
   1.1657
   1.1990
   1.1762
   0.7612
   1.0045
   1.2066
   1.0000
   1.0000
   0.6896
   0.8301
   0.7550
   0.8157
   0.9745
   1.2317
   0.5377
   1.0000
   1.3187
   1.0000
   1.0356
   0.4504
   0.7185
   1.3145
   0.6344
   0.8138
   0.8369
   1.0000
   0.5941
   0.8190
   0.5281
   1.0000
   0.7146
   1.4545
   1.2752
   0.5095
   0.3544
   1.0000
   0.8729
   1.0159
   1.0000
   0.7526
   0.4553
   1.2148
   1.0000
   0.9904
   0.6224
   0.9437
   0.6232
   1.0217
   1.0000
   0.7922
   1.0000
   2.0163
   1.8902
   0.9872
   1.0525
   0.7788
   1.0375
   0.5005
   0.6641
   1.5359
   0.3356
   1.0000
   1.0000
   1.6749
   1.4575
   0.8605
   1.0914
   0.8565
   0.8917
   0.5820
   1.6395
   1.0000
   1.2078
   0.4387
   1.3020
   1.1616
   1.2066
   0.5545
   0.8563
   0.7654
   0.9505
   1.0000
   1.6581
   0.8488
   0.7309
   1.2748
   0.4294
   0.9462
   1.1516
   1.2846
   0.5475
   1.2038
   1.3948
   0.8135
   0.6618
   1.0000
   1.1590
   1.0000
   1.0000
   0.8558
   0.9236
   1.0000
   1.5246
   0.7251
   1.0000
   0.7895
   1.0000
   0.7575
   1.3161
   0.4768
   0.7088
   0.6134
   0.8809
   1.5887
   1.0000
   1.0835
   0.5450
   1.3983
   1.0000
   1.1746
   1.0000
   1.7747
   0.6962
   1.3286
   0.6920
   1.0000
   1.0000
   0.9441
   0.3323
   1.0000
   1.0000
   1.0000
   0.8581
   1.5354
   1.3300
   1.0962
   0.6300
   1.7018
   0.3825
   0.4806
   0.5316
   0.6897
   1.4828
   1.4625
   0.9463
   1.6653
   0.4858
   0.9651
   0.6888
   0.9845
   0.6292
   1.1073
   0.9714
   1.0000
   2.1318
   0.5595
   1.3011
   0.5663
   1.1568
   1.2782
   1.5348
   1.3137
   1.7114
   0.8627
   1.0000
   1.0482
   1.1155
   1.0575
   1.5574
   1.3249
   0.6432
   1.2134
   1.0538
   1.8848
   1.1112
   1.2366
   0.7567
   1.0244
   1.6297
   1.0218

