  2.5493e+002
  1.6994e+002
  1.7756e+002
  1.2554e+002
  4.6447e+001
  1.0793e+002
  1.8769e+002
  1.5125e+002
  1.0018e+002
  3.6899e+001
  1.3585e+002
  1.2637e+002
  9.1184e+001
  1.4223e+002
  2.6380e+001
  1.4319e+002
  1.4565e+002
  5.0888e+002
  5.6250e+001
  9.5314e+001
  6.8086e+001
  1.0766e+002
  4.0950e+001
  1.6172e+002
  9.6982e+001
  1.5637e+002
  3.3917e+001
  1.0307e+002
  2.2012e+002
  2.1253e+002
  8.8333e+001
  4.0347e+001
  2.5122e+002
  1.8016e+002
  2.8973e+001
  1.7684e+002
  4.8884e+001
  3.6408e+001
  1.4736e+002
  3.1076e+001
  2.8565e+001
  2.4860e+001
  2.5193e+002
  6.1199e+001
  3.8042e+001
  1.7863e+002
  5.7373e+001
  8.4834e+001
  7.6179e+001
  1.1114e+002
  2.1662e+002
  1.2564e+002
  2.1721e+002
  9.7783e+001
  6.6350e+001
  1.4238e+002
  8.8433e+001
  1.0464e+002
  8.4847e+001
  6.6630e+001
  2.0396e+002
  7.0268e+001
  6.7543e+001
  1.4370e+002
  2.8513e+002
  3.9836e+001
  1.2285e+002
  2.4029e+002
  8.7860e+001
  3.8837e+001
  1.0992e+002
  9.5132e+001
  5.6294e+001
  3.3879e+002
  4.2393e+001
  2.5738e+001
  2.0916e+002
  6.1574e+001
  7.2228e+001
  1.7470e+002
  7.9714e+001
  1.0835e+002
  2.4758e+001
  4.1325e+001
  6.0129e+001
  1.6168e+001
  3.5813e+001
  4.8452e+001
  1.2148e+002
  4.5036e+001
  3.1544e+001
  1.8074e+001
  1.5338e+002
  1.0230e+002
  1.7379e+002
  9.8907e+001
  5.4644e+001
  1.0909e+002
  6.8907e+001
  2.0037e+002
  3.3993e+001
  7.0411e+001
  7.8855e+001
  4.7720e+001
  1.3445e+002
  8.4766e+001
  1.3706e+002
  1.9084e+002
  3.8182e+001
  2.5633e+002
  4.3813e+001
  1.7436e+002
  1.3019e+002
  4.5315e+001
  1.6173e+002
  1.1716e+002
  3.1926e+001
  2.0972e+002
  8.9444e+001
  5.2103e+001
  5.6560e+001
  6.2703e+001
  2.0205e+002
  6.4306e+001
  1.1929e+002
  3.2160e+001
  2.5967e+002
  2.9423e+001
  6.6230e+001
  7.0404e+001
  2.9711e+002
  1.2815e+002
  2.5770e+002
  8.5609e+001
  1.0761e+002
  4.4575e+001
  4.7711e+001
  1.4421e+002
  1.0261e+002
  2.7061e+001
  1.1204e+002
  5.0368e+001
  6.6992e+001
  8.2879e+001
  8.4271e+001
  1.0767e+002
  6.8557e+001
  4.7926e+001
  1.6533e+002
  2.2520e+002
  4.9539e+001
  2.0628e+002
  1.0391e+002
  2.2338e+002
  2.5731e+001
  1.0571e+002
  1.3158e+002
  2.1094e+002
  1.0994e+002
  4.8505e+001
  3.8134e+001
  2.6697e+001
  7.9228e+001
  9.7146e+001
  6.5951e+001
  1.5868e+001
  3.7466e+001
  1.9781e+001
  6.6135e+001
  6.4643e+001
  1.9294e+001
  2.8020e+001
  7.9398e+001
  3.9177e+001
  2.1240e+001
  1.1164e+002
  1.0097e+002
  1.6674e+002
  5.6035e+001
  1.7744e+002
  8.5070e+001
  1.0700e+002
  9.4714e+001
  3.3854e+002
  1.1920e+002
  3.2497e+001
  4.0777e+001
  9.7324e+001
  1.3447e+002
  2.8973e+002
  6.5020e+001
  1.4559e+002
  1.0670e+002
  3.7455e+001
  6.1417e+001
  5.5348e+001
  6.4491e+001
  5.5755e+001
  1.8028e+002
  2.5499e+002
  1.1882e+002
  2.4417e+002
  7.8324e+001
  1.3954e+002
  9.7793e+001
  5.6401e+001
  1.4582e+002
  8.0698e+001
  6.0712e+001
  2.3620e+002
  1.6993e+002
  1.2053e+002
  2.3694e+001
  1.3644e+002
  2.6799e+001
  6.0540e+001
  3.7762e+001
  1.2879e+002
  5.6344e+001
  3.5198e+001
  1.1930e+002
  9.0908e+001
  5.7324e+001
  2.2533e+001
  1.0587e+002
  9.5145e+001
  1.2486e+002
  1.6499e+002
  1.3076e+002
  1.1476e+002
  1.2444e+002
  6.3139e+001
  1.4397e+002
  9.1966e+001
  1.3209e+002
  7.9176e+001
  7.2821e+001
  1.2114e+002
  1.0127e+002
  3.3107e+001
  9.3298e+001
  4.9312e+001
  6.0131e+001
  6.3158e+001
  3.1627e+002
  3.2310e+002
  7.2414e+001
  1.3961e+002
  2.4339e+002
  1.9504e+002
  1.3530e+002
  9.1746e+001
  1.9009e+002
  1.5349e+001
  1.4023e+002
  9.0739e+001
  1.2729e+002
  3.5976e+001
  3.7612e+001
  3.0950e+001
  3.4126e+001
  1.4614e+002
  2.3890e+002
  9.5733e+001
  5.9307e+001
  7.3642e+001
  1.1227e+002
  8.6759e+001
  1.3953e+002
  1.1863e+002
  1.4790e+002
  4.3731e+001
  4.5859e+001
  3.9863e+001
  9.6468e+001
  8.5197e+001
  1.2552e+002
  1.1091e+002
  1.4648e+002
  2.7040e+002
  1.0872e+002
  1.9445e+002
  6.4981e+001
  8.4270e+001
  2.4771e+002
  7.7016e+001
  1.8368e+002
  1.4815e+002
  4.6613e+001
  4.0026e+001
  8.2385e+001
  2.7934e+001
  2.8122e+002
  4.9597e+001
  1.4443e+002
  3.1242e+002
  2.1297e+002
  5.4900e+001
  1.3270e+002
  4.4390e+001
  5.4512e+001
  2.7453e+001
  8.4306e+001
  8.9105e+001
  1.2581e+002
  1.5894e+002
  2.8507e+001
  4.1006e+001
  9.7339e+001
  1.7435e+002
  5.0700e+001
  5.5074e+001
  2.7799e+002
  1.2422e+002
  5.0018e+001
  1.0344e+002
  7.1048e+001
  2.3335e+001
  3.8826e+001
  1.2998e+002
  9.6541e+001
  3.5408e+001
  2.1446e+002
  4.3487e+001
  6.8644e+001
  1.1294e+002
  1.5071e+002
  2.0379e+002
  1.9018e+001
  2.2937e+001
  3.9852e+001
  1.1213e+002
  1.4575e+002
  3.9563e+001
  8.7155e+001
  1.0186e+002
  1.1890e+002
  1.9672e+002
  4.7094e+001
  1.1631e+002
  6.2928e+001
  4.2468e+001
  1.5233e+002
  3.4618e+001
  5.0387e+001
  2.4217e+002
  1.4158e+002
  1.5890e+002
  1.8771e+002
  5.0906e+001
  9.1647e+001
  1.7821e+002
  2.5119e+002
  4.1827e+001
  1.0526e+002
  2.7732e+001
  8.6350e+001
  5.6181e+001
  7.1681e+001
  4.7065e+001
  1.0762e+002
  2.5713e+001
  1.1576e+002
  1.4396e+002
  6.8262e+001
  1.6920e+002
  9.3569e+001
  3.5335e+001
  1.4989e+002
  1.2996e+002
  2.2901e+002
  1.2290e+002
  8.4264e+001
  1.0925e+002
  2.4692e+001
  9.3211e+000
  9.0324e+001
  4.7206e+001
  3.0546e+001
  7.1710e+001
  3.2859e+001
  1.2583e+002
  6.5341e+001
  4.8466e+001
  2.3093e+001
  3.1669e+001
  9.2353e+001
  3.6333e+001
  1.5846e+001
  1.2090e+002
  1.6508e+002
  1.3930e+002
  3.0453e+002
  7.8807e+001
  1.5664e+002
  2.4411e+001
  5.9608e+001
  4.3333e+001
  1.2919e+002
  1.2873e+002
  1.8328e+002
  4.8156e+001
  3.4484e+001
  4.3339e+001
  2.3392e+002
  9.5259e+001
  1.0903e+002
  1.3179e+002
  5.2487e+001
  4.8481e+001
  1.3439e+002
  6.0492e+001
  7.8520e+001
  2.6010e+001
  9.9301e+001
  2.5750e+002
  1.0408e+002
  1.7789e+002
  1.7541e+002
  5.2310e+001
  2.0126e+001
  2.9546e+002
  9.3459e+001
  1.9370e+001
  1.9460e+002
  1.0570e+002
  7.3874e+001
  7.0920e+001
  7.6350e+001
  1.0065e+002
  1.0249e+002
  1.2946e+002
  2.5702e+002
  2.1159e+002
  1.0015e+002
  5.0059e+001
  1.4448e+002
  2.1050e+002
  8.7306e+001
  5.8256e+001
  5.6252e+001
  1.0571e+002
  2.6156e+002
  2.6618e+002
  1.6042e+002
  5.8423e+001
  4.7428e+001
  5.1418e+001
  2.5383e+002
  1.1715e+002
  1.3206e+001
  5.1813e+001
  8.6974e+001
  8.7889e+001
  3.3428e+001
  5.7558e+001
  8.6468e+001
  9.3025e+001
  1.1087e+002
  6.1594e+001
  8.9968e+001
  1.7182e+002
  2.4398e+002
  3.2069e+002
  8.6507e+001
  1.0437e+002
  4.1575e+001
  6.6626e+001
  5.7616e+001
  5.6436e+001
  2.6554e+002
  1.0081e+002
  3.3947e+001
  7.8178e+001
  2.9488e+001
  5.4561e+001
  2.2295e+001
  1.0133e+002
  4.1885e+001
  1.0124e+002
  9.5444e+001
  1.7237e+002
  7.6713e+001
  1.3157e+002
  1.6124e+002
  7.9784e+001
  6.9236e+001
  6.4222e+001
  1.0011e+002
  3.5117e+002
  1.5415e+002
  1.7561e+001
  2.1363e+002
  2.7040e+001
  1.4283e+002
  1.6849e+002
  2.3993e+002
  1.5541e+002
  2.1027e+002
  1.8553e+001
  7.4065e+001
  1.8143e+001
  4.5517e+001
  6.5470e+001
  1.5174e+002
  8.3296e+001
  1.2459e+002
  1.3778e+002
  5.2559e+001
  1.9132e+002
  5.4278e+001
  8.2755e+001
  1.3770e+002
  4.2628e+001
  1.2677e+002
  1.9667e+002
  6.3852e+001
  9.7249e+000
  3.8081e+001
  1.0988e+002
  3.8505e+001
  6.7704e+001
  4.1510e+001
  1.8869e+002
  3.8381e+001
  1.6670e+002
  1.6257e+002
  1.4408e+002
  1.0479e+002
  6.0102e+001
  1.2565e+002
  6.5863e+001
  3.2062e+001
  8.2209e+001
  8.3977e+001
  4.6383e+001
  1.2300e+002
  2.4235e+002
  6.3959e+001
  7.4823e+001
  2.7322e+001
  5.2032e+001
  1.9541e+002
  2.2963e+001
  2.8943e+001
  5.0459e+001
  2.5587e+001
  1.5377e+002
  4.1791e+001
  1.0861e+002
  3.2165e+001
  9.0854e+001
  7.8023e+001
  1.0433e+002
  1.2341e+002
  6.9187e+001
  6.6756e+001
  1.4530e+002
  3.3129e+002
  7.9991e+001
  5.8948e+001
  4.5883e+001
  6.9400e+001
  2.9023e+001
  1.4266e+002
  4.0893e+001
  3.2381e+001
  1.9639e+002
  6.1861e+001
  3.7949e+001
  4.1578e+001
  1.6743e+002
  1.4333e+002
  1.2247e+002
  5.0241e+001
  6.5135e+001
  9.6357e+001
  9.7805e+001
  4.7130e+001
  1.2237e+002
  3.0353e+001
  1.0966e+002
  3.3214e+001
  2.8048e+001
  3.8609e+001
  1.2804e+002
  1.3813e+002
  2.3009e+002
  1.1845e+002
  1.3214e+002
  2.6866e+001
  8.2452e+001
  8.8633e+001
  4.3772e+001
  9.5495e+001
  2.9142e+001
  6.0101e+001
  6.0860e+001
  2.0312e+001
  1.4176e+002
  1.0500e+002
  3.2806e+001
  3.1730e+001
  1.8047e+001
  1.3549e+002
  2.0327e+001
  1.4395e+001
  3.6094e+001
  3.3997e+002
  4.9346e+001
  7.2373e+001
  7.5691e+001
  8.6367e+001
  9.6429e+001
  1.4214e+002
  9.1134e+001
  9.4439e+001
  2.5434e+002
  5.5578e+001
  5.5391e+001
  1.2410e+002
  1.9333e+002
  1.0375e+002
  4.8249e+001
  5.2866e+001
  2.4933e+001
  1.3787e+002
  3.9632e+001
  6.8479e+001
  3.4744e+001
  1.2271e+002
  6.9944e+001
  3.6432e+001
  1.2696e+001
  3.4454e+001
  1.5595e+002
  1.8817e+001
  3.5819e+001
  1.7698e+002
  6.1579e+001
  2.3961e+002
  2.4877e+002
  7.3075e+001
  7.3193e+001
  3.1894e+002
  2.4819e+001
  6.3248e+001
  1.3457e+002
  8.4130e+001
  9.2094e+001
  9.1959e+001
  2.0723e+002
  5.0190e+001
  6.2438e+001
  5.1050e+001
  7.8378e+001
  1.6738e+001
  8.1154e+001
  1.4770e+002
  1.9363e+002
  9.4524e+001
  7.8240e+001
  3.0596e+001
  4.0574e+001
  5.9916e+001
  2.5259e+002
  4.9331e+001
  1.0469e+002
  7.2484e+001
  8.5668e+001
  1.8627e+001
  1.0766e+002
  1.6341e+002
  1.8540e+001
  5.8143e+001
  4.0140e+001
  1.1327e+002
  2.4082e+001
  7.8015e+001
  1.0105e+002
  5.0452e+001
  6.6261e+001
  7.6866e+001
  5.4194e+001
  7.5500e+001
  1.5004e+001
  4.4611e+001
  5.7517e+001
  7.2995e+001
  8.2729e+001
  3.5766e+001
  7.9608e+001
  1.0817e+002
  1.1958e+002
  1.3698e+002
  5.4732e+001
  1.3683e+002
  1.0019e+002
  5.0012e+001
  1.2613e+002
  2.7072e+002
  9.2204e+001
  4.0744e+001
  7.6726e+001
  3.4698e+001
  1.1167e+002
  8.1171e+001
  3.4311e+001
  7.6667e+001
  1.6898e+002
  1.6763e+002
  1.0972e+002
  4.3461e+001
  2.8584e+001
  4.9128e+001
  1.8959e+002
  1.4831e+001
  5.1251e+001
  9.7707e+001
  4.6955e+001
  2.3558e+001
  1.4296e+002
  8.9161e+001
  7.4866e+001
  5.0613e+001
  6.3192e+001
  2.5879e+002
  2.8567e+001
  8.5074e+001
  5.8820e+001
  3.3726e+001
  7.6049e+001
  7.1858e+001
  1.8932e+002
  1.3505e+002
  8.7782e+001
  1.0935e+002
  3.1342e+001
  1.2361e+002
  9.1549e+001
  6.2584e+001
  6.6861e+001
  1.3977e+001
  7.0413e+001
  1.2067e+002
  7.8670e+001
  2.4827e+002
  1.3547e+002
  1.0377e+002
  3.8627e+001
  1.3043e+002
  1.0158e+002
  8.4722e+001
  8.1636e+001
  1.2355e+002
  3.7163e+001
  1.6301e+002
  4.3507e+001
  1.3122e+002
  5.9924e+001
  3.0647e+002
  7.4084e+001
  7.8695e+001
  2.4459e+001
  9.0190e+001
  1.1628e+002
  2.8552e+002
  5.5107e+001
  2.7862e+001
  1.2844e+002
  2.9751e+001
  3.8099e+001
  8.7465e+001
  1.0276e+002
  1.6267e+001
  3.8247e+001
  2.7563e+001
  4.2568e+001
  1.4926e+002
  3.4360e+001
  1.0127e+002
  2.8528e+001
  4.5925e+001
  3.3923e+001
  6.4924e+001
  9.2437e+001
  3.8239e+001
  4.3832e+001
  6.4960e+001
  9.5684e+001
  1.6421e+002
  9.0309e+001
  9.8871e+001
  1.3119e+002
  2.1087e+002
  9.6785e+001
  1.5897e+002
  1.5314e+002
  3.5022e+001
  9.6934e+001
  4.5696e+001
  8.6551e+001
  3.7551e+001
  8.4145e+001
  3.4326e+002
  3.7371e+001
  1.3310e+002
  2.4616e+001
  7.9552e+001
  4.7872e+001
  5.0240e+001
  4.6804e+001
  1.0753e+002
  4.1863e+001
  1.3418e+002
  7.3266e+001
  7.7830e+001
  1.1426e+002
  5.1730e+001
  5.2247e+001
  4.0181e+001
  6.9023e+001
  3.1779e+002
  3.3860e+001
  8.2891e+001
  1.1344e+002
  1.4163e+002
  3.7476e+001
  7.0741e+001
  7.7102e+001
  1.7208e+002
  4.9039e+001
  2.5104e+001
  7.0404e+001
  6.5869e+001
  7.6815e+001
  1.3696e+002
  7.1359e+001
  1.8046e+002
  4.1040e+001
  7.2387e+001
  2.1924e+002
  9.6108e+001
  1.9969e+002
  1.3504e+002
  7.3137e+001
  8.7626e+001
  4.8624e+001
  8.3958e+001
  1.0694e+002
  1.6512e+002
  1.1308e+002
  5.2861e+001
  1.0104e+002
  7.8226e+001
  2.3360e+002
  1.8362e+002
  1.1807e+002
  1.8731e+001
  1.4256e+002
  5.0405e+001
  6.7403e+001
  1.3886e+001
  1.8234e+002
  1.7433e+002
  4.8312e+001
  6.2127e+001
  1.4736e+002
  2.8742e+002
  1.7103e+002
  6.5473e+001
  6.2337e+001
  3.5636e+001
  8.8568e+000
  4.3541e+001
  9.4487e+001
  1.6387e+002
  2.7917e+002
  1.4678e+002
  1.0064e+002
  2.0098e+002
  5.0944e+001
  8.1093e+001
  1.0202e+002
  1.7882e+001
  3.9639e+001
  2.1653e+002
  2.8673e+001
  3.7867e+001
  1.0598e+002
  7.4339e+001
  9.0061e+001
  4.0959e+001
  8.4831e+001
  2.4929e+001
  1.0522e+002
  1.1124e+002
  8.5003e+001
  2.3436e+002
  1.9356e+002
  6.2079e+001
  5.5414e+001
  1.4521e+001
  1.1240e+002
  2.2232e+001
  4.3845e+001
  1.0843e+002
  1.0020e+002
  8.5345e+001
  5.0256e+001
  1.7013e+002
  8.3546e+001
  1.9976e+002
  4.8609e+001
  1.2714e+002
  6.8588e+001
  1.4798e+002
  7.9584e+001
  5.5139e+001
  1.2537e+002
  6.9842e+001
  5.0429e+001
  5.0006e+001
  2.2037e+002
  8.9654e+001
  1.0119e+002
  1.9539e+002
  1.0860e+002
  3.1173e+002
  4.4587e+001
  1.5598e+001
  1.1659e+002
  8.7647e+001
  7.6722e+001
  2.4588e+001
  5.1012e+001
  7.8028e+001
  1.3742e+001
  5.5581e+001
  1.0001e+002
  5.2244e+001
  1.9202e+001
  3.0758e+002
  3.2880e+001
  1.2894e+002
  8.7631e+001
  5.2393e+001
  2.3704e+001
  2.8407e+001
  1.0470e+002
  1.6933e+002
  1.0395e+002
  2.6299e+002
  4.9630e+001
  9.2844e+001
  1.1527e+002
  8.4878e+001
  8.2791e+001
  8.3049e+001
  1.1859e+002
  1.6692e+002
  7.8922e+001
  6.6077e+001
  4.5224e+001
  3.4306e+001
  3.5067e+001
  1.2743e+002
  6.0508e+001
  1.3416e+002
  2.3486e+001
  6.0720e+001
  8.9675e+001
  1.2618e+002
  6.1941e+001
  4.4728e+001
  1.0554e+002
  1.3703e+002
  1.6885e+001
  1.0075e+002
  2.3787e+002
  2.2296e+001
  1.0955e+002
  8.3874e+001
  3.2836e+001
  1.9560e+002
  2.9052e+002
  4.1556e+002
  2.5763e+001
  9.4137e+001
  3.0346e+001
  9.2395e+001
  1.3151e+002
  4.4215e+001
  7.6925e+001
  1.1671e+002
  1.4508e+002
  8.7001e+001
  4.2297e+001
  5.9340e+001
  7.3485e+001

