    0.2129
    0.4325
    0.2933
    0.8239
    1.7011
    2.2856
    0.2343
    0.4564
    0.1997
    0.5959
    0.2595
    0.2029
    0.3231
    0.5092
    0.5369
    0.4077
    0.0553
    0.4384
    1.1777
    2.3104
    0.3003
    3.4835
    1.8210
    0.2716
    1.1130
    0.0891
    0.3022
    2.0492
    0.0740
    0.7931
    0.0077
    0.1460
    0.6476
    0.3494
    0.3595
    0.1624
    0.7018
    0.6943
    0.2055
    0.6992
    0.4495
    0.1254
    1.9709
    0.1804
    0.5200
    0.1415
    0.4931
    0.1163
    0.1565
    0.0784
    0.3857
    3.6023
    0.5058
    0.4653
    0.7215
    1.3678
    0.1207
    2.3011
    0.9362
    0.5222
    0.5372
    0.6306
    1.8990
    0.7216
    0.3536
    0.7584
    0.8249
    0.4656
    0.8261
    3.9473
    1.0009
    0.5481
    1.9385
    0.0036
    0.9230
    0.3315
    1.0223
    0.3775
    0.6190
    0.3608
    1.0973
    0.9232
    0.1514
    0.3475
    0.0850
    1.1912
    1.6428
    0.8734
    0.0429
    0.2338
    0.8838
    0.0833
    0.3348
    1.9233
    0.1597
    0.5382
    0.3588
    0.0061
    0.4418
   12.5541
    4.9415
    1.3056
    0.3445
    1.5407
    0.9294
    0.0363
    0.9360
    1.5784
    0.5019
    4.3102
    2.7770
    0.0784
    2.8384
    1.2588
    0.4881
    0.1383
    2.0821
    1.8198
    2.8662
    0.2430
    0.0267
    0.0736
    1.1961
    0.1264
    0.5820
    1.6840
    0.3928
    1.4544
    0.0424
    1.8798
    0.0271
    0.5922
    0.2994
    0.3479
    0.0469
    2.3125
    0.0067
    0.1797
    0.0579
    1.0293
    2.4210
    0.5342
    0.3068
    1.5738
    3.3678
    1.0153
    0.1878
    0.1570
    0.5401
    0.1471
    0.2488
    1.6084
    1.0658
    1.4394
    3.1493
    1.0147
    0.0850
    4.1346
    0.1118
    0.0087
    0.9346
    0.3251
    0.2953
    1.5225
    2.3216
    0.1081
    0.1919
    0.1467
    1.2017
    0.2542
    2.5420
    1.2350
    1.6280
    1.5010
    0.4948
    1.5885
    2.1175
    0.1380
    1.4794
    1.4073
    0.4081
    0.0055
    0.2545
    1.8425
    0.6482
    0.0854
    0.8934
    0.1759
    0.9954
    0.7549
    2.0580
    1.8150
    3.3508
    0.0293
    1.6839
    2.4823
    1.1891
    0.3045
    2.0453
    0.8138
    0.9493
    0.4002
    0.0042
    0.4966
    0.0080
    0.0425
    1.0119
    0.8604
    0.3454
    0.6930
    0.4772
    0.0149
    0.1075
    0.2638
    1.2779
    0.6276
    0.1876
    0.8577
    0.1628
    0.1608
    2.4337
    3.6937
    0.3063
    0.2878
    0.0619
    0.3876
    0.7340
    0.3966
    1.6081
    0.5497
    0.7449
    0.0214
    0.1577
    0.8853
    0.0587
    3.0379
    0.8355
    0.9313
    0.7770
    0.7959
    0.3849
    0.0180
    0.1372
    0.8561
    0.8719
    2.2046
    0.0452
    0.7655
    0.7302
    1.2622
    4.5684
    4.0432
    0.0287
    0.1824
    0.9012
    0.9778
    0.5513
    0.2503
    0.3265
    0.7886
    0.0266
    1.1514
    1.3214
    0.3550
    0.3645
    0.2798
    0.2500
    0.0490
    2.4146
    0.0378
    0.5596
    0.5653
    0.5657
    0.7304
    0.6002
    0.7976
    1.5892
    0.1237
    1.5715
    0.0736
    0.0135
    0.0826
    0.5124
    0.5230
    1.0344
    2.6904
    0.7179
    2.7941
    0.7508
    2.5606
    0.9610
    3.1924
    0.3762
    0.8267
    0.1212
    0.5213
    1.8017
    1.6031
    3.2701
    0.2593
    0.5610
    2.5567
    0.1170
    0.9472
    2.2643
    0.5175
    0.5911
    0.9091
    0.4420
    0.1085
    2.7170
    0.5648
    0.1215
    0.0468
    0.6300
    3.2694
    1.4823
    0.6168
    0.0933
    2.4053
    0.0926
    4.3274
    4.2631
    0.6638
    0.0068
    0.6521
    1.1159
    1.0329
    0.5915
    0.4512
    0.1852
    0.2716
    0.9971
    0.1205
    1.7153
    0.2216
    2.3310
    0.9132
    6.7363
    0.3142
    0.2796
    0.7218
    0.7123
    0.0867
    0.6741
    0.2105
    4.0363
    0.1050
    2.2336
    1.0130
    0.5623
    0.1366
    0.4663
    2.3533
    1.0291
    0.2867
    0.6603
    0.0631
    2.5204
    0.8303
    0.2530
    0.7742
    3.2583
    1.3964
    0.3239
    0.4189
    0.2224
    1.0607
    0.0493
    0.1413
    0.2462
    0.0248
    0.5771
    0.6446
    0.2565
    0.0728
    0.7475
    1.7112
    0.8528
    0.1174
    3.2810
    0.6151
    0.0873
    1.5043
    1.9212
    1.6256
    3.4045
    0.4433
    0.5186
    0.3432
    0.1016
    0.0504
    1.0198
    1.5127
    1.7315
    0.3359
    0.2865
    2.0288
    0.0252
    0.2146
    0.1213
    0.8404
    0.0130
    1.1281
    1.3764
    1.6647
    2.2385
    0.2356
    0.0463
    0.6423
    0.1214
    1.6482
    0.1677
    1.7464
    0.3613
    0.4331
    0.9994
    0.8775
    0.0796
    0.1890
    0.6118
    1.6920
    0.0243
    0.3629
    1.6105
    0.3835
    0.3372
    0.1015
    0.2802
    0.0923
    0.1809
    2.5825
    0.8247
    0.3920
    0.2758
    0.1451
    0.2721
    0.9825
    4.9130
    2.6962
    1.1134
    0.1851
    2.0304
    0.2274
    1.2811
    0.0376
    0.3833
    0.2140
    1.2055
    5.4726
    0.1689
    0.6630
    0.6916
    1.3509
    0.2271
    0.7630
    0.0841
    0.5242
    2.7189
    0.9683
    0.0219
    5.1067
    0.0011
    0.1299
    1.4985
    1.1991
    1.2775
    5.4815
    0.3421
    2.1339
    0.4938
    2.8978
    2.2338
    0.1621
    0.3612
    0.5710
    0.5368
    0.3730
    1.8880
    0.3745
    0.1543
    0.5629
    0.0221
    0.3673
    0.2873
    0.2064
    4.3980
    0.0693
    0.7939
    0.8970
    1.8975
    2.0191
    2.5464
    0.8084
    1.9509
    0.3575
    0.9478
    1.1334
    0.7971
    1.6030
    0.4394
    0.6999
    6.8442
    4.7545
    1.5351
    2.5880
    1.5221
    1.3172
    0.0762
    0.1468
    0.1183
    0.3275
    0.0886
    0.6375
    0.6588
    0.0885
    0.3161
    3.2557
    0.4690
    0.3661
    2.8410
    3.5974
    0.5135
    0.6890
    0.1716
    0.4459
    0.4392
    2.1774
    2.8831
    3.2816
    0.0608
    0.1238
    1.6439
    0.4652
    0.2061
    0.1613
    2.1679
    0.2782
    0.3741
    0.5712
    0.7847
    0.3117
    1.9155
    0.1683
    0.2209
    2.9054
    4.7909
    0.8424
    1.2797
    3.7600
    0.7967
    0.2647
    0.1671
    0.2356
    1.3128
    1.4577
    0.7209
    0.0204
    1.3006
    0.8408
    0.3907
    0.7914
    0.2755
    0.3476
    0.1516
    0.5468
    0.7730
    1.0861
    1.6753
    1.9306
    0.5084
    0.6553
    1.1236
    0.7448
    0.8002
    2.5193
    1.2750
    0.6404
    0.3607
    1.1013
    0.1870
    0.0348
    1.1456
    0.1634
    0.5184
    0.2056
    2.5236
    0.9070
    3.0149
    0.3347
    0.2828
    0.0654
    1.9680
    0.1740
    7.8126
    4.4980
    0.4015
    0.2272
    0.4459
    0.4070
    0.5949
    0.6487
    1.3863
    0.0210
    1.5791
    0.4104
    0.8397
    1.7431
    0.0469
    0.7013
    0.1390
    1.0771
    1.2741
    0.8801
    0.1180
    0.0233
    0.5754
    0.2893
    0.5672
    0.4556
    3.7737
    0.1072
    0.9031
    9.0680
    0.7590
    1.2335
    0.1658
    1.3377
    0.9046
    1.7758
    0.1446
    3.2445
    1.9117
    0.0335
    0.9370
    4.5273
    0.8880
    0.2945
    1.2206
    0.7077
    0.4314
    0.1385
    0.1314
    0.1438
    0.9164
    2.8612
    0.3536
    0.1558
    0.2602
    0.1338
    1.1130
    0.5494
    1.0456
    2.6198
    0.1932
    0.6966
    1.2278
    5.2921
    0.2283
    0.2249
    1.1924
    0.8452
    0.7472
    1.9387
    7.7184
    0.8227
    0.5805
    2.5248
    0.7275
    0.9512
    2.7574
    0.0225
    0.2635
    1.2234
    0.0217
    0.1131
    1.1014
    1.4065
    3.1450
    0.9532
    0.2114
    0.1286
    1.5890
    0.1201
    2.3049
    1.8549
    0.1646
    0.4361
    0.2044
    0.1110
    0.5644
    0.5257
    2.0418
    0.3119
    1.7858
    1.2911
    4.6958
    0.6893
    0.9067
    0.1644
    1.9446
    0.7132
    0.1661
    0.5212
    1.5873
    2.6975
    0.6126
    0.3311
    0.2495
    0.1822
    1.5319
    0.5835
    0.7541
    0.6105
    0.3427
    0.5117
    0.1336
    5.3283
    0.1784
    0.2284
    1.1759
    0.9903
    0.4850
    1.1294
    0.5077
    1.1567
    2.0419
    3.1924
    4.3695
    0.0597
    1.2656
    0.1418
    1.2163
    0.0464
    0.7157
    0.7831
    0.0770
    0.0918
    0.4217
    0.8240
    0.2391
    1.4624
    0.5128
    0.4129
    0.2942
    0.4603
    0.4644
    0.2291
    0.2258
    1.9121
    0.2991
    1.3832
    0.1714
    1.9693
    1.8859
    0.0501
    1.4138
    0.8498
    3.9957
    1.2580
    0.4062
    0.8612
    0.3723
    1.7480
    4.0021
    0.2413
    2.0845
    0.0306
    2.0285
    1.7951
    1.2118
    2.0507
    0.9546
    0.9030
    0.1998
    0.1192
    3.3730
    1.8608
    0.2500
    0.2338
    0.2421
    1.7188
    0.0810
    0.4554
    3.4608
    0.3213
    0.1272
    0.3407
    2.2953
    0.4500
    0.3619
    0.3437
    0.0428
    0.7217
    0.7971
    0.3694
    0.0875
    1.0697
    0.1827
    0.6175
    0.3056
    0.2402
    0.1253
    2.0566
    0.0829
    0.4959
    0.1969
    1.2190
    0.2805
    0.2669
    0.3929
    0.2990
    0.1336
    1.2446
    1.9733
    3.0094
    0.1324
    0.2983
    0.6360
    2.9313
    0.7207
    0.6113
    0.2132
    0.1737
    0.1569
    0.0355
    3.2191
    0.4309
    0.4702
    1.8039
    0.3911
    1.0434
    0.5384
    6.7986
    0.6995
    0.6010
    0.6480
    2.3159
    0.2923
    0.6981
    0.2415
    1.4765
    0.7701
    2.5229
    0.6746
    1.2776
    0.6558
    0.1164
    0.3802
    0.7283
    1.5893
    0.0089
    2.5810
    0.3898
    2.1225
    2.8277
    0.5412
    0.0682
    0.1062
    4.9871
    1.0241
    0.0323
    0.1215
    3.5091
    1.4010
    0.6922
    0.8266
    1.5536
    0.5903
    0.5628
    0.8108
    0.4233
    0.4342
    0.0807
    0.5827
    4.7136
    0.1974
    0.1501
    0.1266
    0.1246
    0.8447
    0.7361
    0.1407
    0.8246
    2.8055
    1.7487
    2.3793
    0.3869
    0.3390
    0.2964
    1.2044
    0.1915
    0.0702
    0.4394
    0.1529
    0.1006
    1.7738
    0.1731
    1.5435
    0.5748
    0.1846
    0.1726
    0.6713
    1.2218
    0.5013
    0.2408
    0.3247
    3.4690
    0.8676
    0.5150
    0.6523
    0.0185
    1.6097
    0.4752
    0.2324
    0.3158
    1.6198
    0.9195
    0.0318
    1.2971
    0.5478
    0.4656
    0.3621
    1.5620
    0.4083
    2.4075
    0.2329
    0.7595
    2.2321
    0.1931
    1.1540
    0.7283
    0.0525
    2.0659
    0.6372
    1.0134
    0.2136
    1.9188
    0.3739
    1.6396
    0.1384
    0.0074
    3.7731
    0.7335
    0.1501
    0.6492
    0.8704
    1.7436
    0.1399
    1.4261
    0.3054
    0.0398
    2.7416
    0.0703
    0.1735
    0.0486
    0.0518
    0.8399
    0.4644
    1.9662
    0.4862
    0.0775
    2.4942
    0.0796
    2.4251
    2.7122
    0.9897
    2.5981
    0.6933
    0.8199
    0.0293
    0.4086
    1.1915
    0.7329
    2.3283
    0.0888
    0.0994
    0.9197
    0.4378
    1.3041
    0.5570
    0.1852
    0.9425
    0.2435
    0.8562
    1.7429
    0.6146
    1.0143
    0.2489
    0.0492
    0.0494
    2.2429
    1.1270
    0.9019
    2.9486
    0.2131
    0.0924
    1.9312
    0.9540
    0.5076

