    0.1171
    0.1572
    0.6610
    0.2875
    0.0173
    0.7761
    2.1831
    0.2916
    0.5590
    0.2280
    0.0977
    0.1167
    0.7310
    1.5224
    1.3748
    1.0135
    0.1380
    0.5221
    3.4990
    0.1591
    2.5175
    0.1068
    0.0609
    0.0185
    0.0696
    3.3592
    0.6314
    0.3416
    2.2854
    0.2630
    0.0938
    0.9397
    0.2351
    6.6383
    1.2174
    1.5000
    0.4708
    1.6208
    4.2648
    0.0482
    0.0190
    0.1962
    0.0192
    0.0016
    0.0640
    0.5327
    0.0089
    1.0044
    0.0536
    0.1351
    0.8654
    1.8164
    0.7304
    2.5088
    0.4237
    0.1132
    2.7991
    0.5257
    0.2902
    2.2572
    0.0349
    0.8195
    1.0520
    0.1425
    0.7221
    0.6668
    0.2068
    0.6999
    0.3465
    0.4804
    0.1013
    1.2377
    0.1807
    2.9085
    0.2971
    0.3621
    1.8352
    2.7071
    0.7600
    0.2021
    0.6174
    0.0177
    0.0757
    1.4697
    0.1788
    0.7918
    0.4807
    1.0589
    1.5936
    1.0384
    0.0418
    1.6547
    0.1121
    0.0902
    0.0385
    1.2653
    5.2146
    0.0267
    0.6456
    0.4866
    0.1503
    0.2654
    0.1398
    0.2955
    0.0647
    1.8435
    1.6649
    4.0646
    0.1199
    0.1971
    0.0422
    0.6806
    1.0175
    0.1458
    2.2564
    0.0998
    0.2419
    0.2165
    4.9440
    1.1424
    0.4069
    0.8904
    0.0737
    2.3175
    0.0155
    0.7529
    1.2175
    0.3081
    0.6051
    1.9558
    0.6870
    0.0730
    2.0787
    0.4027
    0.0351
    1.0977
    1.0652
    0.0571
    0.9089
    0.1108
    0.5746
    0.2018
    0.0325
    1.3709
    2.4455
    0.8075
    0.0510
    0.1627
    0.4868
    0.9503
    2.2252
    0.1682
    0.8245
    2.1692
    0.1523
    3.9780
    0.1874
    1.6927
    0.6479
    0.4885
    0.3060
    2.2713
    0.4210
    3.3651
    0.6646
    1.5894
    1.1697
    0.0470
    3.8694
    1.1936
    3.0367
    0.7519
    0.4307
    2.5436
    2.2729
    1.5797
    0.3519
    0.2734
    0.2386
    0.1099
    3.4665
    0.2480
    7.2582
    0.0972
    0.6199
    0.3781
    0.3300
    4.2719
    0.0909
    8.5450
    0.0880
    2.5253
    0.1649
    0.8729
    2.4397
    1.0233
    0.1582
    0.0405
    0.2660
    3.8315
    0.5875
    1.7924
    1.3618
    0.1393
    0.2739
    1.8679
    1.9853
    1.5575
    0.2663
    0.2605
    1.2816
    0.5114
    0.2328
    0.5688
    0.0129
    0.2148
    0.1213
    0.5184
    1.2605
    1.2532
    0.1570
    0.2062
    0.0505
    0.5511
    0.4881
    0.2439
    0.2319
    5.0144
    6.2889
    0.2381
    0.0407
    0.8289
    1.0133
    1.3815
    0.6398
    1.1535
    2.6533
    0.4083
    2.9579
    1.2097
    2.1721
    0.4869
    0.2339
    0.6150
    4.8400
    0.2985
    1.8723
    0.2653
    0.2063
    1.5104
    3.9878
    0.0285
    1.5178
    0.8869
    0.0270
    0.4797
    0.7640
    0.0908
    0.2607
    1.3375
    0.3543
    0.0715
    0.3861
    1.6534
    0.8756
    0.9693
    0.5384
    0.3531
    0.4343
    0.1805
    0.2220
    0.2238
    1.3616
    1.0039
    0.5018
    0.3931
    0.4605
    0.3298
    0.4501
    1.1992
    0.5987
    0.7410
    0.3857
    0.6484
    0.4121
    4.5153
    0.5125
    1.0337
    0.0713
    0.4194
    0.5906
    0.7442
    4.1745
    2.8130
    0.2479
    0.9473
    1.5542
    0.2462
    3.8304
    0.1222
    0.1613
    0.8803
    3.9236
    0.0552
    1.2760
    3.8796
    0.6439
    0.4148
    0.3411
    0.5329
    0.0876
    1.1467
    0.9680
    0.6421
    0.4195
    0.7661
    0.4483
    1.0433
    4.4856
    0.5977
    1.2204
    1.6152
    0.4385
    0.1303
    0.6092
    1.2625
    0.2376
    0.1867
    0.0427
    0.1831
    5.8798
    0.1235
    1.1468
    0.0163
    0.0983
    0.1436
    0.7792
    1.4355
    0.0027
    0.5327
    0.3588
    7.1540
   10.0602
    0.1606
    0.4636
    0.1292
    0.9012
    0.8781
    0.7964
    0.2606
    0.0034
    3.5908
    0.2550
    1.2014
    1.3623
    0.5703
    0.9399
    0.8044
    4.7832
    0.9164
    4.4592
    2.4766
    3.8157
    0.2092
    3.4536
    0.3682
    1.0951
    0.3875
    0.0193
    0.6814
    0.8876
    0.2787
    0.1263
    0.8894
    1.7032
    0.7570
    0.0766
    0.0486
    0.4840
    4.4724
    4.3539
    2.3186
    0.1954
    0.2710
    0.3722
    0.0086
    0.2912
    0.7986
    1.4010
    0.1097
    0.0829
    0.1260
    1.5929
    0.2553
    0.3715
    0.0188
    0.7432
    0.1268
    0.1899
    0.0177
    0.5985
    4.2223
    2.4725
    0.2327
    0.0863
    0.1325
    0.7231
    2.0620
    0.3751
    0.8604
    2.0776
    0.0697
    1.2158
    0.6371
    2.8883
    0.3161
    0.7498
    0.3681
    0.4876
    1.5371
    1.3544
    0.6239
    0.4330
    6.3397
    0.5250
    1.5591
    0.6660
    0.7313
    3.1878
    0.5143
    0.4318
    0.2681
    0.7610
    1.5193
    0.2265
    0.7093
    0.6540
    0.5623
    0.4781
    1.2282
    0.1010
    1.5279
    0.7098
    2.5287
    0.0369
    0.8514
    0.6925
    1.3894
    0.5876
    1.1177
    0.1508
    0.1720
    2.0599
    1.3426
    0.1265
    0.1491
    0.5766
    0.4936
    0.4005
    0.8175
    0.1316
    0.1581
    0.1924
    0.6820
    0.2248
    0.1390
    1.1076
    3.6084
    0.1881
    0.0658
    0.4794
    0.7385
    0.3889
    1.4583
    0.8851
    0.0037
    2.1804
    2.1317
    0.2259
    0.1767
    0.4429
    0.2186
    1.5530
    0.4236
    0.8884
    0.0258
    0.6729
    0.6050
    3.2308
    0.0223
    1.2603
    0.7225
    3.3481
    0.1708
    0.0182
    0.3424
    0.0033
    0.4210
    0.3058
    2.4465
    0.2256
    3.0927
    0.9289
    1.2577
    0.7527
    1.2581
    0.4993
    0.9279
    1.9314
    1.4278
    9.6324
    0.5920
    0.0652
    1.1463
    0.2071
    0.7252
    0.2601
    0.0933
    0.0449
    3.6196
    1.1338
    1.8495
    3.0131
    0.4424
    3.9015
    0.2759
    0.4257
    0.5562
    0.9056
    0.0807
    0.6777
    0.7202
    0.8631
    0.4849
    0.6974
    0.3306
    0.2137
    0.3064
    5.0249
    1.0417
    0.4759
    0.3815
    0.9787
    0.4948
    1.6580
    3.5842
    0.2787
    0.5696
    0.0119
    2.1992
    2.3341
    0.6442
    0.7031
    1.7074
    0.2643
    0.0814
    0.6206
    1.2883
    0.2217
    0.4881
    0.6282
    1.0161
    0.6594
    2.0975
    0.1038
    1.9435
    0.2021
    0.2430
    0.2586
    0.0014
    0.4787
    0.2764
    4.6915
    0.7770
    0.1366
    0.5121
    0.2049
    0.0602
    1.7571
    1.4873
    0.1677
    0.1331
    0.1750
    1.5606
    2.9932
    2.1445
    0.1391
    0.0881
    0.8452
    0.1853
    0.9114
    0.2762
    0.7079
    2.3036
    4.0921
    0.0760
    2.0105
    3.9009
    0.1330
    2.6443
    1.3525
    0.4232
    0.0458
    0.0820
    0.2946
    1.6802
    1.1647
    0.8047
    2.4907
    0.3104
    0.3561
    1.3179
    0.4442
    2.4701
    0.4242
    0.8399
    0.1685
    0.6004
    0.0314
    0.1228
    0.3297
    1.6188
    0.4271
    0.0576
    0.0921
    0.3359
    0.2653
    0.4111
    0.6532
    1.1053
    0.1695
    0.5254
    2.0899
    0.0146
    1.9700
    1.1226
    1.3670
    5.2632
    0.0016
    1.2471
    0.0213
    0.9414
    0.7600
    0.2035
    1.0959
    1.1910
    2.5076
    0.1436
    2.8874
    0.2598
    1.1630
    0.0307
    4.0822
    0.0607
    0.9113
    1.7899
    0.0735
    2.6307
    0.3145
    0.0713
    0.4280
    4.8170
    0.8579
    4.5683
    0.7042
    0.4550
    0.8510
    0.2052
    0.3968
    0.4567
    0.3328
    0.6262
    0.4963
    1.0780
    0.1062
    0.4851
    3.4637
    0.0221
    2.4040
    0.6033
    0.5071
    0.1102
    1.5508
    0.4854
    0.8423
    0.0919
    0.4343
    0.6704
    0.3793
    0.3915
    0.2012
    0.0340
    0.4618
    0.0100
    0.0368
    1.1557
    0.2142
    0.3016
    0.2629
    2.5458
    0.5707
    0.2303
    0.7813
    0.4236
    1.3252
    0.0741
    1.2971
    0.2510
    0.1067
    0.2805
    0.0646
    1.6627
    1.0930
    0.1764
    0.3273
    1.1521
    0.3165
    0.3348
    1.0087
    0.0576
    0.1990
    0.3809
    1.9113
    0.3325
    0.0388
    0.5086
    0.2997
    0.7681
    0.2422
    0.0174
    0.1058
    0.1753
    0.4946
    0.4322
    1.7764
    1.4408
    0.2017
    0.7451
    0.8998
    0.1702
    1.4500
    0.5495
    1.4657
    0.7763
    0.4004
    0.3025
    5.2167
    0.3475
    0.7649
    5.8615
    4.9389
    0.1223
    0.9223
    2.6443
    0.0282
    0.3222
    3.4567
    0.5033
    0.2759
    4.0515
    0.4264
    0.3638
    0.3148
    2.7938
    0.3514
    0.1484
    0.1519
    0.9268
    0.4361
    6.1573
    0.3982
    5.4013
    0.2619
    0.0245
    2.6382
    0.1320
    0.2172
    0.5216
    1.4935
    0.0856
    0.3224
    0.0929
    1.2498
    3.2406
    0.9900
    0.4089
    0.3743
    0.4117
    0.0571
    0.2090
    0.6563
    0.1908
    5.5248
    2.1297
    0.0291
    0.1465
    1.0792
    0.7839
    6.8096
    0.8022
    0.3827
    1.6132
    0.0084
    0.4086
    0.2963
    0.1446
    0.0142
    1.3290
    5.4864
    1.0653
    1.2214
    0.0563
    0.2746
    0.0815
    0.5655
    0.7845
    0.8959
    0.2761
    0.0764
    4.7143
    0.3544
    0.5803
    0.2761
    0.6428
    0.7012
    4.9834
    0.7118
    0.1406
    0.0315
    0.3007
    0.1398
    0.0383
    0.4222
    0.8817
    0.5463
    7.3914
    3.8884
    0.0666
    2.7258
    1.5875
    0.2613
    0.0210
    0.9731
    0.1519
    1.6302
    0.4082
    0.0660
    0.9323
    0.8319
    0.4621
    0.8477
    3.3212
    0.0880
    1.0779
    1.9348
    0.2373
    2.2816
    0.5591
    3.4752
    0.0886
    0.3086
    0.4367
    1.0115
    0.6660
    0.1814
    3.2480
    1.1374
    3.2916
    1.1947
    0.2931
    0.0204
    0.7733
    0.3724
    0.0415
    0.6500
    0.0265
    0.9284
    0.2398
    0.0089
    0.2512
    0.1289
    0.3660
    2.0146
    0.1789
    0.0274
    0.0785
    0.3265
    0.0754
    1.0416
    0.0393
    0.2325
    0.2927
    0.0296
    0.0147
    0.2981
    0.9931
    1.6516
    3.6849
    0.1209
    0.0355
    0.9231
    0.5924
    2.2416
    1.6346
    0.7126
    0.1496
    1.1884
    1.4839
    0.0884
    0.0808
    1.3165
    0.0400
    0.5473
    0.0350
    0.9805
    0.5819
    0.4324
    1.0544
    0.1089
    0.1751
    0.0950
    0.2202
    0.5604
    0.0648
    0.0275
    0.9594
    0.0090
    0.3376
    0.6237
    0.7165
    0.5646
    1.0301
    2.1950
    1.0815
    0.0950
    0.4331
    0.2440
    5.9253
    0.0672
    0.1667
    0.0108
    0.1792
    4.7526
    0.2386
    0.4755
    0.7988
    0.4951
    0.4526
    0.1386
    0.0633
    4.3099
    1.8249
    1.9478
    0.7753
    0.3222
    0.2998
    0.7384
    0.3301
    0.2946
    0.3606
    6.3806
    0.2907
    0.3756
    0.3210
    1.0198
    0.2592
    0.5355
    0.5776
    1.8138
    0.7458
    0.0141
    0.0220
    0.2047
    0.4408
    0.1197
    0.1090
    1.4704
    1.9319
    0.5295
    0.2503
    1.3448
    0.1971
    0.0601
    0.4900
    0.7107
    0.2129
    0.2526
    0.6671
    0.2129
    0.3429
    0.1809
    0.6127
    0.1373
    0.8585
    2.5963
    1.1678
    2.4027
    4.8493
    1.3903
    0.0563

