   0.7543
   0.5175
   1.4648
   0.4991
   0.9606
   1.6937
   2.4319
   1.7614
   0.5316
   0.2786
   0.6062
   0.7364
   1.2910
   1.0462
   2.0041
   0.6550
   0.9897
   0.3953
   0.6121
   0.9103
   0.7018
   0.8009
   0.5552
   0.6585
   1.4659
   0.8965
   0.6321
   0.9694
   2.0165
   0.8274
   0.2325
   1.3618
   1.3594
   1.1969
   1.0365
   1.0940
   1.8484
   0.1149
   1.2473
   0.7485
   0.7905
   2.1911
   1.6011
   0.2651
   1.4601
   1.5493
   1.0676
   0.2801
   0.8755
   0.4822
   1.1410
   1.1187
   0.7535
   0.2957
   0.7190
   0.5562
   1.2272
   0.6585
   1.2380
   1.2268
   0.0940
   1.1768
   0.7676
   2.2495
   1.7955
   1.7467
   0.7438
   0.5003
   0.7975
   0.4610
   1.2709
   2.4129
   0.4228
   1.4599
   0.6743
   0.6867
   0.7865
   0.6187
   1.0370
   1.5373
   0.3880
   0.3653
   1.5064
   1.1670
   1.5283
   0.5818
   0.7522
   0.7923
   1.1410
   1.2212
   0.7392
   0.8336
   0.7253
   0.3387
   0.6604
   1.1429
   0.5361
   0.2151
   1.3942
   0.5007
   1.0353
   0.5939
   1.0270
   1.0166
   1.4114
   1.4488
   0.9538
   0.8289
   0.3850
   0.7179
   0.5256
   1.3508
   2.0262
   1.6234
   1.0041
   0.4314
   1.6480
   1.3890
   1.6041
   0.2150
   0.4073
   1.0067
   2.9857
   1.1845
   1.4019
   0.7419
   0.2861
   0.4424
   1.3634
   1.1473
   1.6002
   0.8745
   2.7081
   2.1716
   1.6626
   0.4533
   0.2619
   0.4579
   1.0327
   0.1986
   1.0592
   0.8382
   0.7235
   0.4549
   0.4922
   1.4234
   0.8857
   1.4343
   0.5650
   0.5014
   0.8458
   0.4181
   1.0653
   0.6031
   0.5463
   1.0880
   1.3885
   1.5402
   0.6370
   1.0409
   0.6411
   1.2112
   0.6986
   0.8853
   1.3137
   1.1092
   1.3389
   1.0521
   0.6194
   0.8620
   1.0484
   1.5872
   2.7629
   0.3728
   0.9715
   0.5959
   0.8761
   1.1911
   0.2502
   1.4578
   1.8048
   0.5184
   0.4337
   1.2378
   0.6907
   0.7539
   1.8676
   0.4963
   1.1266
   1.0096
   0.8349
   0.4449
   0.4913
   1.3006
   0.4437
   1.0980
   1.3942
   2.7998
   1.5612
   1.5847
   1.7536
   1.1947
   1.1594
   1.0003
   0.6839
   1.3216
   1.2893
   0.4607
   0.5703
   1.2445
   1.0301
   0.5034
   1.7336
   0.7209
   1.0127
   0.6593
   1.8159
   0.5530
   0.5504
   0.3999
   1.6973
   0.2239
   0.3854
   1.1130
   0.9393
   1.0005
   1.7208
   0.4580
   0.7667
   1.0599
   1.2958
   0.7864
   1.0116
   0.7295
   1.2944
   1.6363
   1.0062
   0.9863
   1.3301
   0.7430
   1.2542
   0.7221
   1.4252
   1.0526
   1.0405
   0.8430
   0.5801
   2.5428
   0.7426
   1.0133
   2.3659
   0.4211
   0.4501
   1.1584
   0.6635
   0.6243
   1.5897
   0.6856
   0.4904
   0.4360
   0.8607
   0.3696
   1.0989
   0.6597
   1.0232
   0.3508
   1.2227
   1.1993
   0.7908
   0.5897
   1.3414
   0.8860
   2.1981
   1.2200
   0.5784
   1.2856
   0.6686
   0.3064
   0.7462
   0.6714
   2.4381
   0.4875
   2.6196
   0.9925
   0.4110
   0.4565
   0.8810
   1.1643
   0.3305
   0.9318
   1.1078
   1.9854
   0.6265
   0.8292
   0.6581
   1.2707
   0.7124
   0.4882
   0.6023
   1.2517
   0.8520
   0.4591
   0.7336
   0.9678
   0.5879
   0.7873
   0.4825
   0.9871
   1.6342
   1.0132
   0.5601
   0.9246
   0.9207
   0.8600
   1.1419
   0.8183
   0.4762
   0.7571
   0.5841
   2.0612
   1.1724
   1.3425
   0.9576
   1.3948
   0.5023
   0.9709
   1.0825
   2.2255
   1.3688
   0.6979
   0.9570
   0.7147
   1.0700
   0.6280
   0.9960
   0.8401
   0.9106
   0.7708
   0.8042
   2.5644
   0.2009
   0.6371
   0.4941
   0.6449
   1.1925
   0.9901
   1.8477
   1.3958
   0.6311
   1.2488
   1.1157
   0.2966
   0.3341
   1.2782
   1.2912
   3.0605
   2.4566
   1.0360
   1.1107
   0.8844
   0.9854
   1.0437
   1.0343
   0.9115
   0.6130
   0.9948
   1.4604
   1.2129
   0.4756
   1.4105
   2.7440
   0.3748
   2.3480
   0.8032
   0.3507
   0.9731
   0.9632
   1.0684
   0.8299
   1.3773
   0.4775
   0.4838
   1.6340
   0.7465
   0.4897
   0.7393
   0.3382
   0.7794
   1.5289
   2.7092
   1.0996
   0.8025
   0.6130
   0.9975
   1.0738
   1.6549
   0.2501
   0.8131
   1.3265
   1.0539
   1.5100
   1.4267
   1.2165
   1.1444
   0.3221
   1.3843
   1.2430
   0.7119
   0.7166
   1.1418
   1.1794
   0.5450
   1.6529
   1.2022
   0.9112
   1.0885
   2.1437
   1.5856
   0.9231
   0.2469
   0.9653
   1.4422
   0.8767
   1.6761
   0.8752
   0.4034
   1.7663
   0.5232
   1.1847
   0.4325
   1.1972
   0.6095
   0.9661
   0.3653
   2.2306
   0.6119
   0.7795
   0.6560
   1.9418
   1.0545
   0.7032
   1.1663
   1.3335
   0.5609
   0.6813
   0.4687
   0.5042
   0.5726
   0.7312
   0.7164
   0.4919
   1.9467
   1.7165
   0.7454
   0.8627
   1.3682
   1.4585
   1.1306
   1.1018
   1.2653
   0.5401
   0.6502
   1.1493
   1.9787
   0.3413
   1.4570
   0.8412
   0.6722
   0.4793
   0.6210
   0.4856
   0.5016
   0.5213
   1.0421
   1.2310
   0.5823
   0.8178
   1.7240
   0.8734
   0.5997
   1.1413
   0.5094
   1.8663
   1.6931
   0.6044
   0.4635
   0.7046
   1.3596
   0.6256
   0.7945
   0.5249
   1.6952
   2.4262
   2.1669
   0.8600
   0.3702
   1.9386
   0.4228
   1.6040
   1.5247
   0.8644
   1.1754
   0.1608
   1.4904
   0.6625
   0.9895
   0.6221
   1.3996
   0.6880
   0.5791
   0.8912
   1.4625
   1.3385
   0.3726
   1.0509
   0.5605
   1.3066
   0.3988
   1.1597
   0.3851
   0.8901
   0.4124
   0.6408
   0.7381
   1.1349
   1.0499
   0.5845
   0.2858
   0.7314
   2.2692
   0.9961
   1.3535
   0.3978
   1.3117
   0.2351
   1.0916
   0.9866
   2.2324
   0.6651
   0.3745
   1.5238
   1.1323
   0.4787
   1.7515
   1.3409
   0.3466
   1.0694
   0.8140
   0.4384
   1.4095
   1.3676
   2.1426
   1.3380
   0.4615
   0.7360
   1.2223
   1.0361
   0.5083
   1.3709
   1.1847
   0.3623
   0.9334
   2.3595
   0.8086
   0.9637
   0.8828
   1.5367
   0.7793
   1.3182
   1.9186
   1.4867
   1.4689
   1.1930
   0.6870
   1.1903
   1.3379
   0.7065
   0.9133
   1.3712
   0.8573
   1.0981
   1.5889
   1.1728
   1.3812
   0.3939
   0.5274
   0.7916
   0.9580
   1.5333
   1.6675
   0.7195
   0.9262
   0.9599
   0.5604
   1.0240
   0.9192
   2.1250
   1.4397
   0.5679
   1.1317
   1.2969
   1.1149
   0.8393
   1.6863
   0.4396
   0.4100
   0.7562
   0.9069
   0.6256
   0.7114
   0.5735
   1.1374
   0.6244
   0.4596
   0.5024
   0.2024
   1.6808
   1.5042
   2.3855
   2.3635
   1.4917
   0.5577
   0.9798
   0.4517
   0.2064
   2.2838
   0.7318
   0.4784
   1.3538
   2.2530
   0.8913
   0.4828
   0.7424
   0.4401
   0.8057
   1.4545
   1.0585
   0.5750
   0.4214
   1.9916
   1.8509
   1.7938
   0.5723
   0.2356
   1.6668
   0.9905
   0.5525
   1.0044
   1.5836
   0.8333
   1.7862
   0.7601
   0.5942
   1.3439
   0.6002
   0.8886
   1.1300
   0.6198
   0.3707
   0.8105
   0.2823
   0.9470
   3.1730
   0.4386
   0.9342
   1.1868
   0.9171
   1.1367
   2.2483
   0.8135
   0.6008
   0.9923
   2.1849
   0.9113
   0.7670
   1.2668
   0.6740
   2.7178
   0.7934
   1.1078
   0.7785
   1.3892
   0.7486
   0.5472
   2.0913
   0.5413
   0.8762
   1.2142
   1.2471
   0.6037
   0.7163
   0.4952
   1.3242
   0.5045
   0.9348
   0.1707
   1.0236
   0.8675
   1.6791
   0.8916
   1.0504
   0.4413
   1.7148
   0.4465
   0.6471
   0.4206
   1.1766
   0.2627
   0.4846
   0.3757
   1.0530
   1.2932
   1.9504
   0.5129
   0.6797
   0.5145
   0.7282
   1.0452
   0.9184
   0.2587
   0.2781
   0.8012
   0.2995
   0.6716
   1.5488
   1.2357
   1.0283
   0.5607
   0.9321
   1.2577
   1.0246
   1.3928
   1.3689
   0.4212
   0.7755
   1.1011
   0.6207
   1.4561
   0.3546
   1.1352
   2.5952
   1.2642
   1.4300
   1.1718
   0.9917
   1.1367
   1.5311
   1.4474
   0.9930
   0.4733
   0.7123
   0.7260
   0.8396
   1.2124
   0.9727
   1.0875
   1.0030
   0.7240
   0.4526
   0.8142
   1.0642
   1.0807
   1.4086
   1.7229
   1.9470
   0.6509
   0.1695
   1.0603
   1.1976
   0.4481
   0.8518
   1.0010
   1.2491
   0.7315
   0.3858
   0.8193
   0.3811
   0.5611
   0.7158
   0.6393
   1.7658
   0.2812
   0.4550
   0.6192
   0.9658
   1.1087
   1.6730
   0.7576
   0.9941
   2.1974
   0.7356
   1.3417
   1.1610
   0.7017
   1.4884
   0.5532
   1.2221
   0.8901
   1.0497
   0.8653
   0.6523
   1.4543
   1.4798
   1.5139
   0.7586
   2.2246
   0.4509
   0.5349
   0.2965
   2.2867
   0.1578
   0.3330
   0.1183
   1.7847
   0.8967
   1.1419
   0.6185
   1.0479
   0.7514
   1.3508
   0.7294
   1.2829
   0.2533
   1.0879
   1.3754
   0.2574
   1.0593
   0.9892
   0.3325
   1.8892
   0.7706
   0.5464
   0.6725
   2.2447
   1.5389
   1.4118
   0.9092
   0.6475
   0.4085
   1.1423
   1.5350
   3.5516
   1.9607
   1.0994
   0.8922
   1.0896
   0.5201
   0.4177
   0.4220
   0.9642
   0.2998
   0.6258
   0.6141
   1.4441
   1.6275
   0.6770
   1.4934
   0.8636
   0.7181
   0.3996
   1.7354
   0.4819
   0.7735
   0.7598
   0.3463
   1.1557
   1.0210
   0.8412
   1.3412
   0.5021
   0.5721
   1.1348
   1.0446
   1.5644
   2.2226
   0.9467
   0.1360
   0.6702
   0.8082
   1.3522
   0.9247
   0.8723
   0.3872
   0.8833
   0.7707
   0.4973
   0.7643
   0.8178
   1.1097
   2.0927
   0.8437
   0.6025
   0.8229
   2.9833
   0.2378
   0.3351
   1.0962
   0.2911
   0.5417
   0.4523
   1.1232
   1.5265
   0.5115
   0.7487
   0.7203
   1.2033
   0.8599
   1.0858
   1.1186
   0.5220
   2.9272
   1.0271
   0.6993
   1.5224
   1.4691
   1.1791
   1.0948
   0.8902
   0.6756
   1.5400
   0.4048
   0.4365
   0.5525
   0.9640
   0.6085
   0.8884
   0.4638
   0.9094
   0.6007
   1.2355
   0.8876
   0.2031
   0.4375
   1.3649
   0.6467
   1.7569
   0.6302
   2.0903
   0.4403
   0.7833
   0.3672
   0.5719
   0.8291
   1.0818
   0.3862
   1.6026
   0.9749
   2.4627
   2.0224
   1.3463
   0.4063
   0.6797
   1.2809
   0.4048
   0.6618
   1.0250
   1.9382
   0.3123
   1.1503
   0.9184
   0.4422
   1.3050
   0.5235
   1.3067
   0.5209
   0.7844
   0.9293
   1.6743
   0.8592
   0.3682
   1.1698
   1.6426
   2.1600
   1.0768
   0.7537
   0.9294
   0.9212
   0.8021
   2.1321
   0.7323
   1.4898
   0.4237
   0.8829
   0.8028
   0.5751
   1.0262
   0.7333
   0.7813
   1.2684
   0.3583
   1.2733
   1.1335
   0.4990
   0.7059
   0.7617
   0.8262
   1.0521
   0.8446
   0.4186
   1.6431

