   0.7841
   0.0323
   0.0083
   0.4859
   0.3928
   0.2679
   1.5145
   0.4271
   0.3590
   0.1819
   0.0232
   1.2820
   0.6920
   0.6543
   0.5557
   0.1019
   3.7152
   0.6554
   0.6541
   0.1198
   2.6885
   3.0041
   0.1278
   5.8618
   0.3559
   0.6844
   0.2420
   0.3665
   2.3019
   0.4322
   0.2271
   4.2265
   0.3274
   1.1300
   0.0873
   0.5913
   0.3424
   0.0017
   0.6822
   0.3704
   0.5759
   0.4080
   0.0848
   0.2338
   0.0312
   0.0344
   2.5720
   0.1775
   0.2561
   0.1500
   0.3875
   0.3320
   0.4300
   0.2004
   0.3849
   3.5428
   0.4191
   0.2240
   0.5561
   0.3684
   0.3360
   0.4373
   4.0444
   2.3069
   0.0072
   1.1072
   0.1900
   0.1834
   0.0808
   0.1135
   0.4755
   0.0878
   0.9069
   0.6636
   0.4014
   0.3862
   0.8099
   0.2506
   0.1244
   0.2986
   1.0888
   0.5580
   0.8742
   0.5385
   0.1062
   0.3629
   1.0043
   0.6891
   2.4845
   0.1892
   1.3011
   0.3340
   0.0651
   0.2370
   0.5100
   0.6644
   0.4089
   0.1937
   0.0565
   0.9011
   0.4360
   0.3926
   0.7185
   2.0702
   0.6124
   0.5225
   0.0154
   0.2426
   0.7371
   0.1380
   0.1256
   0.0884
   0.8146
   1.9371
   5.0032
   0.1498
   2.9189
   0.2611
   2.4214
   0.3287
   0.0053
   0.5972
   3.9959
   1.6634
   0.1437
   0.4938
   1.0297
   0.4693
   4.8998
   0.0974
   0.1257
   0.0203
   0.9687
   2.4187
   2.4818
   0.3333
   0.6825
   0.1080
   0.4633
   0.0940
   0.1736
   0.2259
   0.1458
   1.0963
   1.2091
   0.1108
   0.2438
   4.7180
   0.6730
   0.7330
   0.7825
   0.1262
   0.3170
   0.6125
   2.8625
   1.5693
   0.6999
   1.3137
   0.4045
   0.6449
   0.2375
   0.2878
   0.2890
   3.4927
   0.2049
   0.1762
   0.0777
   1.0488
   1.0136
   0.1126
   1.3708
   0.0025
   0.3365
   0.0459
   0.3726
   1.0472
   0.2655
   0.7397
   6.1231
   1.2194
   0.6480
   0.2544
   0.5101
   1.5746
   0.0515
   1.0105
   0.0084
   0.3364
   0.0510
   0.3035
   0.5258
   0.4710
   0.3356
   0.5131
   0.9482
   0.0897
   1.1671
   3.5119
   2.1893
   5.2130
   3.1521
   0.2877
   2.7028
   5.4034
   0.0393
   0.3405
   1.5255
   0.0283
   1.3823
   6.9931
   0.3198
   0.0353
   2.2806
   1.0232
   0.0167
   0.1105
   0.5299
   0.2975
   0.4965
   0.9720
   1.5463
   0.3508
   0.0344
   0.3442
   0.2445
   0.3832
   1.8755
   3.1714
   0.5522
   0.2118
   1.1518
   1.6212
   0.3046
   0.8241
   0.2224
   2.5558
   0.3111
   0.2716
   0.0994
   1.6673
   0.2973
   2.9864
   0.9553
   0.8339
   2.9945
   0.3397
   0.6893
   0.6147
   8.4060
   0.6872
   1.2752
   1.4586
   2.7443
   0.4872
   0.6202
   0.2113
   0.0595
   0.6365
   0.2154
   0.5217
   0.0660
   0.4959
   0.3482
   1.2767
   0.1896
   1.2689
   1.3217
   0.5726
   0.0826
   0.1180
   0.1919
   0.7684
   0.7689
   0.3707
   1.0269
   0.5859
   0.3365
   0.4603
   0.5147
   0.0337
   0.8937
   0.3338
   0.7322
   0.8135
   1.3819
   0.1794
   0.5677
   0.1339
   4.2136
   0.8663
   0.5109
   1.2640
   1.4511
   0.9532
   0.8554
   0.9138
   0.8429
   0.3109
   2.7255
   0.7297
   0.1550
   0.4053
   0.6420
   0.1991
   0.3513
   0.0230
   2.2985
   0.7621
   0.1221
   0.1038
   0.8355
   1.0944
   0.6601
   0.2946
   0.4035
   0.8442
   0.6596
   0.5340
   1.6146
   0.8800
   0.5111
   0.2464
   0.9755
   0.5610
   1.0206
   0.2534
   0.6100
   0.6048
   3.7656
   0.2160
   1.2972
   0.2488
   0.0678
   1.9974
   1.7714
   0.2702
   5.6618
   0.1155
   0.8709
   0.1237
   2.2569
   1.7038
   1.5970
   0.5408
   0.8431
   0.0182
   0.8089
   0.0029
   0.4366
   0.3299
   0.2458
   0.0558
   1.0818
   0.4176
   0.1472
   0.4751
   0.3505
   0.7271
   1.6537
   0.6442
   0.5062
   0.0456
   1.7552
   0.0638
   2.5738
   0.3586
   0.6508
   0.8271
   0.4125
   0.4512
   0.1980
   0.1665
   1.8564
   0.0431
   6.9971
   2.0987
   0.0023
   1.0007
   0.6161
   8.3714
   1.5648
   2.2027
   0.8673
   4.2304
   0.2054
   0.3947
   1.8779
   5.3657
   1.4351
   1.0502
   1.2158
   1.3465
   2.0110
   2.8059
   0.1995
   0.5562
   0.9601
   1.2970
   0.1776
   0.9383
   1.1764
   0.6068
   0.0732
   6.4382
   2.3228
   0.3324
   0.4269
   0.2074
   1.1012
   0.2131
   0.6944
   0.1935
   3.4056
   1.3996
   0.1386
   0.2647
   0.7695
   0.0761
   0.2765
   0.7969
   0.4391
   0.2925
   1.6182
   0.5243
   2.4104
   0.0998
   1.3665
   0.2038
   0.0942
   0.7981
   3.3952
   0.5044
   6.2053
   0.3171
   8.0551
   0.1427
   9.9390
   0.8987
   0.3426
   0.5796
   0.0442
   0.3430
   0.0459
   2.4077
   1.1124
   0.6068
   0.0679
   0.0010
   0.1539
   0.1927
   2.2484
   0.5237
   0.1337
   0.2492
   0.2784
   0.0293
   1.1474
   0.3903
   0.0284
   0.6075
   0.3526
   0.4008
   0.6886
   0.5131
   0.7162
   0.1428
   0.3015
   0.5035
   6.2903
   0.0866
   0.0671
   0.1009
   0.4651
   0.0233
   0.3865
   1.1917
   0.2506
   0.1114
   1.6367
   0.2688
   0.3312
   0.1480
   0.1126
   1.7714
   1.6502
   0.1034
   0.3286
   0.2393
   3.4824
   3.8423
   3.1080
   0.6706
   0.0428
   0.7073
   0.5783
   4.8540
   0.5695
   7.4335
   0.1949
   1.3162

