    2.4006
    0.1899
    0.1328
    0.4590
    0.1126
    8.0651
    0.5517
    0.8359
    0.3090
    0.3166
    0.3690
    0.9132
    0.1599
    0.1040
    0.3917
    0.2571
    0.1236
    5.7169
    0.4963
    0.5549
    0.2711
    0.1317
    0.5894
    0.2336
    0.1652
    0.3240
    0.5579
    3.3007
    1.5868
    0.2599
    0.4389
    4.7683
    2.5852
    0.4456
    1.5327
    0.0780
    0.2221
    0.0138
    0.3245
    1.0655
    0.4055
    0.5382
    0.4571
    2.3389
    0.0087
    0.1621
    4.1671
    1.0218
    0.5581
    0.5681
    0.4068
    0.5790
    0.1379
    1.0167
    0.2872
    0.3020
    8.7594
    0.0319
    3.2024
    0.7625
    2.7902
    0.4730
    1.4161
    0.6614
    0.1371
    0.6657
    0.4355
    0.4271
    0.0328
    8.1335
    1.0357
    5.4832
    2.8106
    0.6273
    0.5292
    0.5355
    0.2232
    0.2481
    0.5295
    0.4814
    0.6143
    0.6844
    0.6462
    0.5979
    0.0503
    0.4427
    0.0489
    0.1422
    1.8796
    0.0184
    0.0564
    0.6229
    0.1279
    0.1378
    0.0653
    0.9262
    0.0696
    1.6374
    0.4863
    0.1290
    0.0030
    0.5035
    0.4188
    0.6987
    0.8071
    0.0516
    0.2874
    3.3265
    0.0693
    0.1711
    1.8405
    0.8985
    0.3113
    1.3977
    0.4469
    1.1451
    0.2138
    0.8257
    0.7607
    1.6818
    0.8345
    0.4068
    0.1997
    0.0495
    0.0083
    0.1655
    0.0448
    0.7392
    3.0454
    0.5875
    3.6114
    1.1759
    4.3432
    0.5285
    0.0015
    0.9910
    0.1690
    0.6406
    0.6709
    1.4021
    0.4228
    1.1930
    5.3837
    0.8428
    1.1914
    0.3326
    0.3894
    1.2432
    2.2451
    1.1664
    1.5212
    0.5021
    0.6386
    0.2234
    0.1953
    0.0179
    0.6958
    0.5023
    1.1192
    0.0309
    8.3241
    0.0079
    0.4568
    1.0562
    5.1197
    0.5639
    0.3477
    0.4063
    1.1160
    0.1222
    1.5087
    0.0364
    0.0473
    0.6176
    0.2079
    0.1483
    0.6973
    1.4047
    6.4844
    2.2254
    0.1997
    0.8979
    0.1110
    1.3791
    0.0022
    0.6208
    3.1700
    0.4989
    0.5527
    0.4416
    0.7569
    8.2384
    0.0682
    0.0646
    0.8054
    1.6285
    1.4850
    0.2175
    2.2157
    1.2090
    0.5515
    0.1350
    0.3997
    0.2716
    0.2390
    1.0066
    0.2485
    0.8887
    1.2435
    0.3014
    0.5721
    0.1956
    1.5063
    0.3835
    1.0049
    2.4019
    0.4141
    2.0146
    0.0732
    0.6365
    0.1213
    0.1327
    1.2254
    0.2152
    0.6080
    0.4074
    1.1374
    0.4015
    0.0285
    0.6741
    0.0336
    1.7525
    0.6671
    1.1704
    0.8319
    0.8803
    0.4755
    0.6115
    2.0742
    0.1503
    0.8001
    0.0087
    5.3920
    1.6194
    7.0274
    1.9949
    0.1498
    0.7045
    0.0165
    0.4661
    0.4380
    1.0175
    1.0916
    0.5201
    2.7783
    0.8801
    1.3215
    0.3021
    0.2933
    0.2897
    0.5838
    1.0169
    0.3078
    0.0893
    0.2830
    1.4449
    0.6674
    3.6845
    1.0917
    0.1214
    3.5899
    0.6218
    0.6859
    0.3368
    0.1439
    0.8982
    2.0299
    0.0706
    1.2132
    0.8691
    0.0330
    0.3705
    2.9348
    0.0749
    0.2814
    0.0576
    3.0282
    0.5417
    2.6152
    0.7121
    0.6235
    0.4626
    0.2236
    0.4336
    1.6001
    1.4782
    0.1675
    4.4628
    0.1497
    3.5342
    0.2661
    0.2614
    2.5384
    0.1988
    2.6087
    0.1175
    1.1751
    0.4290
    0.0432
    0.1724
   11.2782
    0.0453
    1.8454
    0.7344
    0.0033
    0.2472
    0.0407
    0.2924
    1.8635
    0.1634
    0.3402
    1.8522
    1.2207
    0.0461
    0.2009
    3.1032
    0.3835
    0.8867
    5.3734
    1.3622
    1.8572
    2.7531
    0.6864
    4.8822
    0.0949
    0.2442
    0.0438
    0.0063
    0.2999
    0.4085
    0.0813
    0.3628
    0.2253
    0.0805
    1.2413
    0.3607
    0.2677
    3.9384
    0.1051
    2.1126
    0.0234
    0.0977
    0.7049
    0.1729
    0.8734
    3.0913
    0.1980
    0.6080
    0.4142
    0.1272
    0.3603
    0.0680
    0.1602
    1.1900
    1.0676
    0.5151
    0.9547
    0.9497
    3.4025
    0.2431
    0.0931
    0.1995
    0.9501
    0.3283
    2.4571
    2.4075
    0.6175
    0.0567
    0.3648
    0.3435
    3.5629
    0.0866
    5.4841
    0.5216
    0.9024
    0.5014
    0.3699
    0.0271
    0.6706
    0.7448
    1.4595
    0.0251
    0.6521
    0.7667
    0.4861
    0.7633
    0.6125
    1.1802
    0.7307
    0.0143
    0.3343
    0.3070
    0.2221
    0.4426
    0.0245
    0.0177
    0.8713
    0.0468
    0.7143
    0.2161
    0.2306
    1.7638
    0.3066
    0.5872
    1.7888
    0.1777
    0.7107
    0.3261
    0.5812
    0.3436
    0.2014
    0.3523
    0.1556
    3.7485
    1.5483
    0.1671
    0.5796
    1.1186
    0.4111
    0.2567
    2.8271
    0.1033
    0.3811
    0.2398
    0.3489
    1.1648
    0.0886
    0.3431
    1.4171
    7.3759
    1.9068
    1.9365
    0.1310
    0.1236
    0.2438
    0.1412
    0.6683
    1.1537
    0.0198
    0.1417
    4.3612
    0.0226
    0.5182
    0.4415
    0.6853
    0.3467
    0.8855
    2.8357
    0.3967
    1.1523
    1.4176
    0.0429
    0.9970
    0.3503
    0.4206
    1.3802
    0.2496
    2.0016
    0.2005
    0.0819
    0.2321
    1.5298
    0.0724
    0.2937
    0.1129
    3.5330
    0.5513
    0.4631
    0.8241
    1.6524
    0.0837
    0.5855
    1.2883
    1.6783
    0.7640
    0.6663
    0.4425
    0.0865
    0.0424
    0.3288
    0.6545
    0.0589
    1.1994
    1.8245
    0.2782
    0.1553
    0.0793
    1.6383
    0.9144
    4.4686

