   2.0430
   0.5912
   1.2382
   4.8781
   0.4740
   0.4673
   1.7014
   0.6361
   1.2078
   1.6792
   1.2776
   0.2984
   1.0672
   0.4439
   1.6567
   0.5999
   0.6558
   3.3342
   3.3028
   0.8273
   1.4698
   1.1288
   1.1806
   0.9229
   0.4436
   0.8318
   0.6255
   0.6711
   0.7049
   1.5943
   1.4666
   0.5403
   0.6521
   0.9684
   0.8964
   0.6229
   0.4834
   0.9428
   0.2706
   2.1462
   0.9597
   0.8676
   0.7556
   1.1671
   0.4477
   0.6899
   0.8975
   0.6576
   1.0315
   0.6337
   0.2988
   0.8898
   2.9851
   0.3625
   1.3496
   0.2253
   1.0844
   0.9885
   0.3435
   1.6122
   0.6364
   1.0888
   0.9496
   0.8651
   0.6166
   1.4397
   1.5930
   1.0450
   3.6832
   0.4640
   0.4550
   1.4806
   0.7062
   0.6712
   0.3703
   1.3915
   1.6870
   1.3036
   2.4811
   1.3752
   1.3845
   1.1498
   1.0252
   1.0089
   0.7942
   0.6028
   1.3084
   1.0062
   0.1972
   0.2676
   0.3741
   1.8866
   0.3347
   0.9770
   0.3436
   1.7035
   1.0106
   0.3895
   0.4736
   0.3936
   0.1420
   0.4870
   1.2597
   0.9821
   0.8127
   3.7931
   0.8435
   0.9461
   1.5131
   0.8816
   0.7458
   0.4897
   0.5677
   1.3269
   0.4718
   1.1672
   1.0325
   1.0785
   1.2017
   0.6555
   0.8483
   0.3550
   0.7087
   1.2632
   0.7816
   0.9291
   0.9835
   0.4749
   1.3097
   1.3713
   0.7724
   0.7487
   1.3679
   0.4773
   1.0079
   0.9768
   0.4853
   0.6697
   0.9297
   0.6182
   0.6519
   0.8267
   0.3224
   0.7729
   0.7042
   0.7320
   0.6885
   1.0824
   0.7289
   0.6048
   1.6072
   0.2332
   0.6730
   0.2573
   0.5649
   0.6266
   0.4809
   0.4429
   0.6937
   0.4865
   0.7775
   1.2595
   2.2603
   2.0953
   0.3316
   0.7098
   0.9236
   1.0184
   1.9369
   0.6535
   0.8835
   1.0170
   0.1563
   0.9804
   0.5470
   3.6116
   0.3905
   1.4033
   1.6825
   1.2664
   1.2333
   1.1627
   1.0870
   0.8787
   0.3704
   0.5004
   0.5236
   1.6929
   0.7725
   2.2209
   1.9118
   0.6728
   1.7169
   0.8876
   0.6806
   0.9348
   1.0797
   0.3113
   0.8425
   0.8285
   0.5551
   1.3678
   0.6337
   0.8617
   0.8410
   3.0282
   0.6368
   0.9407
   0.7184
   0.6466
   0.4587
   0.9744
   0.9974
   1.7947
   1.5690
   1.2536
   1.2374
   0.7620
   0.9887
   1.4400
   1.3658
   0.6100
   0.9028
   1.0175
   1.3137
   2.6563
   0.9950
   1.1757
   2.1696
   0.9589
   1.2620
   0.8221
   0.4451
   0.9117
   0.7166
   1.2734
   0.6075
   0.8146
   1.1206
   0.3203
   0.6944
   0.8850
   1.2143
   0.6582
   2.0708
   1.2252
   0.4167
   0.4132
   0.7435
   0.7062
   0.4482
   0.7672
   0.7772
   0.6180
   0.4226
   0.6306
   0.5889
   0.5187
   1.2449
   0.2231
   0.2516
   1.0978
   1.6776
   0.6163
   0.4871
   0.5041
   0.7751
   0.3331
   1.4316
   1.0844
   1.0498
   0.6033
   0.3924
   1.0825
   1.6993
   0.3109
   0.6020
   0.2578
   0.5808
   3.7688
   1.8359
   0.5796
   0.4421
   0.5842
   0.7894
   1.3128
   0.7615
   0.4883
   0.9418
   1.0661
   1.3287
   0.4971
   1.2997
   0.9217
   0.3626
   1.0142
   0.2512
   0.4712
   0.3341
   1.8529
   0.8314
   0.7241
   1.3575
   1.4891
   1.2088
   1.0256
   2.1133
   1.0057
   0.7733
   0.4683
   0.5113
   0.8984
   0.4947
   1.0896
   0.2093
   0.3419
   3.3176
   0.6472
   0.5559
   0.9842
   0.7903
   0.6030
   0.7921
   0.8639
   0.4311
   0.7410
   2.3605
   1.3664
   0.8915
   1.0056
   0.8379
   0.7856
   0.7247
   1.1890
   0.6629
   2.7334
   0.3284
   1.2072
   0.2249
   0.5732
   3.3538
   0.6641
   1.2010
   0.5139
   1.4509
   1.2523
   1.0793
   1.1219
   0.6126
   0.4889
   0.4240
   2.8281
   0.2437
   0.5079
   1.2219
   1.0151
   1.2003
   0.8534
   0.4898
   1.5450
   0.8474
   0.8616
   2.4210
   1.1165
   1.1050
   0.7411
   0.4785
   0.8886
   0.7565
   0.8747
   0.9683
   0.8654
   1.5915
   0.4447
   0.6398
   0.9493
   1.3338
   1.1926
   0.9960
   5.1958
   1.1577
   0.6720
   0.4412
   0.2996
   0.5528
   0.6947
   1.0491
   0.7912
   2.2753
   0.6479
   1.2066
   0.8245
   0.9689
   3.7804
   2.6197
   0.5783
   2.2376
   0.6513
   0.6352
   0.5713
   0.4815
   0.4001
   0.6712
   0.2563
   0.4895
   2.5647
   0.8771
   1.5518
   0.7091
   0.2939
   0.4861
   3.3490
   0.8524
   0.1709
   1.3681
   1.3641
   1.0061
   1.6644
   1.7308
   0.8140
   0.9798
   0.7655
   1.0946
   0.4134
   0.6621
   1.0918
   0.7031
   0.8797
   1.4968
   0.3978
   0.2947
   0.9331
   0.5510
   0.3604
   1.4917
   1.3579
   2.2655
   0.7066
   1.0527
   1.5389
   0.8279
   0.6871
   1.0690
   0.3901
   0.5391
   1.0939
   0.5645
   0.7840
   0.7742
   0.5309
   0.2452
   0.9313
   1.5620
   0.3298
   0.3939
   0.6127
   0.2200
   0.9370
   1.6818
   0.3941
   0.8001
   0.3184
   0.7551
   0.4918
   0.5862
   1.1125
   1.1881
   1.9145
   2.0559
   0.8860
   1.0292
   1.2163
   0.4432
   1.1505
   0.4308
   0.4301
   1.0200
   1.3245
   3.3061
   0.8406
   0.4840
   0.6853
   0.9606
   0.6234
   0.6403
   1.7763
   0.8847
   1.0172
   0.3067
   1.1569
   0.3847
   3.2196
   0.6784
   0.5382
   1.1817
   1.7762
   0.7196
   0.5650
   0.3657
   0.5985
   1.0544
   2.0247
   0.7677
   2.4109
   0.7370
   0.3697
   1.0542
   1.2061
   1.0902
   1.0101
   1.1907
   1.0190
   0.8252
   0.8443
   0.8031
   1.1570
   0.5485
   0.8889
   4.3451
   1.0266
   1.2195
   1.6617
   0.9739
   1.3885
   0.5464
   1.0246
   1.0779
   0.7350
   0.9471
   0.2996
   1.2908
   1.4496
   0.5125
   0.9694
   0.5488
   0.5476
   1.1915
   0.4416
   1.7678
   0.7732
   1.4686
   2.0051
   0.3733
   1.3458
   0.7375
   1.1286
   0.3923
   0.5925
   1.0838
   0.6182
   1.5971
   2.0956
   1.3959
   0.4652
   1.0776
   1.2222
   0.6987
   1.2354
   1.0053
   0.2658
   0.5605
   1.1003
   1.5748
   0.8045
   1.6462
   2.0648
   1.5714
   0.9718
   0.4665
   0.7070
   1.0251
   0.3799
   1.5697
   1.1648
   0.9347
   0.4633
   1.9869
   0.4240
   1.2206
   2.1323
   0.5574
   0.3916
   0.7261
   1.0389
   1.5463
   1.0475
   1.0675
   0.5796
   0.9033
   0.8369
   0.8172
   0.6220
   0.2796
   0.7477
   1.3783
   1.9962
   2.8151
   0.6357
   0.3868
   1.5234
   1.2825
   0.5151
   0.5434
   0.4945
   1.1312
   0.4664
   1.3717
   0.7445
   0.6423
   0.2303
   0.6474
   0.8245
   0.5915
   1.0817
   0.6703
   0.5723
   0.6892
   2.6701
   0.8230
   1.7440
   0.5566
   0.2496
   0.6774
   0.3636
   0.4779
   0.5671
   0.4195
   1.0651
   0.3477
   0.7138
   0.7279
   1.2556
   0.6010
   0.5391
   0.8377
   0.3190
   0.6476
   0.8718
   0.4914
   0.4596
   1.0945
   0.3390
   1.4824
   0.4804
   0.3059
   0.6233
   0.4123
   2.1344
   1.4596
   0.2712
   1.8204
   1.8487
   1.3785
   1.3216
   1.4743
   1.1273
   0.5456
   0.4334
   0.6484
   0.9439
   0.5741
   0.8416
   0.2618
   1.0427
   0.4724
   0.6529
   1.2402
   1.0458
   0.6288
   0.3365
   1.9769
   0.5672
   1.5168
   1.4277
   0.6167
   0.6455
   1.0675
   0.8552
   0.7944
   0.4930
   0.6403
   0.4690
   2.0020
   0.6861
   1.1148
   0.7965
   0.4001
   0.2042
   0.8320
   0.5387
   0.5674
   1.2453
   1.2299
   1.2605
   2.7508
   1.4701
   0.5297
   1.0498
   0.7379
   1.5033
   1.0622
   0.7614
   1.3467
   0.7223
   0.2691
   0.7243
   0.4099
   0.3237
   0.1293
   1.0401
   0.3914
   1.1038
   1.0436
   1.8177
   0.8269
   0.9203
   0.7313
   1.6032
   0.7987
   1.8892
   0.5980
   0.3990
   1.2579
   1.4253
   0.7762
   0.3060
   0.2995
   2.3121
   0.8961
   0.3174
   0.3263
   1.0622
   0.6986
   1.6127
   2.1242
   0.7655
   0.7864
   1.5791
   0.5125
   2.8628
   0.4961
   0.3992
   1.4934
   0.4021
   1.2896
   0.6139
   0.7164
   0.6343
   0.5113
   1.1581
   1.1503
   0.2230
   1.7800
   1.2137
   3.0797
   0.9428
   0.6851
   0.3895
   0.7206
   1.8625
   0.5817
   1.0156
   2.6760
   2.8621
   1.2407
   1.4481
   0.5139
   1.7295
   0.5276
   0.9036
   1.1458
   0.6381
   0.4790
   1.1398
   0.4369
   0.3713
   0.2010
   0.8058
   0.3439
   0.4493
   0.5705
   1.9634
   0.3084
   0.6497
   0.8321
   1.0118
   1.0398
   0.9974
   1.6858
   0.3922
   0.2698
   0.7536
   1.1683
   0.6604
   0.5455
   1.1732
   1.5109
   0.7134
   0.4699
   1.4448
   1.7165
   1.6797
   1.2490
   1.3214
   1.5978
   0.8820
   1.1464
   0.8391
   0.3031
   1.2559
   1.0849
   0.7717
   1.4037
   0.3539
   0.6148
   2.4348
   1.0477
   0.4170
   1.4347
   0.9985
   1.3368
   1.5895
   0.8671
   1.4064
   0.2701
   0.8046
   0.5203
   1.6399
   0.4195
   1.1259
   1.0379
   0.3103
   1.1625
   2.0892
   0.3324
   0.7611
   0.6468
   0.7615
   0.8381
   0.4180
   1.1312
   0.4931
   1.0788
   0.8725
   0.9352
   0.3785
   0.6837
   0.7192
   0.7163
   0.5116
   1.6919
   0.7080
   0.6657
   0.9640
   0.7287
   0.5995
   4.2581
   0.3806
   4.0504
   0.9758
   1.1285
   0.3834
   0.3225
   0.7212
   0.4648
   0.5893
   0.5741
   0.4147
   0.3474
   0.2958
   0.5626
   1.9671
   2.5140
   2.9693
   0.7489
   0.9285
   1.0940
   0.3548
   2.5584
   0.2776
   1.1962
   0.2400
   1.5480
   1.3461
   1.1845
   0.4905
   0.9701
   0.6540
   0.0878
   0.7354
   1.5559
   0.2298
   0.7200
   0.8816
   1.1381
   2.4359
   0.5922
   1.8055
   0.5855
   0.9123
   1.3056
   1.2011
   0.8315
   0.6852
   1.2387
   0.7935
   1.2854
   0.6164
   0.2315
   1.0515
   0.6963
   0.5843
   0.7952
   1.6160
   1.3129
   1.4748
   2.5380
   1.1129
   1.2559
   0.2518
   1.2810
   1.7255
   1.1681
   0.4276
   0.4550
   0.2303
   0.6224
   0.9066
   1.2980
   1.5541
   1.0255
   1.0509
   0.5233
   0.9049
   2.2527
   0.9904
   0.9195
   2.1269
   1.4509
   0.6312
   1.8897
   0.5004
   1.4497
   0.8479
   0.7268
   3.8070
   1.6849
   0.8342
   0.7678
   0.8001
   0.9950
   0.7388
   0.4018
   0.3649
   0.3216
   0.7503
   0.7052
   0.2967
   2.6129
   1.2944
   0.3039
   0.6984
   1.1892
   1.6856
   1.1517
   0.8295
   0.8060
   1.4019
   0.6046
   0.8173
   1.0611
   1.4959
   1.8639
   0.8574
   1.4188
   0.5971
   1.0529
   0.7626
   0.7875
   1.1035
   0.6356
   0.7165
   2.3766
   1.0472
   1.3882
   1.1723
   0.3356
   2.5917
   1.4016
   0.9153
   0.8651
   0.9115
   1.4841
   2.3295
   0.4128
   1.0307
   1.7321
   0.9049
   1.9844
   0.5776

