   1.0381
   0.4086
   0.3328
   0.8845
   1.0410
   0.9646
   0.9310
   1.0179
   0.4583
   0.7373
   0.4229
   1.4714
   1.0212
   0.4163
   0.5608
   1.3938
   1.4130
   0.6262
   0.5096
   1.0190
   2.1404
   0.3705
   0.2712
   0.5766
   3.5899
   0.9023
   1.1443
   0.6083
   1.3450
   0.7055
   0.4648
   0.2089
   0.6139
   0.5695
   0.9391
   0.4424
   1.2575
   0.8474
   2.3634
   0.3612
   1.0887
   0.5994
   1.6875
   0.8223
   0.7627
   0.4096
   0.9792
   0.9715
   1.6973
   0.6311
   1.0017
   0.5325
   0.9716
   0.2552
   0.8453
   0.6633
   0.2529
   2.3314
   0.2188
   1.2068
   1.9618
   0.4516
   0.9745
   0.2570
   2.6003
   2.3064
   3.4761
   0.6170
   0.8324
   0.6665
   1.8581
   0.8449
   1.4394
   1.7946
   0.6354
   1.1924
   0.6477
   0.7416
   2.1795
   2.9312
   2.0961
   0.5894
   1.5238
   1.1594
   0.8217
   1.0062
   0.5906
   0.6803
   1.3805
   0.9428
   1.7375
   0.6123
   0.3554
   1.1412
   1.3617
   0.1572
   0.4716
   4.0117
   2.6302
   0.6112
   0.7186
   1.0359
   0.4963
   0.4435
   0.2864
   0.5466
   0.5752
   1.8776
   1.1225
   0.5549
   0.7383
   0.5539
   0.3654
   0.8424
   2.7970
   0.8171
   0.2689
   0.3889
   1.1216
   1.6904
   0.6333
   0.7910
   4.4739
   2.1975
   1.0740
   0.2775
   0.5287
   1.1006
   0.9514
   1.1769
   0.7026
   0.3409
   1.6146
   0.4115
   1.6758
   0.8233
   1.1636
   0.9081
   0.7974
   0.5760
   0.3401
   0.4113
   1.3737
   2.0562
   0.3139
   1.3947
   0.5381
   1.5673
   2.6949
   0.6927
   0.9093
   0.6293
   1.0317
   1.1043
   0.5653
   1.0369
   0.5873
   0.6982
   0.8123
   0.8037
   1.8381
   1.0446
   0.6508
   0.4148
   1.1184
   1.6016
   0.7070
   0.6479
   3.3943
   0.9377
   0.9914
   0.5543
   0.6196
   0.6436
   1.4623
   1.2307
   1.1543
   1.1677
   0.4430
   0.6278
   0.7859
   0.3308
   2.4509
   0.4395
   3.7576
   0.7289
   0.9088
   1.1085
   0.8780
   0.6659
   1.2292
   0.7742
   0.7489
   0.2349
   0.8145
   0.7946
   1.5286
   0.3454
   2.9938
   0.6684
   1.8384
   0.5121
   0.3174
   0.6190
   0.9578
   1.6940
   0.2402
   1.5482
   0.9833
   1.1602
   1.1798
   0.8968
   1.4060
   0.5004
   0.7320
   0.3356
   0.7903
   1.4374
   0.5311
   0.6398
   0.9295
   2.8815
   3.6368
   0.5587
   0.8446
   0.8782
   0.6368
   0.3549
   0.7226
   0.2899
   1.8012
   1.6552
   0.8138
   0.7483
   0.4761
   1.0446
   0.7428
   0.2513
   0.7802
   0.1133
   1.4623
   0.7824
   0.4252
   1.4665
   0.7281
   1.7085
   0.3819
   0.5508
   0.9912
   1.2307
   1.5747
   0.3225
   1.5167
   0.8201
   3.7915
   0.3786
   1.4927
   0.4220
   0.6888
   0.8576
   0.5170
   0.8036
   0.9893
   0.9427
   0.6275
   0.3582
   0.5989
   0.6081
   1.2669
   2.9785
   0.8551
   0.6506
   0.6537
   0.6493
   1.1743
   0.5401
   1.1039
   0.5903
   1.0525
   0.6051
   0.5750
   0.9061
   1.0196
   0.3636
   1.2615
   1.6896
   0.3199
   0.7407
   1.0304
   0.8696
   0.9072
   0.4869
   0.8453
   3.6105
   1.6905
   0.5712
   0.4715
   1.0853
   0.7288
   1.6803
   0.4709
   1.0581
   1.3409
   1.4762
   0.7721
   0.8844
   1.0917
   0.6778
   0.9943
   0.5413
   0.6056
   2.3130
   0.2693
   0.9151
   1.3356
   0.8507
   1.0907
   0.5852
   1.3824
   1.3675
   1.1647
   0.6760
   0.3392
   1.6834
   0.5465
   0.8388
   1.2621
   0.4232
   0.8967
   0.5283
   0.8352
   0.5232
   1.3394
   0.6476
   0.6588
   0.3997
   1.6495
   0.9542
   0.5126
   0.5124
   1.5064
   0.2329
   0.9965
   1.2162
   2.8150
   0.7388
   1.5757
   0.5565
   1.2284
   0.5156
   1.1742
   0.7520
   0.3110
   0.6301
   0.8677
   0.2893
   0.8092
   0.2257
   0.2788
   0.1754
   0.9738
   0.7199
   0.4243
   0.7719
   0.7509
   0.7580
   0.8140
   1.3670
   1.0974
   1.4067
   1.5426
   0.7034
   0.2830
   1.0195
   0.7208
   0.8150
   0.6177
   1.4959
   0.9571
   1.2467
   1.7803
   0.6928
   0.3686
   0.4754
   0.7565
   1.2265
   0.7681
   0.9630
   0.9425
   0.6276
   1.2195
   1.6904
   0.3300
   1.3259
   0.4764
   0.7999
   3.6121
   1.6900
   0.5155
   0.9493
   0.3504
   1.2580
   1.7314
   1.0603
   0.5618
   0.6477
   1.1683
   0.6363
   0.5883
   0.4480
   0.9624
   1.7845
   0.5427
   0.7640
   0.7197
   0.7665
   1.1645
   0.3533
   0.4228
   0.5767
   0.2409
   1.4166
   0.4750
   0.7960
   0.6885
   2.0110
   0.3501
   3.6016
   0.4945
   0.3429
   2.2028
   0.7297
   1.2568
   0.9945
   0.5699
   0.6990
   1.0041
   0.8156
   0.4508
   0.5162
   3.2995
   0.6681
   1.2187
   0.5425
   0.8194
   2.2752
   2.3843
   0.3128
   0.7483
   0.4939
   0.6372
   2.0032
   0.2799
   0.8473
   0.9507
   0.5900
   0.8077
   0.7368
   0.5537
   0.6027
   0.7167
   0.8936
   0.5869
   1.5187
   1.3182
   1.2086
   0.2196
   0.5029
   0.7691
   0.6592
   1.0128
   1.2802
   0.3375
   1.7831
   2.0180
   0.5256
   2.0819
   0.6055
   2.6221
   1.0112
   0.5881
   0.7687
   0.4758
   1.8304
   0.9267
   0.9578
   1.3286
   0.6196
   0.2571
   1.5060
   1.1619
   3.3263
   0.9713
   1.3750
   0.4261
   0.3884
   0.1737
   1.6522
   0.7243
   1.3698

