   0.4553
   0.1675
   2.7092
   0.3659
   0.0005
   0.0630
   1.4366
   0.8002
   0.2370
   3.5753
   0.2653
   0.9604
   1.3327
   0.2069
   0.0663
   0.0750
   0.6908
   0.0228
   1.6430
   0.1152
   0.8508
   0.0143
   3.4872
   0.7057
   1.3432
   1.6524
   0.6586
   1.2747
   0.8166
   0.4380
   1.3357
   1.0098
   0.5039
   3.6577
   2.2742
   1.7696
   0.3978
   1.1293
   2.7854
   0.5612
   0.5285
   0.6374
   0.2293
   0.3149
   1.5470
   3.9841
   0.1716
   2.7624
   1.9442
   0.3743
   0.5860
   0.4836
   0.7868
   1.3108
   0.1068
   0.2459
   1.1687
   1.2874
   0.7958
   3.4065
   0.1554
   1.4566
   0.8161
   0.6782
   0.2024
   0.1247
   0.3843
   0.5628
   0.2124
   0.1081
   3.4236
   0.2595
   2.2523
   0.2460
   1.6353
   0.2623
   2.4512
   0.6790
   0.5961
   0.2443
   1.6759
   1.5685
   0.0924
   0.3075
   2.0495
   0.0817
   0.4488
   0.0105
   1.9648
   1.1469
   1.0030
   0.4986
   0.4937
   2.0709
   0.5718
   0.0922
   0.2348
   0.1391
   0.3294
   0.9692
   0.6030
   0.0566
   0.6553
   0.8945
   0.7122
   1.1378
   0.7314
   1.8252
   0.3046
   0.0324
   0.3453
   1.7676
   1.8934
   0.6846
   2.8940
   0.2734
   3.0231
   0.3714
   0.3998
   0.1159
   0.2370
   0.0835
   1.1568
   0.6520
   1.9724
   0.3221
   1.0196
   2.2421
   0.0017
   0.9947
   1.5817
   2.5072
   0.2389
   0.3698
   0.3544
   1.1209
   1.4827
   0.9786
   1.6959
   2.9479
   1.5891
   1.9753
   0.7850
   0.2818
   0.4830
   1.4749
   0.0121
   0.1968
   1.7571
   0.4644
   0.2969
   0.1468
   0.8293
   1.6823
   0.5197
   0.4028
   0.1757
   1.7579
   3.7248
   1.1716
   0.0081
   1.2666
   0.2165
   2.2397
   0.3264
   0.4728
   0.4244
   2.2179
   0.6033
   0.0127
   4.4691
   2.5028
   0.4807
   1.4026
   0.4985
   0.1944
   0.7967
   0.7212
   2.4347
   0.4924
   1.8818
   1.3989
   0.1900
   1.2828
   1.4251
   0.6973
   0.1654
   2.8042
   1.7163
   0.9848
   1.1650
   0.2922
   2.8299
   0.0528
   0.7346
   0.7889
   0.9492
   4.3060
   3.7069
   0.3332
   0.4022
   0.0493
   0.9595
   1.7408
   0.2238
   0.1670
   0.2968
   0.5986
   9.1636
   0.0834
   1.5122
   1.3440
   0.3342
   0.3912
   3.3444
   0.8039
   0.3588
   0.2968
   0.0349
   0.8291
   0.4910
   0.2672
   0.2364
   0.4373
   0.3447
   0.3801
   0.7227
   1.9555
   0.1481
   0.5973
   1.0136
   3.5863
   0.6556
   0.9024
   0.1025
   0.6799
   2.0621
   0.1041
   0.7397
   2.9462
   0.2687
   0.7212
   1.1760
   1.5308
   0.4716
   0.0234
   0.7861
   0.1854
   1.7714
   1.4876
   0.9073
   0.4077
   0.0574
   0.4476
   0.0731
   0.0400
   0.8124
   0.5452
   0.7539
   0.1186
   0.1238
   0.8763
   0.1800
   0.8159
   0.3330
   0.0907
   0.3925
   1.9260
   0.4221
   0.1535
   0.5822
   1.7045
   0.2757
   2.4024
   0.3602
   0.7667
   1.0161
   0.5394
   0.5152
   1.4612
   1.2460
   0.4923
   1.5382
   0.8994
   1.2085
   0.0880
   0.3336
   0.2134
   1.6455
   0.1178
   0.2404
   2.3395
   2.9051
   0.0417
   0.1070
   0.0119
   0.8555
   2.4746
   0.3360
   0.3147
   4.0606
   0.1126
   0.2678
   2.2508
   0.3643
   0.7986
   4.2594
   0.4030
   0.7360
   0.6291
   0.6710
   0.1369
   0.3784
   0.9252
   0.7167
   0.5767
   2.2038
   0.0406
   0.1319
   0.2114
   0.4146
   2.6375
   1.0532
   0.8273
   0.4166
   1.6804
   0.1809
   0.0749
   0.0638
   2.7403
   0.1166
   0.6345
   0.0574
   0.3242
   1.6518
   0.6423
   2.2295
   0.7154
   3.2365
   2.3731
   0.8551
   0.9775
   0.1518
   0.3805
   0.4024
   0.0973
   1.1367
   1.7784
   0.9606
   0.4150
   0.1334
   0.2410
   0.1199
   1.5860
   0.2686
   0.2133
   0.6544
   0.3766
   0.4495
   0.4297
   0.8390
   0.6930
   0.1731
   0.1373
   0.4324
   0.8024
   0.0728
   0.6361
   1.2763
   1.4427
   2.3168
   0.0547
   0.5394
   0.0312
   0.5369
   0.6261
   0.3127
   1.4414
   3.1668
   0.1458
   0.2820
   0.4053
   0.0176
   0.6874
   0.2510
   0.8929
   0.0233
   0.4357
   0.3041
   1.8069
   0.6730
   0.5743
   0.6326
   2.3006
   1.7562
   1.5537
   0.7875
   0.7786
   0.2166
   0.4431
   0.0401
   1.0073
   1.8297
   0.3371
   1.4566
   0.2022
   0.7203
   2.3458
   0.2999
   3.2890
   0.7949
   0.6215
   0.1475
   0.0215
   0.1673
   0.4021
   1.8552
   0.7969
   0.2570
   0.5604
   0.9878
   1.6962
   1.4252
   1.4457
   0.4484
   0.6951
   1.6389
   2.1771
   0.4623
   0.7393
   0.7337
   0.8313
   1.3746
   0.4053
   0.2874
   1.9818
   0.4412
   1.5943
   2.4499
   1.4852
   1.2492
   0.2340
   0.1032
   0.8977
   0.5471
   1.4524
   0.4433
   2.3475
   2.4105
   0.6063
   1.5051
   0.9397
   0.5534
   1.0527
   0.9579
   0.9274
   0.0836
   0.7542
   0.7324
   2.8124
   0.3098
   0.6751
   0.7835
   0.7530
   0.5855
   0.9042
   0.2432
   2.1565
   0.0710
   0.7808
   0.0400
   1.2623
   0.0862
   0.4251
   0.8922
   0.1463
   0.5545
   0.1462
   4.3593
   1.9682
   0.0743
   0.2347
   3.1520
   0.5080
   1.4071
   0.0658
   0.1902
   2.6869
   0.6593
   1.1152
   0.2580
   3.3737
   0.1052
   0.0703
   1.1782
   1.0591
   0.7754
   1.4016
   0.2778
   0.6236
   0.9512
   0.6669
   1.1984
   0.6098
   2.1839
   0.0160
   0.5095
   0.9041
   3.1866
   0.9441
   0.3837
   1.2485
   0.4101
   0.0232
   0.0040
   0.5830
   0.5813
   0.0491
   0.9359
   0.9168
   0.1024
   0.2735
   0.8472
   0.2395
   1.5053
   0.1281
   0.1116
   0.0253
   0.1293
   0.2307
   0.1756
   4.3263
   1.3611
   0.4926
   3.9984
   1.5106
   0.2256
   1.6524
   0.7118
   0.4305
   1.2746
   0.4263
   0.4267
   1.2472
   0.0702
   0.2402
   0.8810
   0.2763
   0.8976
   2.1397
   0.9167
   0.0011
   0.4173
   0.4723
   0.1604
   2.4550
   0.5843
   1.1589
   0.5440
   2.7951
   0.5567
   2.2047
   0.0826
   0.6464
   4.1556
   1.5010
   0.2304
   0.3278
   1.5512
   0.5214
   0.2550
   3.1953
   0.4162
   0.5332
   0.0154
   0.7480
   0.8484
   0.1417
   2.4152
   0.5719
   0.3845
   0.7273
   0.8603
   0.4053
   0.6381
   1.6892
   1.6938
   0.3660
   1.1065
   1.0831
   0.1246
   1.2724
   3.9108
   1.4414
   1.0781
   1.1457
   0.9723
   1.0450
   1.3220
   0.3917
   2.8277
   1.0011
   1.7637
   3.5987
   0.7678
   1.6465
   0.0944
   3.8055
   0.3486
   3.0210
   2.1113
   0.4826
   0.4511
   1.1536
   0.9628
   1.1683
   0.6115
   0.0150
   1.4157
   0.3749
   2.4392
   0.1453
   0.3020
   0.7290
   0.4049
   0.0054
   0.8682
   1.3100
   2.1042
   0.6182
   0.1284
   3.1432
   2.2766
   0.0394
   0.4002
   0.6543
   0.2851
   3.8434
   0.7090
   0.2737
   1.1589
   0.1067
   0.5244
   1.0721
   1.7479
   0.0765
   0.4267
   2.2696
   1.5018
   1.8123
   0.1619
   0.4367
   2.0813
   0.8202
   0.5457
   0.0438
   2.4366
   1.3899
   0.5434
   2.3651
   0.3860
   2.2986
   5.6807
   1.1832
   0.2581
   1.8912
   0.3151
   0.8646
   0.9904
   3.6142
   0.5804
   0.4803
   0.1801
   2.0177
   0.7729
   0.1387
   0.3123
   0.8506
   0.1929
   1.2601
   2.0318
   0.3515
   0.4207
   1.3552
   2.5390
   1.9559
   1.1951
   3.0560
   0.8853
   1.9631
   0.6352
   0.9818
   3.6770
   0.7378
   0.1595
   0.1470
   0.1017
   0.3940
   0.2524
   0.4936
   0.5356
   0.3995
   0.1806
   1.1111
   1.1827
   0.2254
   0.2606
   2.0170
   0.2849
   1.8773
   1.0781
   0.6307
   0.4407
   0.1650
   0.6329
   1.4223
   1.4617
   3.1684
   0.0010
   0.0222
   1.6858
   0.9926
   0.1202
   1.4407
   0.3773
   0.0078
   1.2850
   0.3498
   0.6276
   0.6785
   0.3863
   1.3033
   1.4135
   0.3141
   0.4835
   0.9131
   1.3649
   0.4821
   0.8737
   0.3939
   1.9946
   0.7567
   0.3635
   2.6833
   1.1790
   0.2488
   1.8115
   0.3848
   0.9722
   1.3718
   0.9374
   1.3896
   0.2883
   0.3683
   0.4545
   1.5212
   1.5705
   1.6855
   0.1979
   1.5101
   2.2573
   0.4093
   3.2744
   2.4426
   0.1368
   2.1846
   0.3496
   1.6354
   0.0470
   3.3816
   1.0296
   0.3256
   1.7698
   0.7168
   0.2524
   1.3653
   0.0722
   4.7136
   0.0830
   0.2506
   0.8790
   1.7236
   0.3356
   0.2676
   0.9305
   0.9906
   0.5915
   1.3669
   3.7326
   0.9717
   2.9792
   0.3961
   0.6322
   0.6881
   0.2072
   1.3017
   0.8894
   0.2229
   0.8250
   2.9358
   1.1859
   0.0200
   0.1641
   0.0352
   2.2100
   0.6159
   0.5105
   1.5914
   0.5595
   0.8291
   1.1270
   1.1155
   0.7920
   0.1228
   0.6252
   1.8792
   0.4818
   0.5351
   0.0127
   0.3424
   0.4194
   0.8793
   1.3590
   1.2273
   0.1675
   0.3404
   0.4865
   0.6168
   0.8890
   0.1551
   0.0504
   1.6657
   0.0091
   1.3348
   0.3771
   1.2589
   0.7015
   0.8948
   0.1506
   0.1469
   0.1028
   2.3409
   0.7011
   2.7089
   1.6139
   0.9075
   2.3843
   1.1716
   0.5339
   1.0735
   0.2569
   1.2426
   0.7500
   1.1408
   1.1449
   2.0663
   0.3719
   0.0504
   1.2509
   1.2809
   2.1721
   1.3411
   2.1448
   1.6326
   0.8369
   0.4241
   3.4182
   0.4992
   1.0009
   0.2525
   0.0046
   0.7921
   0.6965
   0.3963
   2.0501
   2.1148
   2.0040
   3.4787
   2.4674
   0.7395
   1.6191
   0.9282
   0.0930
   0.7993
   0.8382
   1.2674
   0.2045
   0.1486
   1.4336
   1.4806
   2.4587
   3.1204
   0.4575
   3.2022
   0.7330
   0.8535
   0.3740
   0.3713
   0.1704
   1.5850
   0.5295
   2.3683
   2.4734
   0.6952
   2.2053
   2.6267
   1.7667
   0.4657
   0.4283
   1.9919
   0.1472
   0.6179
   0.8485
   1.4399
   0.4437
   0.1622
   0.5252
   0.7134
   0.0295
   1.4285
   0.1993
   0.6912
   1.6591
   1.6085
   0.8065
   0.2386
   0.4645
   1.8747
   1.3850
   0.0909
   1.9717
   2.3877
   0.6107
   0.1969
   0.9324
   0.7378
   1.9876
   2.3238
   0.1875
   1.5562
   0.2559
   2.6955
   0.6039
   0.3189
   0.7258
   0.5774
   1.3977
   0.7953
   0.3157
   1.2161
   0.0027
   1.6777
   1.5529
   0.4448
   2.1857
   1.3121
   3.4279
   1.8561
   0.0738
   1.4927
   0.4830
   1.4161
   0.6468
   1.0665
   0.3025
   0.2167
   0.6594
   0.3933
   0.2858
   0.7377
   0.8944
   1.4914
   4.7396
   1.6847
   0.2677
   0.0550
   1.6330
   0.9857
   2.0274
   0.2535
   0.3559
   0.5401
   1.2639
   0.6123
   0.7310
   1.4209
   0.5358
   0.0872
   0.2085
   0.7844
   1.9308
   0.0246
   5.0648
   0.1968
   0.8421
   0.0553
   0.6885
   0.8486
   3.9734
   0.5929

