   0.7207
   1.5096
   0.5707
   1.5852
   0.2816
   0.3661
   0.4049
   0.8750
   1.7431
   0.6227
   0.5399
   0.6292
   0.6135
   1.3122
   0.8237
   1.6005
   0.3043
   1.2350
   1.2510
   0.4593
   0.8472
   1.1738
   0.8920
   0.6966
   1.2746
   1.6726
   0.4547
   0.9578
   0.7393
   1.2383
   0.5469
   1.1630
   0.5449
   0.9678
   3.0670
   1.7946
   1.2992
   1.1124
   0.8799
   0.2160
   1.2829
   0.6268
   0.6221
   1.2168
   0.7962
   0.7649
   0.4863
   0.6289
   1.4526
   1.1461
   0.6911
   1.5670
   1.1723
   0.8146
   0.5084
   2.1607
   3.3896
   0.2821
   2.8527
   0.7861
   1.4410
   0.7608
   0.4954
   1.4565
   0.5800
   0.8239
   1.3862
   0.2509
   0.2776
   0.7820
   0.8255
   0.5602
   2.1655
   1.0916
   0.3200
   0.8842
   0.5013
   0.6518
   0.6622
   0.7031
   0.4409
   0.6494
   0.6820
   1.7272
   0.4261
   0.4099
   1.0833
   1.4261
   0.7421
   0.6853
   0.7693
   0.8421
   1.2429
   0.7374
   2.4372
   2.7775
   0.9574
   0.5615
   0.3231
   2.6636
   1.4369
   0.5067
   0.9338
   0.8768
   0.7860
   0.4836
   1.3290
   0.7228
   1.0653
   0.4476
   0.9848
   0.2958
   0.6417
   1.0868
   2.0585
   0.6671
   1.7037
   0.7594
   1.1751
   0.8054
   1.4145
   0.7858
   0.7465
   0.5770
   0.2752
   1.2706
   0.9130
   1.3841
   0.3543
   0.5080
   0.8529
   0.8200
   0.5990
   1.5177
   0.8718
   0.7250
   1.4669
   0.6865
   0.8948
   1.2556
   0.8046
   1.0727
   0.5019
   0.6094
   1.2818
   1.0743
   1.7645
   2.6202
   1.3516
   0.6393
   0.7959
   1.9024
   0.3439
   0.7869
   1.0566
   1.0787
   1.5004
   0.4037
   0.9768
   1.8908
   0.3299
   0.5757
   0.5527
   0.9476
   1.2746
   0.7998
   0.3542
   0.5979
   0.2891
   0.6109
   0.2051
   1.5107
   0.5432
   0.4301
   0.2781
   0.4728
   0.7481
   1.5473
   1.4130
   0.4201
   1.2392
   0.2397
   0.6010
   1.4855
   1.4091
   0.5010
   1.4974
   1.3790
   1.0697
   0.9983
   0.7672
   0.4919
   0.5309
   1.1324
   0.8150
   0.6079
   1.1779
   3.2225
   0.5141
   0.6197
   0.8976
   2.8200
   1.3917
   0.5699
   1.9997
   0.8804
   1.2619
   1.3416
   0.7847
   1.9553
   0.7359
   0.1803
   0.7376
   1.0352
   1.5404
   0.8244
   0.3263
   0.4111
   0.6687
   0.4983
   0.5997
   1.9179
   0.5014
   0.6097
   1.3579
   0.7974
   0.5336
   1.7666
   0.8390
   0.6929
   1.2546
   0.7399
   3.4782
   1.2193
   0.5145
   1.2820
   0.6666
   1.9931
   0.5591
   0.1746
   0.3782
   0.9155
   0.3233
   0.6302
   0.3204
   0.7570
   1.0648
   0.4705
   1.3387
   2.2819
   0.6395
   0.9428
   0.5385
   1.0104
   0.3601
   1.8921
   0.4277
   1.0421
   0.2289
   0.8480
   0.3868
   0.5843
   0.8971
   1.1154
   1.4374
   0.6237
   1.3436
   0.9171
   0.7347
   0.7239
   1.1115
   2.7039
   0.3370
   1.1821
   0.8013
   0.5782
   0.5411
   0.7559
   0.8262
   0.9814
   0.5295
   0.9294
   0.8575
   1.0077
   0.8853
   1.0505
   0.7173
   1.0144
   0.3255
   0.9628
   1.6003
   1.0534
   1.1694
   0.9728
   0.5244
   2.1647
   1.7843
   1.4748
   0.4366
   1.0106
   0.5140
   1.2295
   0.5475
   1.1476
   1.1258
   0.8734
   1.2118
   1.0988
   0.9469
   1.2310
   0.7094
   0.5451
   0.7916
   0.6359
   0.4746
   1.0230
   3.6871
   0.8677
   0.7553
   0.4404
   0.9514
   0.9542
   1.6189
   0.7161
   0.2841
   0.8772
   0.6490
   0.7586
   0.7384
   2.0076
   0.6778
   0.7917
   1.1295
   0.7334
   0.3836
   1.5760
   0.4315
   0.3321
   0.8854
   0.9431
   1.1976
   2.0198
   4.2816
   1.6560
   0.3615
   3.1173
   0.8384
   1.1281
   0.9828
   0.8285
   1.6740
   1.0247
   0.8497
   0.8309
   1.3371
   0.4191
   0.4214
   2.3214
   0.4808
   0.3135
   1.3364
   0.5200
   0.7464
   0.3246
   0.7558
   0.6460
   0.2687
   1.1527
   0.8422
   0.6622
   0.4078
   0.7861
   2.3665
   0.9362
   0.9233
   1.8011
   1.3454
   0.6411
   0.5580
   0.6597
   0.3338
   0.4957
   1.5210
   0.4978
   1.0085
   0.7323
   0.6424
   1.3644
   0.5618
   1.7527
   0.6427
   0.7012
   0.5166
   0.4077
   2.1153
   0.4351
   1.5032
   0.8089
   0.6839
   0.8119
   0.8196
   0.8956
   0.4611
   0.5103
   1.7857
   1.0209
   0.3260
   0.5953
   0.5378
   1.5634
   1.3304
   2.5227
   0.5915
   0.8517
   2.8457
   0.5055
   1.4115
   0.1143
   1.2034
   1.0841
   0.9139
   0.7356
   0.9629
   1.2184
   0.9044
   2.2931
   0.4945
   0.6153
   1.4374
   0.6115
   0.2365
   1.2630
   0.5371
   0.7603
   1.2406
   1.2753
   1.5427
   2.2293
   0.4729
   0.4415
   1.0351
   1.2142
   0.3391
   0.9134
   1.6004
   2.0639
   1.3974
   1.1498
   0.8934
   0.3799
   0.9571
   1.4081
   0.4153
   1.4487
   0.9927
   1.5288
   1.4235
   1.0757
   1.0704
   0.9818
   0.6502
   1.4163
   1.0414
   0.3907
   0.3907
   1.1358
   1.3990
   1.1354
   0.4568
   1.0596
   0.9064
   1.3345
   0.1296
   1.5200
   0.5977
   0.4377
   1.1276
   1.4669
   0.3277
   1.0521
   1.7408
   0.6893
   0.6873
   0.3726
   1.8632
   0.4105
   1.1336
   2.6250
   1.8544
   1.9950
   0.9282
   2.1695
   1.1112
   1.9751
   0.4733
   0.5605
   2.3641
   0.7006
   0.5930
   2.5729
   1.3053
   0.9581
   0.6364
   1.0645
   0.8978
   1.5373
   0.5412
   0.9216
   1.5931
   0.6697
   1.1313
   0.7464
   0.6895
   1.3531
   0.8605
   1.2933
   0.5603
   1.1093
   0.4898
   0.4515
   1.2127
   1.6921
   0.8096
   1.0629
   2.2167
   0.8444
   2.4805
   1.5046
   0.3669
   1.0414
   1.4929
   0.5162
   1.7280
   0.5950
   1.0287
   0.7107
   1.9484
   0.8538
   1.4466
   0.1863
   0.8533
   0.5516
   0.6762
   0.2884
   0.2625
   0.3862
   0.3687
   2.3077
   0.6738
   1.6577
   0.8727
   2.6382
   1.5923
   1.1845
   0.6206
   0.7076
   0.1344
   0.5349
   0.6541
   1.6273
   1.1233
   0.8547
   0.5808
   0.4014
   0.8430
   0.6079
   1.0567
   0.3927
   0.4231
   0.3686
   0.7457
   0.5742
   0.7514
   2.3564
   0.9040
   1.5432
   0.5307
   0.5820
   1.2267
   0.9634
   1.5831
   1.1352
   0.5206
   0.9898
   1.8241
   0.7870
   0.6676
   2.1306
   0.2065
   0.4888
   0.5504
   1.7909
   1.2012
   0.1054
   0.3541
   1.3866
   0.9903
   1.0913
   1.4102
   0.8929
   0.6498
   0.7086
   0.2714
   0.6693
   2.4584
   1.8142
   1.1255
   0.7998
   1.0013
   0.6462
   0.7080
   0.5431
   2.2217
   2.9717
   0.6041
   1.1749
   1.3292
   0.6287
   0.3609
   0.8738
   1.2663
   1.9380
   1.0136
   0.5396
   0.6031
   0.7001
   1.9206
   1.3561
   0.9696
   1.3137
   0.6092
   1.0688
   0.7170
   0.5801
   0.6542
   2.0657
   0.6246
   0.7048
   0.6186
   1.6511
   0.8844
   1.4526
   0.9691
   0.4196
   0.8208
   0.6452
   0.8284
   0.7398
   1.5362
   1.0240
   2.2776
   0.5698
   0.7645
   1.5284
   2.6086
   0.4765
   1.3563
   0.8645
   0.7754
   0.4846
   0.8088
   0.5674
   0.4685
   0.2140
   1.5652
   2.0242
   3.1670
   1.0063
   1.3362
   1.7370
   1.8385
   0.8386
   1.1799
   0.4923
   2.2685
   1.4628
   0.9440
   0.9202
   0.4900
   1.9527
   0.6268
   1.3810
   0.4741
   0.5572
   0.1325
   0.4743
   1.6330
   0.3734
   0.8797
   1.3640
   0.5916
   0.3722
   0.7021
   0.6614
   0.6479
   0.4255
   0.6411
   1.6915
   0.7890
   0.2548
   1.4552
   0.8932
   0.4333
   0.8224
   0.5133
   0.7486
   2.0593
   2.2111
   1.6966
   1.8712
   1.0493
   1.3982
   0.2456
   0.5361
   0.4236
   0.4470
   0.8580
   1.1217
   0.9420
   0.5876
   1.4893
   0.4883
   1.4107
   1.0976
   0.6208
   0.1889
   0.6522
   0.9752
   1.6870
   1.1526
   1.3563
   0.4147
   1.5994
   1.0249
   1.2243
   1.2484
   0.5338
   1.1580
   0.5000
   0.5907
   1.4812
   1.1398
   0.6473
   0.3686
   0.9130
   0.8029
   1.1395
   0.4895
   2.5821
   1.2813
   1.5587
   0.5374
   0.6165
   0.4525
   1.2931
   0.7303
   2.4951
   1.0307
   0.9361
   1.4711
   0.5147
   1.0269
   0.6538
   0.4499
   0.3174
   1.4767
   0.5981
   0.3321
   2.7694
   1.3000
   1.0580
   1.0146
   0.5921
   1.1440
   0.5877
   0.6540
   0.5519
   0.8782
   0.6457
   0.7316
   1.2317
   0.7036
   0.6783
   0.3863
   0.4859
   0.3502
   0.5527
   0.2551
   0.7263
   0.7307
   0.2934
   1.7771
   0.3870
   0.7978
   0.3446
   1.5436
   0.5453
   0.6647
   0.7568
   1.0528
   0.8109
   1.5485
   0.5828
   0.3106
   0.5227
   0.7668
   1.3082
   0.5518
   2.4986
   0.9063
   0.8084
   0.5969
   0.4915
   2.2747
   0.9117
   1.1663
   1.0018
   0.7098
   1.5134
   0.3397
   1.3197
   0.6219
   0.6075
   0.4961
   2.0159
   0.3549
   0.6418
   1.5130
   2.1883
   0.8798
   0.9347
   0.9447
   1.1776
   0.6506
   1.9972
   0.2920
   1.3034
   0.9692
   1.4348
   0.6676
   0.5041
   1.6985
   1.6417
   0.7648
   0.9182
   1.7460
   0.5821
   1.5949
   0.7375
   1.3419
   1.3161
   0.6181
   0.5640
   0.6990
   0.9484
   1.9311
   1.7700
   0.2529
   0.8857
   0.9476
   0.5465
   1.3794
   0.7805
   1.0509
   0.4206
   0.3356
   1.1030
   0.9330
   4.2870
   0.2503
   0.8978
   2.0555
   2.5716
   1.0563
   2.0266
   1.1718
   1.4698
   0.2774
   1.0360
   0.5492
   0.6190
   0.9092
   0.2879
   1.1182
   0.7648
   0.7702
   0.4298
   3.1557
   0.7751
   0.9879
   0.8887
   0.8672
   1.0775
   0.8394
   0.3988
   0.4664
   1.2949
   0.4344
   0.3276
   2.1071
   0.9027
   1.1878
   0.6479
   1.1555
   0.9028
   0.7323
   0.6171
   0.4428
   0.5369
   1.4013
   1.3954
   0.8197
   0.2911
   1.9487
   0.9021
   0.8014
   0.8051
   0.6832
   0.4836
   1.4229
   0.9172
   1.7522
   1.1666
   1.4787
   1.0809
   1.3053
   2.5940
   0.4580
   0.8483
   0.5903
   0.6958
   1.1201
   1.7013
   0.7376
   1.2511
   0.6015
   1.6260
   1.0637
   0.9566
   0.5120
   0.6548
   0.5943
   2.4410
   1.4674
   0.5382
   1.3207
   0.6084
   0.5644
   0.2265
   0.6772
   0.5377
   0.7915
   0.6594
   0.3017
   0.3900
   2.0069
   0.7988
   0.9384
   1.6529
   0.7673
   0.2214
   1.0384
   0.6387
   1.1082
   0.6396
   1.2667
   1.5498
   0.8885
   1.7576
   1.0380
   0.2559
   0.7077
   0.3721
   0.7321
   0.6541
   1.2799
   0.5520
   0.7362
   1.1162
   0.8731
   0.9913
   0.4110
   0.4578
   2.8002
   1.3950
   0.8939
   0.7966
   0.7836
   1.0484
   1.0616
   2.4725
   0.8812
   1.5231
   2.6462
   0.4547
   0.7641
   1.2564
   0.2351
   1.9131
   3.2598

