   1.2322
   0.7697
   1.1227
   0.7028
   1.4270
   0.6581
   1.0797
   1.4567
   0.8318
   0.6549
   1.1064
   1.0000
   0.6989
   0.5601
   1.1776
   1.1867
   0.6733
   1.8824
   1.7999
   1.0606
   0.8724
   1.3210
   0.5405
   1.1462
   0.8497
   0.3493
   1.7434
   1.0000
   0.5323
   0.8676
   1.3566
   0.7173
   0.5378
   1.0000
   1.9995
   1.0000
   0.6482
   1.0000
   1.2738
   0.6771
   1.0491
   1.0000
   1.9587
   1.1810
   1.2027
   1.5620
   0.6065
   0.8204
   0.6064
   0.2523
   0.6724
   0.9867
   1.2877
   1.2033
   1.6127
   0.8452
   0.3915
   0.8568
   1.0565
   1.2235
   1.7159
   0.9014
   0.5010
   1.3868
   0.7348
   0.7262
   1.0549
   1.4276
   0.6744
   1.0761
   1.3588
   0.5575
   0.8979
   1.7935
   1.3622
   0.9162
   1.0000
   0.9097
   0.6715
   0.8501
   1.2721
   1.6652
   1.0000
   1.9244
   1.1336
   0.7770
   0.3841
   1.6375
   0.9657
   0.6895
   1.3068
   2.0008
   1.3071
   0.9042
   1.1874
   0.8421
   0.3809
   0.8664
   1.0542
   0.8691
   0.7910
   0.7950
   0.5621
   1.5092
   0.6483
   0.6759
   1.2414
   0.5648
   0.7098
   1.1124
   1.0000
   1.5017
   1.2463
   1.4866
   0.5502
   0.6680
   0.2253
   1.0919
   1.4595
   1.1063
   0.7039
   0.4287
   0.9428
   0.8380
   1.0000
   0.7924
   0.2938
   0.6568
   1.0000
   1.0000
   1.2878
   1.1593
   1.3660
   1.0000
   0.6779
   0.4957
   1.4626
   1.0283
   1.3680
   0.8656
   1.0000
   0.8841
   1.0000
   0.7564
   0.8204
   0.7306
   0.4393
   0.9654
   0.8077
   0.7546
   1.5647
   0.5383
   1.1598
   0.8376
   1.0000
   0.5784
   0.9387
   0.6010
   0.8050
   0.9141
   1.1742
   1.4093
   0.5093
   1.0000
   1.2632
   1.3346
   1.2986
   1.0000
   0.7854
   0.5040
   0.8976
   1.0126
   1.0419
   0.7772
   1.2362
   1.0000
   0.7862
   0.8985
   1.6169
   0.6511
   0.5332
   0.6859
   1.0852
   1.4289
   1.2616
   0.8924
   1.0000
   0.8821
   0.7280
   1.4386
   1.0340
   0.6514
   1.6770
   1.4809
   1.5783
   1.0931
   1.0000
   0.6355
   0.7858
   0.5005
   0.7424
   0.5973
   1.3684
   0.7315
   0.7289
   0.9785
   1.3139
   0.3668
   1.2583
   1.0000
   0.8394
   1.5892
   1.2156
   1.4312
   0.9255
   0.6171
   0.9239
   1.3402
   1.3146
   1.0932
   1.0000
   0.8838
   1.0977
   1.0000
   0.7792
   0.6332
   1.1211
   0.9342
   0.3211
   0.4220
   0.9012
   0.7130
   0.9828
   0.9038
   1.0466
   1.1776
   1.0000
   1.0798
   1.4329
   1.0061
   1.5059
   0.8353
   0.9227
   0.7834
   1.1610
   0.5685
   1.0787
   1.1223
   0.5275
   1.0000
   0.6378
   1.0000
   0.9385
   1.3392
   1.0000
   1.0440
   1.4716
   0.5718
   0.5988
   0.4373
   0.5304
   0.4201
   0.8841
   0.6816
   1.3867
   0.7400
   0.5769
   0.8354
   1.1621
   0.8316
   1.1049
   0.5420
   1.6937
   1.0000
   0.5697
   1.2652
   1.0940
   0.8726
   0.5295
   0.9424
   0.9475
   0.9217
   1.2758
   1.0518
   0.8351
   0.8528
   1.3734
   0.5152
   1.2640
   1.5113
   0.5792
   1.1563
   1.9720
   0.4186
   1.4974
   0.9807
   1.4602
   1.1648
   1.0000
   0.6207
   0.7016
   1.0458
   1.0000
   1.1661
   1.1620
   1.2454
   1.4518
   0.9595
   1.0000
   1.1230
   1.7799
   1.0000
   0.9688
   0.9172
   0.5351
   0.9595
   1.0000
   0.9730
   1.0822
   1.0000
   0.6684
   0.6215
   1.0000
   1.0960
   1.2392
   0.7108
   0.9842
   0.4832
   2.2790
   1.2326
   1.3106
   1.0091
   1.3380
   0.4525
   0.8289
   0.7972
   1.4026
   1.0937
   0.5826
   1.6827
   1.0000
   1.6624
   1.3117
   0.6454
   1.0000
   1.1179
   0.5080
   0.2737
   0.6285
   1.0000
   0.7394
   0.9142
   1.0000
   1.0628
   1.0938
   0.6325
   0.7465
   1.0743
   0.6624
   0.5110
   0.8728
   2.3124
   1.0000
   1.0701
   0.8733
   0.6688
   0.9278
   0.7655
   1.0000
   1.1269
   1.0000
   1.1834
   0.7875
   1.0000
   0.6378
   1.4267
   0.3034
   1.3964
   1.1560
   1.0000
   0.8081
   0.6963
   1.3828
   1.0000
   0.6328
   0.6384
   1.6906
   1.4644
   2.1633
   1.5840
   1.2269
   0.8995
   1.0000
   0.7034
   0.6214
   0.7956
   0.5929
   0.7279
   0.7773
   1.4510
   0.9261
   1.2166
   0.8048
   0.5887
   1.0901
   0.4859
   1.2744
   0.5513
   2.1302
   1.0000
   0.9471
   1.4983
   0.7569
   0.7806
   0.8486
   1.0000
   1.2884
   0.7030
   0.4806
   0.4946
   0.8058
   0.5838
   1.6210
   1.0000
   0.7539
   0.6650
   1.6088
   0.4065
   0.7437
   0.5832
   1.0000
   1.2409
   1.1693
   0.8218
   0.8928
   0.9618
   1.0000
   0.6302
   0.6927
   0.8248
   1.1304
   0.7946
   0.8447
   0.5249
   1.1861
   0.5187
   1.1979
   1.0000
   1.1167
   1.2711
   1.9403
   0.7894
   0.7264
   1.0945
   1.0454
   1.1711
   1.1383
   1.1543
   1.0000
   1.6291
   0.8676
   0.8210
   1.4557
   0.8706
   0.9283
   1.5553
   1.0000
   0.7721
   0.6770
   0.9395
   1.5996
   1.0167
   1.3411
   0.9251
   1.0000
   0.7704
   0.6341
   0.6832
   1.4050
   1.1017
   1.4425
   1.6052
   0.5707
   0.8374
   0.7848
   0.4781
   1.0323
   0.4385
   0.9241
   1.0851
   1.7187
   1.4591
   0.7772
   1.6876
   1.0000
   0.5138
   0.8195
   1.4707
   1.0000
   0.6633
   0.5813
   1.0000
   1.1518
   0.6624
   1.2263
   1.0000
   0.9805
   1.3571
   1.1180
   1.0000
   0.6398
   1.1417
   0.7964
   1.0000
   0.4091
   0.5360
   1.4071
   0.9940
   1.0000
   0.5323
   1.0189
   1.0000
   1.2142
   1.0000
   1.0000
   1.9932
   0.5494
   1.3453
   0.3951
   1.0000
   1.0000
   1.0000
   0.8701
   1.4951
   1.0000
   1.2601
   1.1171
   1.6531
   1.0206
   1.0733
   1.4556
   1.3865
   1.1562
   0.1548
   1.2171
   1.4422
   1.0000
   0.9862
   0.8997
   0.9348
   1.0000
   0.5185
   1.2618
   1.0000
   1.1765
   1.1413
   0.6416
   0.9639
   1.3593
   0.9243
   1.0000
   0.4921
   0.8902
   0.5558
   1.0111
   1.2373
   0.8654
   1.0000
   0.5367
   1.2773
   1.2122
   0.7120
   1.4334
   0.9995
   1.1441
   0.9362
   1.0000
   1.0000
   1.2145
   1.0000
   1.0811
   0.7533
   1.0257
   1.5591
   1.2937
   1.6148
   1.0000
   1.0000
   1.0000
   1.7560
   1.1960
   1.0358
   1.0000
   0.8914
   1.0371
   0.6821
   1.5505
   1.4477
   0.7417
   1.3178
   1.4671
   0.5395
   1.0000
   0.8495
   0.6599
   0.6648
   0.6982
   0.5568
   1.5745
   1.0000
   1.5826
   1.0000
   1.0066
   0.3194
   0.7566
   0.6729
   1.4024
   1.3084
   0.6292
   1.0000
   0.9912
   0.6968
   0.9848
   1.1433
   1.1895
   1.3603
   0.8767
   1.6614
   1.0000
   1.0000
   1.2279
   1.3127
   0.5042
   0.8764
   1.0000
   0.8360
   1.0000
   0.8590
   0.7326
   1.2174
   0.8492
   0.7361
   0.6534
   1.6555
   1.0000
   0.9429
   1.3939
   1.0000
   0.2118
   1.4167
   1.0000
   1.0000
   1.3716
   0.6005
   1.2374
   0.8318
   0.7931
   1.5312
   1.5187
   1.2218
   1.0000
   0.6925
   1.5594
   1.0560
   1.7184
   0.8125
   1.4956
   0.8482
   1.2288
   0.7654
   0.3318
   1.0048
   1.2537
   1.1739
   1.0687
   1.3269
   0.8344
   1.0000
   0.8296
   0.3805
   1.3701
   0.9041
   0.9189
   1.7767
   0.6725
   0.7376
   0.9824
   1.7884
   0.5956
   1.0000
   1.2102
   0.9714
   1.2561
   1.2870
   0.7671
   0.9433
   1.2061
   1.5653
   1.7255
   1.2217
   1.1731
   1.0000
   1.1267
   1.0000
   1.0000
   1.0000
   0.8796
   0.5362
   0.6184
   1.0000
   0.3638
   1.0000
   1.1589
   0.9881
   1.2925
   1.3199
   0.5768
   1.2646
   0.5401
   1.1272
   0.9874
   1.2276
   1.0000
   1.1505
   1.0000
   0.6886
   0.9326
   1.1670
   1.0000
   1.5557
   0.7728
   1.1818
   0.6317
   1.2473
   1.0000
   1.0000
   1.0000
   0.6327
   1.0393
   0.2564
   0.9522
   1.0172
   1.5440
   0.9088
   1.0000
   0.8347
   0.7164
   0.5754
   0.7472
   1.0839
   0.7793
   1.5588
   1.1896
   1.4098
   1.3769
   1.0000
   1.1167
   1.2615
   0.7927
   0.7782
   1.3806
   1.0000
   1.5271
   0.9962
   1.1267
   0.5044
   0.2733
   1.7117
   0.4224
   0.6172
   0.9508
   1.4981
   0.5495
   0.9666
   2.0991
   0.2236
   1.4775
   0.2013
   1.5310
   0.7225
   1.0000
   1.6475
   0.5491
   1.3576
   1.0959
   0.5382
   0.7982
   1.1221
   0.8756
   1.0000
   0.4688
   1.5808
   0.5444
   2.2135
   1.5864
   1.1957
   1.2618
   1.0279
   0.8009
   0.9249
   1.3466
   0.3968
   1.1553
   0.9378
   0.7554
   0.8235
   1.0000
   1.2492
   1.3184
   1.2228
   1.0788
   0.6397
   0.9055
   0.6125
   0.2799
   1.0678
   1.0000
   1.2949
   1.4302
   0.6942
   0.5436
   0.7814
   0.6148
   0.7640
   1.2953
   0.5943
   1.1632
   1.0000
   0.8758
   1.5971
   1.2018
   0.9642
   1.0264
   0.4965
   0.6095
   0.7749
   0.6802
   0.7787
   1.0000
   0.2251
   0.5356
   1.0699
   1.0105
   0.3286
   1.5183
   1.0000
   0.9002
   0.6817
   2.0020
   0.6401
   0.5086
   1.1842
   1.6915
   0.9271
   0.9149
   0.7574
   0.6378
   0.5700
   1.0000
   1.3321
   0.7263
   1.1138
   1.1359
   0.9055
   0.6202
   0.8498
   1.2289
   1.0179
   1.0527
   1.0000
   1.0000
   1.6150
   1.5616
   0.9966
   1.0000
   1.1649
   0.7428
   1.4626
   1.2129
   0.8246
   0.4787
   0.7255
   1.0766
   0.6289
   0.7013
   1.0000
   1.0698
   0.9798
   0.7738
   1.5100
   0.3740
   0.6073
   1.4266
   0.6335
   1.5312
   1.0000
   1.0636
   1.1798
   1.0293
   1.0000
   1.4597
   0.5264
   0.5091
   0.9037
   0.7949
   1.0000
   0.8868
   1.0293
   0.8317
   1.0662
   1.1668
   0.8803
   1.0000
   0.7270
   1.0786
   1.0628
   1.2525
   1.4005
   1.0273
   0.6630
   1.4416
   1.0000
   1.0178
   0.9447
   0.8968
   0.7467
   1.2327
   0.5252
   0.5656
   1.0000
   1.6829
   0.9960
   1.5436
   1.0000
   1.0000
   1.2022
   0.8223
   1.3984
   1.2403
   0.6889
   0.5809
   0.9639
   1.4268
   1.5297
   2.1262
   1.2109
   1.9694
   0.9400
   1.1273
   0.7962
   1.0000
   1.0000
   0.8150
   0.7811
   1.0529
   1.3630
   0.6667
   1.2227
   0.8766
   1.1385
   1.8692
   0.7651
   1.0000
   1.2575
   0.8612
   1.0000
   0.6230
   1.9204
   1.0000
   1.8788
   1.0752
   1.0000
   0.7446
   1.0894
   0.8589
   0.7242
   0.9426
   1.2186
   0.6595
   0.9001
   0.3499
   1.5403
   1.5871
   1.0000
   0.8850
   1.0000
   0.6544
   0.5275
   0.6234
   0.8241
   0.9493
   0.6174
   0.8348
   1.0779
   0.9812
   1.4247
   1.0000
   1.1928
   0.4653
   0.7105

