   1.0661
   0.2442
   0.7721
   0.5263
   0.5545
   0.3681
   0.5390
   0.3797
   0.1590
   0.2098
   0.2153
   0.8231
   0.7489
   0.6870
   0.4990
   1.1131
   0.5444
   1.4476
   1.4147
   1.0065
   1.1403
   0.4499
   1.1879
   1.1932
   0.2928
   0.6125
   0.7893
   0.7762
   1.4945
   1.4767
   1.6608
   0.2855
   1.0735
   0.3880
   0.8676
   0.9669
   0.8967
   0.8674
   0.9973
   0.5868
   1.2320
   0.8142
   0.5062
   0.7949
   1.0643
   1.0273
   0.5250
   0.6511
   0.8220
   0.6476
   0.5925
   1.7292
   0.5627
   0.5716
   1.0684
   0.4859
   1.3809
   0.8054
   1.0979
   0.4061
   0.6853
   0.8870
   0.7058
   0.4770
   0.3118
   1.2144
   0.2819
   2.9322
   0.9235
   0.4793
   0.6578
   0.4960
   0.9213
   1.0277
   0.5056
   0.7511
   0.8099
   0.3551
   1.8436
   0.9592
   1.7111
   0.6504
   1.0039
   0.8311
   0.9291
   0.7854
   0.8129
   0.8575
   1.7498
   1.7661
   0.4522
   1.0180
   0.8322
   0.7631
   0.7000
   0.5364
   0.8149
   1.3532
   0.9586
   2.5997
   0.4966
   1.0567
   0.7751
   0.3818
   2.2329
   3.4605
   1.6549
   0.6587
   1.9647
   0.9261
   1.2649
   1.5964
   0.8235
   1.0549
   0.3107
   0.8100
   1.9127
   1.7652
   2.2165
   2.1145
   1.4232
   0.8885
   1.3372
   1.4235
   1.5262
   1.0845
   4.2158
   1.1647
   0.3117
   1.3594
   0.3500
   1.2668
   1.4258
   1.0114
   2.1978
   1.0972
   1.1955
   0.8551
   0.5380
   0.9112
   0.7529
   0.7414
   0.6446
   0.5736
   1.5939
   1.3722
   1.0431
   1.2173
   1.1830
   0.7844
   1.0742
   0.6252
   0.9889
   1.4574
   0.8669
   0.7367
   2.8658
   2.1109
   2.7586
   0.8824
   0.6779
   0.5521
   0.5427
   0.5678
   0.4878
   0.3500
   1.3244
   0.7829
   1.5612
   0.9363
   1.2948
   0.7149
   0.5187
   1.0286
   0.8947
   0.8885
   0.5342
   0.4246
   0.5854
   0.3030
   1.5434
   0.9630
   1.6560
   0.9947
   0.8703
   0.7937
   1.1867
   1.3750
   0.8619
   0.7914
   0.8894
   0.5731
   0.5992
   1.4882
   1.2748
   0.7112
   0.5801
   0.4900
   1.0150
   0.3783
   0.9722
   0.6522
   0.5276
   2.7537
   1.0435
   0.5896
   2.3965
   1.3995
   1.7793
   0.9162
   1.5754
   1.5931
   0.4752
   1.1242
   0.7137
   0.4968
   0.2893
   1.1128
   1.4752
   1.1787
   0.3057
   0.6185
   0.3511
   0.9827
   0.9778
   0.7567
   0.5545
   0.3356
   0.3791
   1.2174
   1.9925
   1.0945
   0.4315
   1.0683
   1.1417
   1.5663
   1.3574
   0.4842
   0.8043
   1.1128
   0.6609
   0.6509
   1.3772
   0.5434
   1.3865
   1.5166
   1.3179
   0.8075
   1.1947
   0.5975
   0.3843
   0.4855
   0.7993
   1.0172
   1.7704
   0.6289
   3.1253
   0.8991
   0.8136
   1.2928
   0.8375
   0.9675
   1.6436
   0.2144
   0.9262
   0.5748
   1.1241
   0.4227
   1.3951
   0.7710
   0.3121
   0.5744
   1.7663
   0.8047
   0.6152
   0.6387
   0.9104
   0.3339
   0.5639
   0.3979
   0.5706
   0.9759
   1.1640
   0.8305
   0.6261
   0.2499
   0.3409
   0.2452
   0.7219
   0.5750
   0.5643
   0.2981
   1.5368
   1.0958
   0.7673
   0.3838
   0.9486
   0.9990
   1.2615
   0.7702
   1.5285
   1.1067
   0.9722
   0.7074
   0.9076
   1.0212
   1.6203
   1.5644
   1.1549
   1.3094
   2.2635
   1.7863
   1.3815
   0.9852
   1.4909
   1.6954
   0.6017
   1.1454
   2.2948
   1.4961
   0.2998
   0.1758
   1.2964
   0.1714
   1.0071
   0.2504
   0.6014
   1.5462
   0.7196
   0.9156
   0.3783
   1.9853
   1.5069
   0.3621
   1.1959
   0.8065
   0.5075
   0.2776
   0.7586
   1.5914
   0.5722
   0.5012
   1.2686
   0.5237
   1.1085
   1.7779
   0.6324
   0.8917
   1.6683
   1.1515
   0.9912
   1.7095
   2.2022
   1.0232
   0.3361
   2.1300
   0.5387
   2.3684
   0.5170
   3.2135
   0.2851
   0.9997
   0.3755
   0.8660
   0.3255
   1.1681
   1.0801
   0.5940
   1.2492
   0.5069
   0.7845
   0.7025
   0.6696
   0.9102
   0.4282
   0.3108
   0.4527
   0.9102
   0.8472
   2.4361
   0.3817
   0.8722
   1.8263
   0.5389
   0.3503
   2.1472
   0.4570
   1.8559
   1.3233
   0.6328
   0.4575
   0.6522
   0.9287
   0.6665
   0.8817
   1.3751
   1.4379
   1.1203
   1.1003
   0.8342
   0.7522
   3.0925
   0.7841
   0.6773
   1.2096
   0.8205
   0.3529
   0.5477
   1.4790
   0.6861
   1.4897
   1.0983
   0.9794
   1.0062
   1.2290
   1.3211
   1.1319
   1.2234
   1.3912
   0.5968
   1.1209
   2.0684
   2.0215
   1.3234
   0.5962
   0.6239
   0.6377
   0.9816
   1.3037
   0.9610
   2.0454
   1.0081
   1.6732
   1.7929
   0.4934
   2.3180
   0.7498
   0.3797
   0.8636
   0.6374
   0.6409
   0.9697
   0.5956
   0.6759
   1.3213
   1.0081
   0.1806
   1.1182
   1.2378
   1.6366
   0.5577
   1.5046
   0.8971
   1.1159
   1.5637
   0.8320
   0.8354
   1.8109
   0.8988
   1.8566
   1.9501
   0.5749
   0.2175
   1.9145
   0.4404
   1.1491
   0.5016
   1.4604
   0.5067
   1.6230
   0.8384
   0.5810
   2.0087
   1.2238
   1.1463
   1.7211
   0.7050
   1.8494
   1.2807
   0.7570
   0.8877
   0.5092
   1.0286
   0.8470
   0.8965
   1.7520
   1.0717
   2.7565
   1.6443
   0.6516
   0.6141
   1.2640
   0.6541
   1.6441
   0.6023
   0.6805
   0.7379
   0.5851
   0.5193
   1.4293
   1.5335
   0.3625
   0.5489
   0.5329
   0.3010
   1.7726
   1.0018
   1.3070
   1.6053
   1.3208
   1.5484
   0.5537
   0.8215
   1.3809
   0.6148
   1.3432
   1.2041
   0.6731
   1.1546
   0.5774
   1.1830
   0.5167
   1.4559
   0.7060
   0.8133
   0.5046
   1.0532
   1.3362
   1.4004
   1.1691
   0.6316
   0.3317
   2.1370
   1.2406
   0.6759
   0.8914
   0.5400
   2.1564
   1.5223
   0.6345
   0.7027
   0.6736
   1.0321
   0.9757
   1.4444
   0.9706
   1.4342
   0.8248
   1.6095
   0.6049
   0.8592
   0.5335
   1.3216
   1.5669
   1.2904
   0.6446
   0.6429
   1.3135
   1.2411
   0.7164
   1.5100
   0.8694
   0.7772
   1.2282
   0.7658
   1.4264
   0.2690
   1.1156
   0.3423
   0.6712
   0.4176
   0.9961
   0.4755
   0.3905
   0.6478
   0.5162
   0.7019
   0.7123
   0.6812
   1.3496
   0.6692
   0.9071
   0.4702
   0.3361
   1.2515
   0.5560
   0.5252
   0.2741
   0.5809
   0.3291
   0.3739
   1.0394
   1.0484
   0.9609
   1.2916
   1.1972
   0.6657
   0.2353
   1.2667
   0.9368
   1.4320
   0.7329
   0.9989
   1.1465
   0.6873
   0.5759
   0.3225
   1.0312
   0.8905
   0.6955
   0.2977
   1.3384
   0.8847
   1.2616
   0.8910
   1.0311
   0.7958
   1.2112
   2.4714
   0.7809
   0.7347
   1.4248
   1.0570
   0.8490
   1.2610
   0.4611
   1.6189
   0.3653
   1.2471
   1.6298
   0.6721
   0.9125
   1.3698
   0.9776
   1.5671
   2.0800
   0.9275
   1.3680
   0.4449
   1.5626
   0.8758
   2.1251
   2.3251
   0.9315
   0.4941
   0.8649
   1.9381
   0.9145
   1.2900
   1.1715
   0.6525
   1.2138
   2.4593
   0.6885
   0.6494
   1.9569
   0.2621
   0.6282
   2.4839
   0.6910
   0.7844
   1.4969
   1.3819
   0.6561
   0.6453
   1.1054
   1.2702
   0.5045
   1.4278
   0.6319
   0.8148
   0.3553
   0.4870
   0.5923
   0.8039
   0.4108
   0.8157
   0.5916
   0.8060
   1.5107
   1.1717
   1.0005
   1.0653
   0.9176
   1.0356
   2.0036
   1.3466
   0.5327
   0.8158
   0.5453
   0.3291
   1.2538
   0.1298
   0.1800
   0.8244
   0.3736
   0.2740
   0.4598
   0.7323
   1.0039
   0.6019
   0.6195
   1.2000
   0.7218
   0.5825
   0.7593
   1.9410
   0.7123
   0.4403
   1.1375
   1.4807
   0.3198
   0.7901
   0.4535
   0.7995
   0.9401
   2.2646
   0.6796
   0.4447
   0.5838
   2.0341
   0.5778
   1.0875
   1.1983
   1.2169
   1.3378
   0.2588
   1.5067
   1.5916
   0.9472
   1.2418
   1.5340
   0.4728
   1.0971
   1.6379
   0.7709
   0.8144
   0.3673
   1.0576
   0.3984
   1.8863
   0.3623
   0.5779
   1.1175
   1.2633
   1.0327
   0.6408
   2.0992
   1.4099
   0.2707
   0.7398
   0.2708
   1.2366
   1.0572
   1.4669
   0.2432
   0.4129
   0.9054
   0.4352
   1.2283
   0.9747
   2.3643
   0.4595
   1.8957
   0.4603
   2.6412
   1.0592
   1.1076
   1.3565
   2.0331
   0.3753
   0.7243
   1.1215
   0.6028
   1.2525
   1.0195
   0.9282
   1.7779
   1.0298
   0.7486
   0.4071
   1.1184
   0.7114
   0.5418
   1.5176
   0.8656
   0.9480
   0.3448
   1.2649
   0.9286
   0.6839
   1.7252
   0.3652
   0.8368
   1.8116
   0.6413
   0.6728
   0.9596
   0.4007
   0.9768
   0.2098
   0.6497
   1.2493
   0.8618
   1.4014
   1.2102
   0.9876
   1.3720
   0.9682
   0.8648
   0.9669
   1.6787
   1.5085
   0.2886
   0.6149
   0.8419
   0.3013
   0.4852
   1.5040
   1.0362
   0.5913
   2.7300
   1.8773
   0.6597
   1.7252
   0.3278
   1.1311
   0.6159
   0.2742
   0.9477
   2.5348
   0.7406
   1.1956
   1.4459
   0.6710
   1.1132
   0.3928
   1.3990
   1.0554
   0.8045
   0.4636
   1.0088
   1.4650
   0.7637
   0.5420
   0.3380
   0.9043
   1.1925
   0.6106
   1.1594
   0.6172
   1.5324
   1.2614
   1.1201
   0.6554
   1.3123
   1.2469
   0.3194
   1.3932
   1.7606
   0.4087
   0.4311
   2.3997
   2.7208
   1.0098
   2.6649
   0.9788
   0.4177
   1.5421
   0.5998
   1.3129
   0.5573
   2.1233
   0.2993
   1.1271
   1.5911
   0.9948
   0.9175
   0.8956
   1.3388
   1.6363
   0.9667
   1.4607
   0.7111
   1.1093
   0.9721
   0.7486
   1.2631
   0.4643
   0.6741
   1.1517
   0.3857
   0.9998
   0.3642
   0.8717
   0.6659
   2.3488
   0.9714
   1.1787
   0.5353
   1.0192
   1.0606
   0.5565
   0.5847
   0.5123
   0.8610
   1.9133
   0.3483
   0.5883
   0.5762
   1.4824
   1.0449
   1.6975
   0.8589
   1.6521
   1.0630
   0.9770
   0.7325
   1.8672
   0.6852
   0.8527
   0.6868
   2.0466
   0.8812
   0.2618
   1.0363
   1.2752
   1.3592
   1.2163
   1.3703
   1.9510
   0.8456
   1.3334
   0.5512
   0.2638
   1.1155
   1.3159
   1.6766
   0.6205
   1.0818
   0.6064
   0.2505
   1.9654
   0.6417
   0.4162
   0.5250
   0.6999
   0.2360
   0.7239
   0.9219
   0.9616
   1.4685
   0.6401
   1.4840
   0.8851
   0.6090
   1.0170
   0.4095
   2.4350
   2.5158
   1.0165
   0.5251
   1.5599
   0.5020
   0.5219
   0.3234
   1.2638
   0.8778
   1.0261
   0.3813
   1.5979
   1.0810
   0.8966
   1.4073
   1.4774
   1.8760
   0.2430
   2.5982
   0.6682
   0.7253
   0.1293
   0.5201
   1.4059
   1.3418
   0.7514
   0.8606
   1.4849
   0.3144
   0.7644
   0.6823
   2.5934
   0.5305
   0.7408
   1.5277
   0.8441
   0.5500
   1.3140
   0.1558
   0.4388
   1.0587

