   0.5435
   1.1639
   1.0503
   0.4388
   0.7634
   0.8020
   1.5677
   0.5950
   1.1625
   0.8331
   0.6234
   0.9305
   1.6369
   0.3320
   0.8475
   2.3314
   2.4239
   0.5415
   0.5792
   1.1981
   1.9457
   0.5433
   1.2514
   1.1752
   1.1684
   0.5416
   1.1133
   0.7565
   0.8933
   1.1198
   1.2068
   0.6624
   1.7888
   1.3424
   0.6718
   1.4426
   0.7471
   0.5363
   1.2426
   1.3893
   0.9414
   0.9232
   0.2027
   0.4794
   0.9638
   0.4620
   0.9841
   0.3419
   1.3176
   1.3785
   2.2259
   0.7792
   1.8474
   0.1333
   0.4911
   1.7329
   0.8110
   1.3085
   1.4957
   0.5667
   1.8225
   1.1466
   1.0489
   0.4874
   0.7683
   1.3029
   1.5902
   0.8733
   0.8176
   1.9553
   2.0727
   1.0758
   1.0334
   0.5234
   1.3770
   0.7559
   1.9567
   0.7253
   0.8046
   0.5092
   2.6284
   1.6037
   2.5349
   1.3576
   0.8817
   1.2439
   1.1724
   1.6901
   1.2941
   0.7050
   0.4478
   0.7117
   1.7383
   1.2733
   0.5441
   1.5972
   0.6828
   0.9640
   1.1539
   0.3726
   2.3205
   0.7557
   0.4972
   0.9254
   1.0902
   1.8386
   0.7275
   2.0445
   0.3723
   1.6205
   0.4621
   1.9980
   0.6147
   0.4970
   0.4643
   1.0295
   1.1887
   2.1088
   1.1105
   3.2848
   1.8534
   1.0619
   1.9179
   1.0102
   1.0123
   0.9196
   0.4308
   2.2112
   1.3606
   2.0787
   0.4026
   0.4256
   0.5876
   1.7498
   2.0700
   0.9068
   1.0563
   0.8323
   1.5606
   1.3726
   0.9951
   1.2140
   1.4265
   0.4688
   0.9994
   1.7236
   1.5948
   1.6129
   1.8135
   1.3269
   0.6181
   0.5928
   1.0083
   0.4897
   0.2102
   1.1769
   0.9732
   1.0740
   1.0968
   0.5362
   1.3062
   0.4996
   0.6551
   1.4806
   0.5819
   0.8316
   0.4455
   0.6623
   0.7685
   0.7291
   0.5341
   1.8658
   0.3416
   0.3743
   0.4565
   0.7294
   0.9433
   1.3628
   0.6563
   1.3871
   0.5599
   0.9496
   0.6210
   2.0642
   0.8170
   1.2625
   1.0490
   0.8601
   1.4186
   1.0755
   0.8907
   0.6231
   0.7024
   1.0366
   0.4798
   1.2057
   1.0089
   0.9245
   1.2084
   0.4361
   1.1339
   0.8113
   2.2819
   1.0629
   0.6054
   0.6275
   1.3764
   0.5242
   1.0299
   0.9383
   1.8713
   1.2209
   0.7263
   0.7543
   1.0672
   2.4537
   0.2620
   0.8268
   1.3162
   0.6839
   0.9427
   1.1427
   0.9919
   1.1372
   0.6110
   0.6115
   0.7589
   1.2976
   1.3737
   0.5130
   0.8843
   1.5054
   0.7434
   0.8324
   0.8206
   0.4952
   1.3478
   0.8423
   1.8261
   0.9551
   0.5018
   0.5604
   0.6216
   1.6573
   0.4939
   2.0850
   1.9156
   1.1468
   0.5858
   1.6397
   1.1172
   1.2831
   0.4114
   1.6107
   0.9665
   1.1176
   1.5948
   1.5307
   1.1267
   0.8869
   1.9996
   0.8463
   0.4854
   0.7372
   0.9660
   0.8848
   0.8229
   0.4881
   0.4904
   1.5254
   2.9467
   0.5420
   0.5516
   0.4241
   1.8382
   0.7536
   0.3073
   0.5888
   1.3321
   1.4940
   0.6064
   1.0149
   0.6023
   1.3035
   1.6092
   1.2203
   1.5772
   0.7775
   0.8425
   0.8930
   1.6387
   0.8511
   0.4338
   1.0685
   0.4416
   0.9125
   0.4080
   0.7665
   0.8276
   1.0183
   1.0326
   1.0519
   1.5361
   0.4541
   1.2593
   1.0338
   0.9450
   0.7809
   0.9083
   1.1834
   1.1791
   1.2663
   0.5682
   0.9606
   1.1252
   0.3007
   0.6406
   1.8067
   1.6828
   1.1681
   1.9352
   0.9599
   0.7006
   1.1610
   0.6403
   0.4677
   0.1784
   0.3846
   2.1373
   0.8513
   0.5200
   0.7132
   1.2421
   1.2960
   1.0557
   1.5649
   1.1846
   1.5336
   1.3276
   0.6273
   1.3418
   0.7699
   0.5903
   1.1148
   0.8149
   0.7368
   0.6992
   0.5337
   0.7745
   1.2230
   1.0625
   1.6315
   0.7307
   2.6284
   0.6003
   0.2878
   0.8993
   1.0590
   0.7580
   0.7444
   0.5671
   0.9930
   1.0323
   0.4368
   0.7639
   2.7575
   0.6521
   0.7225
   0.5944
   1.0632
   1.0971
   1.0317
   1.3305
   0.9301
   0.6677
   0.5881
   1.2459
   0.8731
   0.9578
   0.6835
   1.1107
   0.5802
   0.7705
   1.0429
   0.7024
   0.4551
   1.0116
   0.3264
   0.9442
   2.0812
   0.8277
   0.1963
   0.4962
   0.8532
   0.6306
   0.8727
   0.6227
   0.8171
   0.9173
   0.6135
   0.9336
   0.2177
   0.9115
   1.7039
   1.6623
   1.4783
   1.2468
   2.6584
   1.5939
   2.4880
   1.1484
   2.0371
   0.7866
   0.6292
   0.5288
   0.8646
   0.9274
   0.6495
   1.3136
   0.2551
   1.6653
   1.2734
   0.8526
   0.8559
   0.6076
   0.8021
   0.5025
   0.8858
   1.8866
   0.6012
   0.3763
   0.1889
   1.2291
   0.5306
   0.7173
   1.6597
   1.6162
   0.6576
   0.5187
   1.0233
   0.2898
   0.6098
   1.1508
   1.3790
   1.1989
   1.0277
   1.0550
   0.6377
   0.7607
   0.9889
   0.8129
   0.8466
   1.5646
   0.9509
   0.8524
   0.4804
   1.2284
   0.6763
   0.6373
   0.9921
   0.8079
   0.7535
   0.4692
   0.9831
   1.1598
   1.4176
   1.0006
   0.3824
   0.3147
   0.3527
   1.1003
   1.8417
   0.7694
   1.6369
   0.9243
   0.5847
   0.9882
   0.9170
   0.5143
   1.2720
   0.8861
   1.4077
   1.5150
   0.6718
   1.8792
   0.5564
   1.0817
   1.0212
   1.0456
   1.0242
   2.2176
   0.5923
   0.8994
   1.8611
   0.7512
   0.4838
   0.8443
   1.0035
   0.5881
   0.4535
   1.6243
   0.7455
   0.9981
   1.3819
   1.4856
   0.6834
   1.0467
   0.4768
   1.6205
   2.7614
   0.4638
   0.3435
   0.5905
   0.7783
   1.4076
   0.4738
   0.9733
   1.0950
   0.4509
   1.4621
   2.5153
   0.8533
   0.8321
   0.1745
   1.1793
   0.4758
   1.4676
   1.1657
   0.9157
   2.0192
   0.4910
   0.6849
   1.2638
   0.4618
   1.3850
   1.3398
   1.4926
   1.1362
   1.6767
   1.6655
   0.4290
   1.1223
   0.6012
   1.1419
   0.8761
   0.4930
   0.7882
   1.1857
   1.3254
   1.4593
   0.9107
   1.8341
   0.8360
   1.4067
   1.4561
   1.3804
   0.5741
   0.6256
   1.7384
   1.2235
   0.8451
   1.5396
   1.2338
   1.6175
   0.4887
   0.4628
   1.5197
   0.5421
   1.2162
   0.8354
   0.5794
   1.5826
   0.6231
   0.6168
   1.3737
   0.9195
   0.2028
   0.6600
   0.4353
   0.8567
   2.0752
   0.4952
   0.5401
   0.6690
   1.1321
   0.8938
   0.9360
   1.5256
   0.8010
   0.9102
   1.7888
   0.5988
   0.2450
   0.6653
   1.3568
   1.1646
   1.2169
   0.5437
   1.8580
   1.9550
   1.4231
   0.7351
   0.7038
   1.1036
   1.1910
   1.1092
   1.7097
   1.0191
   1.0044
   0.5335
   0.8850
   0.7049
   1.1276
   0.8192
   1.1976
   0.7756
   1.1532
   1.4668
   1.0999
   2.0304
   1.1203
   0.8834
   0.7557
   0.4387
   0.6912
   1.1748
   1.0099
   0.5157
   0.2423
   0.3994
   0.6919
   0.2631
   2.2156
   0.5048
   0.8865
   0.3052
   0.6471
   1.4562
   1.5770
   0.9908
   1.3293
   1.3179
   0.8984
   0.4317
   1.7804
   0.8973
   1.5034
   1.1270
   0.7076
   1.3864
   0.5645
   0.6833
   0.8266
   0.4977
   0.4953
   0.2226
   0.4982
   0.3896
   1.2258
   1.0419
   0.9659
   0.7997
   0.5496
   1.3189
   0.4991
   0.4919
   0.9664
   0.1713
   1.8387
   0.7725
   0.7765
   0.2999
   0.8562
   1.2367
   1.6056
   1.6132
   1.1103
   0.2880
   0.8814
   0.7628
   0.4918
   1.2555
   1.5456
   1.1946
   0.8181
   0.6456
   0.1392
   1.0836
   1.9379
   0.5494
   1.0406
   0.7639
   1.1641
   0.6134
   1.3372
   1.1766
   0.9674
   0.7047
   0.6620
   1.3291
   1.1486
   0.7680
   0.5173
   0.4908
   1.4790
   0.9611
   1.2360
   0.9647
   0.5550
   0.4514
   0.4700
   0.6757
   1.2570
   1.1219
   1.1931
   0.8747
   0.5781
   0.3509
   1.5487
   1.1537
   0.6660
   1.1132
   1.0770
   1.2412
   1.2572
   1.5417
   1.0993
   0.2926
   0.6730
   0.2081
   1.1911
   0.7751
   0.4498
   0.3335
   1.4021
   0.4201
   1.4572
   1.3517
   0.7539
   1.5217
   0.6147
   0.9199
   0.1545
   1.3623
   0.8535
   1.6624
   0.8026
   0.7489
   1.1938
   0.9415
   0.6566
   0.9230
   1.1533
   0.5767
   2.7138
   0.5549
   0.7450
   0.6700
   0.9430
   0.2141
   0.5088
   0.5569
   0.6447
   0.5371
   1.1080
   0.4337
   0.5998
   0.5425
   0.9808
   0.7418
   0.6695
   0.9815
   0.8447
   0.6243
   1.1327
   0.8060
   0.5615
   0.4138
   1.1648
   2.2079
   0.5997
   1.8662
   1.1359
   0.3048
   1.7267
   0.9541
   0.8375
   0.6481
   1.0200
   0.4256
   1.0522
   1.0139
   0.7539
   0.5860
   0.3513
   1.0142
   0.8501
   0.4245
   1.0831
   0.6133
   0.1868
   0.5711
   0.4434
   0.9720
   1.0056
   0.9418
   1.4211
   1.3695
   0.9751
   0.8022
   1.0342
   0.4370
   0.6781
   1.0310
   0.9641
   0.9627
   1.2787
   1.7306
   2.8461
   1.6937
   0.3090
   1.5189
   0.4112
   1.6214
   0.4585
   1.1732
   0.5954
   0.3544
   1.5489
   1.3469
   1.3916
   2.0889
   1.1579
   0.2251
   3.0047
   0.7489
   0.1845
   1.4959
   0.8569
   0.1855
   0.7933
   0.2695
   0.7831
   0.7853
   0.5561
   0.5089
   1.3345
   0.6177
   1.2118
   1.0153
   1.1719
   0.6713
   1.3081
   2.0955
   1.4332
   2.0357
   1.4326
   1.2402
   0.5982
   0.6003
   0.4035
   1.3300
   1.2257
   1.8581
   0.4016
   0.4227
   0.6558
   0.4894
   0.8363
   1.1003
   0.5767
   0.6733
   1.1775
   0.8953
   1.7868
   1.5045
   1.1623
   0.3137
   0.7678
   0.8649
   0.4855
   0.9933
   1.0970
   0.5834
   0.8941
   1.1477
   0.7131
   0.6961
   0.9749
   0.2937
   0.5761
   1.2460
   0.1787
   0.8444
   1.0659
   1.0007
   0.8432
   0.7620
   0.8167
   2.0188
   3.0935
   0.2149
   1.6541
   0.7881
   0.7949
   1.3306
   1.2047
   0.3627
   0.5070
   0.4721
   1.4167
   0.4320
   0.5268
   1.1992
   0.5614
   0.3647
   0.7117
   1.6075
   0.6605
   1.2604
   0.5068
   1.1242
   0.1962
   1.2706
   0.7537
   0.9629
   1.1381
   1.1946
   1.1014
   1.3774
   3.0387
   0.8234
   0.4324
   1.7738
   1.7473
   0.8961
   0.9244
   0.8933
   0.9313
   1.1485
   1.5764
   0.8162
   1.7285
   0.7863
   1.0979
   0.5658
   2.6101
   0.2144
   1.8247
   1.1489
   0.8765
   1.1272
   0.9648
   0.8504
   0.9210
   0.8454
   0.6200
   0.4800
   1.2553
   1.0749
   0.9397
   1.2410
   0.7645
   0.6792
   0.6248
   0.6426
   1.1904
   1.0878
   0.4537
   0.9001
   2.0594
   1.7449
   0.6277
   0.5397
   0.4151
   0.8647
   0.6136
   0.6488
   0.4829
   1.1878
   0.9334
   1.6414
   0.2443
   0.9917
   0.7413
   0.8155
   0.9342
   0.7755
   1.5055
   0.3351
   1.4730
   0.4198
   1.8252
   0.5372
   1.1918
   3.0871
   1.2285
   1.5306
   0.8285
   0.5732

