  1.2535e+002
  3.2208e-001
  5.2029e-001
  2.0246e+002
  3.4057e+002
  4.1180e-001
  2.6823e-001
  1.3768e+002
  2.6656e-001
  1.0988e+002
  8.3020e+002
  5.6281e-001
  1.7379e-001
  3.9268e+002
  2.5489e-001
  3.9625e+002
  1.5549e-002
  1.1600e-001
  6.4326e-003
  1.1611e+002
  1.0570e+002
  4.5919e+002
  4.4690e-001
  1.4144e+002
  1.6027e+001
  3.0975e+002
  1.5083e-001
  3.2664e-001
  2.9331e+000
  9.1280e+000
  2.6411e-001
  1.2930e+001
  1.0638e+003
  3.3814e-001
  9.1718e-001
  9.6334e+001
  5.1765e+002
  5.6806e-001
  3.0039e+002
  4.0306e-001
  5.3622e+001
  4.1170e-001
  1.7006e+002
  3.4150e-001
  6.1356e+000
  1.3652e+002
  2.2768e-001
  5.2111e-001
  3.1350e+002
  3.7275e-001
  3.7824e+002
  4.7753e+002
  5.6656e-001
  2.9374e+002
  1.9676e+002
  7.7474e-002
  4.7013e+001
  2.8521e+002
  9.5321e+000
  6.9209e+001
  3.3109e+002
  4.3617e+002
  2.7851e+002
  9.9427e+002
  9.5460e-001
  6.6998e+001
  1.0952e+000
  8.4552e+002
  9.0310e+001
  9.6430e-002
  3.4920e+002
  7.2554e+001
  2.2024e+002
  2.2849e+001
  1.7346e-003
  9.7397e-002
  2.5210e-001
  7.9833e+001
  8.3472e-001
  2.8052e-001
  3.8622e+002
  3.9046e+001
  2.1933e+001
  1.7847e-001
  2.5747e-001
  1.9470e+002
  1.2872e+002
  4.5074e-001
  1.5923e-001
  4.6528e-002
  1.0917e-001
  8.8491e+001
  1.5634e-001
  7.4461e+001
  1.6748e-002
  1.0776e+002
  2.6907e-001
  2.2800e+001
  1.7983e+000
  6.5867e+001
  3.4832e+001
  4.3254e-001
  1.3597e+000
  7.8175e+002
  5.5772e+001
  1.9738e+000
  1.6763e+001
  2.6894e+000
  2.0623e-002
  3.4116e+001
  2.3003e-001
  5.0068e-001
  7.5477e+000
  1.0673e+002
  2.0900e-001
  2.0657e+001
  1.5975e+000
  9.1262e-002
  8.4354e+002
  4.6280e+001
  2.1348e+002
  1.9247e+002
  1.0381e+000
  1.3416e+000
  3.9730e+002
  4.4112e-001
  1.5323e+002
  2.6311e+002
  3.3911e+000
  9.2437e+001
  7.9230e+000
  8.4199e-001
  4.5352e+001
  2.2041e-001
  2.4845e+002
  7.8071e-001
  7.6119e+001
  2.3448e-001
  3.7154e+002
  7.5131e-001
  2.1959e+001
  1.1264e+000
  7.4265e-002
  1.5079e-001
  3.3073e-001
  5.6385e-001
  1.2706e-001
  4.7921e+002
  3.7054e-001
  5.7088e-001
  1.4303e-001
  8.0842e-001
  8.5975e-002
  5.9495e+000
  6.0650e+000
  1.0743e+000
  7.1232e+002
  1.5037e+002
  5.7493e-003
  1.0281e+002
  2.1622e+002
  2.1626e-001
  4.2651e-001
  5.6434e+002
  6.6138e-001
  7.3880e-001
  2.9228e-001
  1.0530e-001
  1.7311e-002
  2.8442e-001
  5.6360e-001
  5.3158e-001
  7.5551e-001
  8.1291e+000
  8.6449e-002
  2.0390e-001
  4.5674e+000
  8.2946e-001
  5.0183e-001
  1.2051e+002
  4.9719e-002
  4.0637e-001
  5.3129e-001
  9.5454e-002
  2.1871e+002
  2.9573e+002
  2.6799e+002
  1.2677e+000
  3.6766e+002
  3.1836e-001
  5.8897e+002
  4.0704e+000
  4.6287e+002
  2.7082e+001
  7.2267e-002
  4.0833e+001
  2.4694e+002
  8.1426e-001
  9.3693e-002
  2.1605e-001
  1.1472e-002
  3.1123e+002
  4.5546e-001
  2.7832e-001
  7.7178e+001
  1.3277e+001
  1.1804e+002
  1.1476e+001
  9.3944e-002
  2.0375e+002
  2.9654e-001
  4.8016e+002
  9.2275e-001
  3.6266e-001
  9.5477e-002
  1.4688e+001
  6.7210e+002
  4.6274e-001
  2.2049e+002
  3.2905e+002
  5.8801e-001
  3.3328e+001
  7.8542e-001
  5.6392e+000
  1.4951e-001
  3.1271e-001
  3.4572e-002
  2.7042e+001
  6.0170e+001
  6.1327e-001
  2.0705e-001
  1.2237e-001
  8.2395e+001
  1.5446e+002
  1.5475e+002
  8.4740e-001
  5.7702e+002
  6.9722e-001
  3.2249e+002
  6.7465e-001
  6.1271e+002
  1.0688e-002
  5.0241e+002
  3.5325e+002
  8.2670e+000
  4.2462e-001
  3.1626e-001
  1.0721e+002
  2.6845e+002
  7.2853e+002
  1.0341e+000
  2.8144e-001
  3.9639e+002
  3.4003e+001
  6.1761e+001
  5.1729e-001
  7.9063e+001
  1.5400e+000
  1.9030e-001
  1.0024e+001
  6.8841e+001
  2.4389e+000
  4.6691e+002
  7.2612e-002
  1.0043e+000
  3.7861e+000
  9.1717e+002
  1.3353e-002
  2.9885e-001
  3.6000e-001
  2.6589e+000
  1.9969e+001
  1.1095e+000
  1.0681e-001
  3.0517e-001
  3.6813e-002
  1.1521e+000
  9.5423e-001
  5.3864e+001
  6.0376e+002
  1.1159e+002
  7.2418e-001
  1.9524e+001
  2.0199e-001
  4.4228e+002
  8.2448e-002
  7.7116e-002
  3.3505e-001
  5.4969e-001
  3.3639e+001
  3.2818e-001
  2.5685e+001
  5.7628e-002
  1.4824e+002
  1.9696e+001
  5.9188e-001
  2.2367e+000
  5.6447e-001
  7.7978e+000
  1.7807e+000
  3.9301e+000
  4.6911e-002
  1.3310e+002
  4.1376e-001
  1.4480e+000
  2.0125e-001
  2.5194e-002
  1.7167e+002
  3.0167e-001
  2.5682e+002
  1.5118e-001
  3.5575e-001
  2.5257e-001
  2.6796e+000
  2.7805e+000
  3.7110e-002
  1.3271e+002
  6.5899e-002
  4.7471e+000
  2.0087e+002
  3.7890e+000
  6.7149e+001
  1.8958e-001
  1.1408e+000
  2.8260e+001
  3.8237e+001
  4.2972e+001
  6.4046e-001
  1.0431e-001
  5.1717e+002
  2.3224e+002
  1.1906e-001
  1.4105e-001
  6.2746e+001
  3.0017e-001
  9.3432e-002
  8.4838e-002
  8.3281e+002
  9.2410e-001
  6.6880e+002
  1.2862e-001
  1.1322e-001
  1.3079e+001
  1.4596e+001
  1.1631e-001
  3.6477e+000
  1.1753e+000
  3.2663e+002
  1.7922e-001
  7.3650e+001
  4.9557e-001
  5.2663e-001
  4.2689e-001
  3.3738e+002
  7.5161e-002
  3.1363e+002
  1.6604e-001
  5.9301e+002
  5.0823e-002
  6.4198e+001
  1.9633e-001
  1.2162e+001
  6.6820e+000
  2.6077e+002
  4.6395e-001
  7.7304e-001
  4.1830e+001
  3.0883e+002
  2.0118e+002
  6.0856e-001
  1.8818e+002
  2.4955e-001
  2.4655e-001
  1.8898e-001
  1.9637e+002
  2.2555e-001
  3.3777e+000
  7.1692e-002
  8.1055e+001
  1.1691e+000
  6.5627e-001
  5.0402e-002
  3.7752e+002
  7.3505e-001
  1.3880e+002
  2.4295e+000
  1.4588e+000
  2.3070e-001
  1.6888e-001
  2.8201e+001
  4.8567e+002
  9.4848e+000
  6.3774e+002
  1.3499e+002
  4.3361e+002
  1.1237e+000
  2.8502e-001
  2.1414e-002
  3.5468e-002
  2.7252e+001
  8.3332e-002
  2.4546e+002
  4.3564e-001
  3.1224e+002
  7.7443e-002
  4.1720e-001
  1.5990e+002
  2.3207e+001
  6.5006e-001
  2.4959e+001
  8.9596e-001
  2.7675e+001
  2.7048e-002
  1.4110e+002
  4.3946e-001
  1.0454e+001
  6.7734e-001
  2.0071e+002
  5.0546e+000
  1.0052e+000
  5.5638e-002
  2.1876e+001
  1.7796e-001
  4.6284e+001
  4.8633e-001
  4.5164e-002
  2.3983e-002
  1.1500e+003
  9.8478e-001
  1.3560e-001
  2.6814e-001
  4.2445e-001
  1.8798e+000
  8.0995e+001
  3.0655e+002
  1.1870e+000
  1.0506e-001
  6.6114e+000
  3.0351e-001
  1.4893e+000
  3.6495e+002
  3.1493e-001
  2.0262e+002
  1.6921e-002
  3.8699e+000
  3.3984e-001
  3.0971e-002
  2.9990e+002
  8.1378e-001
  3.4348e+002
  6.0513e+001
  2.7573e+001
  5.5805e+002
  1.7358e+002
  4.9585e-001
  5.3733e-001
  4.3680e-001
  8.0732e-002
  2.5203e+002
  2.3698e+002
  5.0893e-001
  1.0284e-001
  1.0355e+003
  2.4966e+001
  6.1312e+000
  4.4348e+001
  4.5440e+000
  8.8047e-002
  1.3639e+000
  9.2297e-002
  2.0282e-002
  8.2083e+002
  2.1962e-002
  7.5138e-002
  1.2045e+000
  1.6839e+002
  1.9351e+000
  3.9799e+001
  7.5669e-001
  1.3600e+000
  5.2920e+001
  6.8788e-001
  3.4404e-002
  1.1826e-001
  4.5260e-001
  4.4760e+000
  1.2416e+002
  3.9302e-001
  2.5925e+001
  1.1493e+000
  1.2650e+002
  7.5769e-001
  1.4787e+001
  1.0314e+000
  1.8290e-001
  5.3808e-001
  1.4237e+001
  1.2665e+002
  1.9874e-001
  2.0676e-001
  1.4292e+002
  1.3824e+000
  1.3859e-001
  3.4436e-001
  2.2621e-002
  8.9835e-001
  7.2705e+002
  1.7794e-001
  1.7526e+002
  7.3188e-001
  1.9007e+001
  1.2304e+002
  1.6356e+002
  7.8633e-001
  2.9298e-001
  9.5642e+001
  8.9636e-001
  2.2929e+002
  2.8120e-001
  3.5136e-002
  1.2000e+001
  2.9442e-002
  2.3527e-001
  1.5300e+002
  5.8451e+000
  3.3929e-001
  1.1818e-001
  7.1622e-002
  1.5381e+001
  3.7054e-001
  4.7698e+002
  9.2693e-001
  2.3249e+001
  3.0913e-001
  1.6402e+002
  5.1033e+001
  2.0447e+002
  2.6645e-001
  5.7182e-001
  1.4240e-001
  2.5212e-001
  1.6085e+000
  4.3736e+002
  5.1722e-002
  2.7350e+000
  2.2961e+002
  1.4518e+001
  6.6585e+002
  2.6066e+002
  5.2490e-001
  2.5249e-001
  1.2803e+000
  2.5168e-001
  6.2562e-001
  5.1551e-001
  5.4441e+002
  5.7381e+000
  8.2837e-002
  7.2184e+001
  3.6003e-002
  3.6533e+000
  7.7549e-001
  1.9444e+000
  9.8690e-001
  7.8040e+001
  7.4070e-002
  5.9925e-002
  1.1526e+003
  2.9273e-001
  6.4596e-001
  7.1711e+002
  1.0556e+000
  3.2116e+000
  1.7010e+002
  2.1714e-001
  1.1188e+002
  4.9148e-002
  2.0200e+001
  1.3891e-001
  7.4055e-002
  3.7177e+000
  5.4529e+002
  7.5031e-002
  1.6218e-001
  1.5593e-001
  1.6721e+000
  5.6546e-001
  4.6794e+002
  2.0421e-001
  1.4364e+001
  3.2282e-002
  4.2604e+002
  5.0606e+002
  8.1772e-001
  5.9317e+001
  1.2300e-001
  1.1601e+000
  2.3333e+001
  1.2569e+002
  6.4976e-001
  6.4702e+002
  1.1367e+000
  4.8490e+002
  7.6972e+002
  7.0588e+001
  3.2043e-001
  1.3310e-001
  1.1545e+002
  6.4291e-001
  2.1726e-001
  4.1216e-001
  3.4149e+001
  6.0091e-002
  3.4265e-002
  1.1140e-001
  3.1508e-001
  5.3515e+002
  2.0696e+000
  1.2029e+000
  1.2771e+001
  4.0154e-001
  2.2172e+002
  4.6007e-002
  1.2209e-001
  1.8611e+000
  3.9342e-001
  5.2213e+002
  1.1816e+000
  3.6913e+001
  2.5547e+002
  2.0488e-001
  4.0815e-001
  1.1130e+000
  8.7803e+001
  1.7503e-001
  3.2917e+001
  1.5831e-001
  4.3156e-001
  3.0088e-001
  1.5121e+001
  1.9368e-001
  1.8067e+002
  4.9589e+002
  3.5816e+002
  4.0710e-001
  4.8497e-001
  2.5400e-001
  1.3892e+001
  2.3997e+000
  1.1105e+001
  1.9216e-001
  4.3944e-002
  7.4766e-002
  4.5952e+001
  2.0400e+002
  1.2730e+001
  7.7827e-001
  1.6396e-001
  4.4261e+002
  4.6634e+001
  5.7933e+002
  2.2855e-001
  2.9978e+000
  1.6752e+001
  2.3224e-001
  6.3539e+001
  8.1074e+001
  5.1597e+002
  3.5763e+000
  4.4636e+001
  3.9866e+000
  2.2169e+002
  1.1278e-003
  1.4092e+003
  2.0898e+002
  1.4188e+000
  6.6881e+002
  1.9836e+000
  8.1920e+001
  9.7477e+001
  3.0474e-001
  6.6586e-001
  6.0726e-001
  8.8071e+001
  1.6334e+002
  3.0563e-002
  1.3116e+000
  4.2020e-002
  9.9611e+000
  1.3467e+000
  1.4705e+002
  3.9231e-002
  3.6604e+002
  1.1235e+003
  4.2615e-001
  9.6875e-002
  7.2627e+001
  5.1663e+000
  2.0076e-002
  7.8913e-001
  5.0068e-001
  3.6305e+002
  2.2476e+000
  2.9761e-001
  2.6460e-001
  1.1722e+000
  2.5299e+000
  2.7137e-001
  9.5454e-003
  4.3814e+000
  6.1184e-001
  1.4397e+002
  4.5651e+000
  2.5387e+002
  2.3554e-002
  8.9930e+001
  7.6031e-002
  2.3574e+001
  3.9048e+002
  1.3181e+002
  3.1521e-001
  2.3510e+002
  7.7323e-001
  3.8878e+002
  1.5675e-001
  2.6757e-001
  1.9987e+002
  4.4897e+000
  1.0062e+002
  2.3218e+001
  7.8768e-002
  1.6786e-002
  3.5727e-001
  9.8584e+001
  2.4087e-001
  1.2801e+000
  4.7735e+000
  6.0419e-002
  3.5843e-001
  1.0392e+002
  7.4718e+001
  1.1596e+001
  8.7820e+001
  1.5857e+001
  4.0274e-001
  3.9759e-002
  2.8599e-001
  1.4688e-002
  2.8160e+002
  3.6692e-001
  6.5100e-001
  1.6957e-001
  3.0695e-001
  2.9938e-001
  5.5858e-001
  3.1575e-001
  4.3508e+001
  2.4033e+002
  6.3232e-001
  4.5041e+001
  1.0509e+002
  4.5694e-001
  7.7373e-001
  8.3405e+000
  1.7749e+001
  1.9158e+001
  1.0516e+000
  1.0414e+001
  2.2828e+002
  4.3145e+002
  2.9442e+000
  4.4209e-001
  3.1830e+002
  4.3768e-001
  1.0094e+003
  3.8275e-002
  1.5181e+000
  1.2050e+001
  1.9480e+002
  2.2246e+002
  6.3590e-001
  3.9153e-001
  5.9898e-001
  4.1597e-002
  5.0799e+001
  1.1213e-001
  3.4288e+001
  4.0669e+002
  4.8967e+002
  2.0132e+000
  4.3338e+000
  2.0648e+001
  9.6421e-002
  1.6378e+002
  5.2586e+001
  1.6774e+000
  9.2884e+000
  4.1695e-001
  5.0519e-002
  3.4764e+002
  9.7801e+001
  3.3139e-003
  2.9202e+002
  5.4595e+002
  3.0869e+001
  9.8123e-002
  7.4641e+002
  1.1254e+002
  1.3286e+000
  6.4146e-001
  1.7178e-002
  4.6297e+001
  5.8684e-002
  3.1634e-002
  5.5333e-001
  5.1259e+001
  2.7875e+002
  1.0497e+002
  4.2038e+001
  3.3202e-001
  4.3636e-001
  6.9775e+002
  5.8739e+002
  6.8052e-001
  2.1053e-002
  6.8933e+001
  8.9369e+001
  1.4602e+000
  6.4732e+000
  2.1478e-001
  9.7718e+000
  4.8168e+000
  1.0426e+000
  5.6472e-002
  1.3687e-001
  6.0667e-002
  6.5539e-001
  2.0516e+001
  2.1059e-001
  4.7329e-002
  7.4821e+001
  1.9476e-001
  1.5256e-002
  5.4763e-001
  3.4498e-001
  1.9675e-001
  2.3330e-001
  1.3121e+002
  3.8027e+001
  3.6669e+001
  6.8599e-001
  1.9861e-001
  8.0388e-003
  2.1412e-002
  6.5706e-001
  4.5271e-001
  4.4561e+002
  8.2819e+002
  1.2997e+000
  5.4976e+001
  5.2254e-001
  2.2006e+002
  9.1024e+002
  2.7250e+000
  2.8747e+002
  5.5060e+001
  5.3298e+001
  1.0001e-002
  1.4936e+002
  4.9053e-001
  4.4331e+002
  1.8235e+000
  6.0290e-001
  1.9087e-001
  2.6062e-001
  5.7094e-001
  1.8553e+002
  8.7486e+001
  4.6197e-001
  6.6669e-001
  1.9077e+000
  3.1670e+001
  1.2447e-002
  2.9073e-001
  4.7298e+000
  4.2385e-001
  7.8745e+000
  4.2582e+001
  5.0332e+001
  3.0368e-002
  1.4128e+002
  9.6305e-001
  1.8649e+001
  5.1798e+000
  5.9478e+002
  4.6507e+002
  3.9147e+000
  1.8906e+001
  3.1911e+000
  9.5457e+001
  4.7294e+002
  1.2264e+000
  6.1799e+002
  1.0663e+000
  3.5954e+000
  3.5430e+002
  1.0222e+000
  2.3143e+002
  7.1052e+001
  1.5926e+002
  2.4897e+001
  7.7410e+002
  8.7770e+000
  2.0363e+001
  9.0640e+001
  1.9541e-002
  3.2924e+001
  8.3897e+002
  5.1973e+002
  4.5521e+000
  1.9015e+002
  1.4393e-001
  1.8966e+000
  2.6486e-001
  7.5232e+002
  2.8040e+002
  3.6926e-001
  2.4461e+002
  7.1150e+001
  9.9855e-003
  1.2490e+002
  6.0516e+002
  6.3034e-001
  6.5893e+000
  1.2265e+002
  6.9617e+001
  5.4098e-001
  8.3324e+002
  1.2167e+000
  2.8979e-001
  1.2330e+001
  1.3909e+002
  7.2762e-001
  2.0162e+001
  4.7376e-001
  4.7014e-001
  5.6318e+000
  3.1814e-001
  9.8914e+001
  6.8283e-002
  8.3515e-001
  2.7194e+002
  4.2991e+001
  4.7518e+002
  1.1030e+000
  4.5956e-001
  9.3094e-002
  6.7072e+002
  8.4317e-002
  4.7435e-001
  1.8903e-001
  1.2116e-001
  4.5772e-001
  5.3691e-001
  1.2698e+000
  3.0614e-001
  1.9927e-001
  2.1651e+002
  1.9329e+001
  3.8353e+000
  4.3975e+001
  1.6809e+002
  1.1955e+000
  1.6579e+001
  3.8288e-002
  3.3083e-001
  5.2973e+001
  1.2313e+002
  2.5916e-001
  3.3274e+002
  9.2435e+000
  5.3528e+000
  2.4209e+002
  2.0490e+001
  2.7433e+002
  5.2071e-001
  9.1433e+002
  2.3704e-001
  2.6408e-001
  6.5449e+000
  1.0366e+001
  2.5639e+002
  6.4969e+002
  5.1136e+002
  5.7233e+001
  2.2526e-001
  2.5126e-002
  9.1258e+000
  4.3550e+001
  4.1986e-001

