   0.9428
   0.6583
   1.1287
   1.1961
   1.8257
   0.9599
   0.7602
   0.6082
   0.6747
   1.2535
   1.3510
   0.5424
   0.5474
   0.9824
   1.0110
   1.3562
   1.3175
   1.0031
   1.6919
   1.2968
   0.4024
   0.9105
   1.3052
   0.3606
   1.1113
   0.4044
   0.7477
   0.8234
   0.8195
   1.7038
   0.4863
   0.6191
   1.1355
   0.2356
   1.0786
   1.1140
   1.2745
   2.0123
   1.5759
   0.7656
   0.5345
   0.9121
   0.2524
   2.4157
   0.7706
   1.1946
   0.6298
   0.5575
   0.9839
   0.4339
   0.5057
   0.6218
   0.4121
   0.8709
   0.4675
   1.2029
   1.8661
   0.5131
   0.5073
   0.6243
   1.4942
   0.6424
   0.5442
   0.8181
   1.0502
   0.6539
   1.2900
   0.6742
   0.9020
   0.6416
   1.9309
   1.0333
   0.6207
   0.7714
   0.3649
   0.6658
   0.5759
   0.7339
   0.7782
   0.9720
   0.8284
   0.4848
   0.8379
   1.1090
   0.2354
   0.6958
   0.6768
   0.2159
   0.9019
   0.8629
   0.9304
   0.8384
   0.2614
   1.6144
   0.1979
   1.5476
   1.0455
   1.6485
   0.7013
   1.1094
   1.2188
   0.8100
   1.3869
   0.6190
   0.3019
   1.0725
   1.3699
   0.4947
   0.5505
   0.7265
   0.4509
   0.7636
   1.2792
   0.9652
   2.2820
   0.9944
   1.2023
   0.4170
   1.0792
   1.4480
   1.0297
   0.9324
   0.3874
   0.5183
   0.8871
   1.1813
   0.8124
   1.4456
   0.7760
   0.2465
   0.7247
   1.2449
   1.8523
   0.9088
   0.9771
   1.0717
   0.5704
   0.5880
   2.1374
   0.6597
   0.4173
   0.3338
   0.5134
   0.6839
   0.7365
   0.9187
   1.1300
   0.3984
   0.7573
   0.8136
   1.1970
   2.1049
   1.3331
   0.9390
   0.6779
   0.9062
   0.5968
   0.8197
   2.3556
   0.7383
   2.1607
   0.8378
   0.5877
   0.2258
   0.4781
   1.1647
   0.7535
   0.7105
   1.0108
   0.7346
   1.5972
   0.6491
   2.4559
   0.8616
   0.8690
   0.7069
   1.2054
   1.1821
   1.5268
   1.9131
   1.0579
   0.6445
   0.6324
   1.6081
   1.0877
   0.6687
   0.2320
   0.8447
   0.7549
   0.7140
   0.9572
   0.6085
   0.7544
   1.2210
   1.0372
   0.7313
   0.5284
   0.3587
   1.2247
   0.9687
   1.7773
   0.6672
   0.4745
   1.0489
   0.4789
   0.6350
   0.3670
   1.2977
   2.7719
   0.7276
   1.7099
   0.8329
   0.6690
   0.9633
   0.6463
   1.4822
   0.9146
   0.6706
   0.3428
   0.5945
   1.0588
   1.0043
   0.7662
   0.8017
   0.5566
   2.1284
   1.1422
   0.2915
   1.1224
   0.3510
   0.8812
   0.2427
   1.0938
   0.7291
   0.2861
   0.9712
   0.9196
   1.3340
   1.3295
   0.7809
   2.4121
   0.9784
   1.7689
   0.8971
   0.8666
   2.4205
   1.1659
   1.5550
   0.3810
   0.8510
   1.2406
   0.2522
   0.9569
   1.5948
   0.6791
   0.6085
   2.1415
   1.1208
   0.7136
   0.4314
   1.0483
   1.2693
   1.3708
   0.4922
   0.8714
   1.0382
   0.8744
   0.1815
   1.5054
   1.4589
   0.3790
   1.1583
   1.0634
   0.7390
   0.3835
   0.8723
   1.3072
   0.3911
   0.9248
   0.5828
   1.0158
   0.4406
   0.9585
   1.6332
   1.1501
   1.6652
   1.1444
   1.0308
   3.0564
   1.3478
   1.4050
   0.3262
   1.5129
   0.8873
   0.8613
   0.8334
   1.1837
   0.5016
   0.4937
   1.6193
   0.7232
   0.9312
   0.2972
   1.0436
   0.9411
   1.5550
   0.8841
   0.7762
   1.0497
   0.8300
   0.5003
   2.0783
   1.2379
   0.4592
   0.7103
   2.3272
   1.1982
   0.5970
   0.5451
   1.5904
   0.5492
   1.8515
   2.3910
   0.4209
   0.5572
   1.0464
   1.6947
   1.2136
   0.5089
   0.4896
   0.5395
   0.6803
   0.6574
   2.4547
   1.9196
   0.2167
   1.9039
   0.7785
   2.0978
   0.4863
   1.5546
   1.0411
   0.4313
   1.0208
   0.9785
   0.7822
   0.5320
   0.3353
   1.0744
   0.1996
   0.8667
   1.1946
   1.3041
   0.9953
   0.6412
   1.2779
   2.3781
   0.9559
   1.1814
   0.8426
   3.0766
   1.5862
   1.1087
   1.5151
   0.8759
   0.4411
   0.5198
   1.0530
   0.7233
   0.9469
   2.9195
   0.9791
   1.0270
   1.3345
   1.4814
   1.9926
   1.6181
   1.7989
   0.7727
   0.4363
   1.8012
   1.3959
   0.8136
   0.7152
   1.8026
   0.9072
   0.6173
   0.6536
   1.0591
   1.6892
   1.2520
   0.7145
   1.2871
   0.6748
   0.6098
   0.8603
   1.5763
   0.9706
   1.0079
   0.7734
   0.9524
   0.6907
   0.8383
   0.9292
   0.7318
   1.2478
   0.5611
   0.5571
   0.6993
   1.1354
   1.6330
   1.1475
   0.4205
   1.1949
   0.1119
   0.9574
   0.7788
   1.0844
   0.6477
   0.6949
   1.2074
   0.5897
   0.7656
   1.1518
   1.0981
   1.5803
   0.2612
   0.4775
   1.3883
   1.4614
   1.5719
   1.9448
   1.8784
   1.0655
   1.2044
   1.5968
   0.3631
   0.7272
   1.3124
   1.7265
   1.2665
   0.8910
   0.3474
   0.5578
   2.4054
   1.4328
   0.5735
   0.3926
   0.9711
   1.4919
   0.2834
   0.8139
   0.9397
   0.9265
   0.7530
   0.8539
   0.9693
   0.7622
   1.3136
   2.0281
   0.8064
   0.7575
   1.0980
   1.0955
   1.4884
   1.0613
   1.3046
   0.4550
   0.7571
   0.8033
   0.7523
   0.9831
   0.2714
   0.9570
   0.9322
   1.3863
   2.5901
   1.0622
   0.5634
   0.7182
   1.5554
   0.5420
   0.4352
   0.5896
   1.1036
   0.6910
   0.6229
   0.2580
   0.1734
   0.6581
   1.8808
   0.9393
   1.4333
   0.7456
   0.1350
   1.4160
   0.7428
   1.0088
   0.6285
   1.8287
   0.7441
   0.5257
   1.2245
   0.9392
   0.6568
   1.0800
   1.4705
   0.9704
   0.9149
   1.0431
   1.3564
   1.1125
   1.4151
   1.0012
   0.4939
   1.1629
   0.8978
   0.4580
   1.4268
   2.1097
   0.8080
   0.8358
   0.8321
   1.0049
   1.4180
   1.9912
   1.5473
   1.0954
   1.4497
   0.5228
   0.9217
   0.5870
   1.2426
   0.4772
   0.4886
   0.9622
   0.4113
   1.0360
   1.9063
   1.9162
   0.6247
   1.0563
   1.0812
   0.4813
   2.2068
   1.0312
   0.9058
   1.0397
   0.5542
   0.4726
   0.5518
   0.8745
   0.9097
   1.3628
   0.7690
   1.2286
   1.4337
   0.7698
   0.5408
   0.3059
   2.5472
   0.7380
   1.0494
   1.4132
   0.8032
   1.0483
   0.2704
   0.5820
   1.4122
   0.9377
   0.6401
   0.6057
   0.8142
   1.1415
   0.4841
   0.5702
   0.2516
   2.9802
   1.9433
   0.8705
   0.5724
   0.1910
   1.1900
   0.4954
   0.3824
   1.8892
   0.7625
   0.7469
   0.7110
   0.6452
   0.5202
   0.6479
   1.1237
   0.8164
   0.7637
   1.2876
   0.8495
   0.5879
   0.5296
   0.9290
   0.6062
   0.5508
   1.8316
   1.5260
   1.2918
   0.8224
   0.7606
   1.6861
   0.8911
   0.9623
   0.8185
   0.8298
   0.9790
   1.4890
   2.3108
   0.8642
   0.9031
   1.1212
   2.2891
   1.5910
   0.7604
   0.6322
   0.5091
   0.9476
   0.8527
   0.8403
   1.5957
   0.6909
   1.2288
   0.6232
   1.1463
   1.3308
   0.3817
   1.3335
   0.9827
   3.0618
   0.7914
   0.4923
   0.6230
   0.7915
   0.9903
   0.6125
   0.5056
   0.5824
   0.5501
   0.7213
   0.9073
   1.0116
   0.9091
   0.9767
   1.0984
   2.2260
   1.5110
   0.8799
   1.3548
   2.3389
   0.7649
   0.6285
   1.0860
   1.4234
   0.7830
   2.0295
   1.0722
   0.8153
   0.4378
   1.1183
   0.5051
   0.5908
   1.3476
   0.9757
   1.2958
   0.3973
   0.9194
   1.5287
   0.7309
   1.5486
   0.9446
   1.0705
   0.8079
   2.7005
   1.4849
   0.4997
   1.8523
   1.3055
   1.1406
   2.0647
   0.9237
   1.5485
   0.4252
   1.4599
   1.2678
   0.5219
   0.6790
   0.5160
   0.6127
   0.8377
   0.3987
   0.3845
   2.4808
   1.3951
   1.1917
   1.1941
   0.2938
   0.7876
   0.8056
   1.2294
   1.7757
   0.5454
   0.9608
   0.9850
   0.8013
   1.2497
   0.5479
   0.7172
   0.6308
   2.4529
   0.6529
   1.1449
   0.8087
   1.8868
   0.7882
   1.7910
   0.9429
   0.6624
   1.4173
   1.6013
   0.7023
   1.0198
   0.7537
   0.4798
   1.7467
   1.6975
   0.7611
   0.5091
   0.8570
   1.2990
   0.4371
   1.0656
   0.8393
   0.7501
   0.5043
   1.3828
   0.6012
   1.0162
   1.1296
   0.3271
   1.6061
   0.8274
   0.5021
   0.8071
   0.7638
   1.4848
   0.8175
   0.9594
   1.3318
   1.0481
   0.9575
   0.2666
   0.2308
   0.7026
   0.4036
   1.0002
   0.9725
   0.3058
   0.4323
   1.2442
   1.3105
   0.5526
   1.1370
   0.7334
   0.7085
   0.5688
   1.1314
   0.8293
   1.7945
   1.0447
   0.7710
   1.7568
   2.2198
   0.9695
   0.7434
   0.3996
   0.3076
   0.5316
   0.5977
   0.4329
   0.8749
   0.3253
   0.9125
   0.5387
   0.8533
   0.6216
   0.9646
   0.4842
   0.7438
   1.4575
   0.3216
   1.2683
   1.2177
   1.9549
   0.5728
   0.4269
   0.5453
   3.2563
   1.3393
   0.8110
   0.5112
   0.5009
   0.5450
   0.7142
   0.8211
   1.7742
   1.5464
   0.9426
   1.4190
   0.8265
   0.7058
   1.4516
   0.8230
   1.0304
   0.9013
   0.7275
   1.3032
   1.3144
   1.7125
   0.9034
   0.7367
   0.9587
   0.7197
   1.4127
   0.4367
   0.3134
   0.8024
   0.5341
   1.1324
   0.3181
   1.8612
   0.9368
   0.7785
   0.4515
   0.9336
   1.1673
   0.6655
   1.2153
   0.4877
   0.9724
   1.0538
   0.7303
   1.7163
   0.7738
   1.3302
   1.0847
   0.8984
   0.6617
   1.8498
   0.4990
   0.6993
   0.7732
   1.1803
   1.4986
   0.4473
   0.7530
   2.8362
   0.7935
   0.1961
   0.8914
   1.1853
   1.2787
   0.7069
   0.7813
   0.7300
   1.8876
   1.2338
   1.2175
   0.8706
   1.0163
   0.7845
   0.3782
   0.3996
   1.1243
   1.1660
   0.6047
   0.8797
   0.8699
   1.2741
   0.7421
   1.4743
   1.1911
   1.0032
   0.9269
   1.0423
   0.6709
   0.6074
   0.5473
   1.0341
   0.8335
   0.8863
   2.4516
   1.9634
   1.2255
   0.9554
   1.4157
   0.9913
   2.1076
   1.3351
   1.0131
   0.7079
   1.0630
   0.8651
   0.4771
   0.5380
   0.8925
   1.1413
   1.0151
   1.3331
   0.6475
   1.1726
   0.3961
   0.2531
   1.2243
   0.9362
   0.8255
   1.1122
   0.4346
   0.7730
   0.7802
   1.6399
   0.7919
   0.6741
   1.8233
   0.8120
   1.8607
   0.7928
   1.6166
   0.5889
   0.8834
   1.6756
   2.4227
   0.9967
   0.4599
   2.4192
   1.3477
   0.6223
   3.1259
   0.6496
   2.1184
   0.3894
   1.3631
   1.2800
   0.6710
   0.6706
   0.4615
   0.9195
   0.5126
   0.8084
   1.8898
   0.4562
   0.6145
   0.6265
   2.8189
   0.7261
   1.1309
   2.0220
   0.7775
   0.9093
   0.4546
   1.6024
   0.4223
   0.2989
   1.0724
   0.8118
   1.5362
   0.8211
   2.1728
   0.7131
   1.7758
   0.3829
   1.2459
   1.4715
   0.5634
   1.8537
   0.3678
   0.7724
   1.0271
   2.1543
   0.9577
   1.3920
   0.9241
   0.3853
   0.4531
   0.8962
   0.7532
   0.4264
   0.9412
   0.7130
   2.0017
   2.6469
   0.8941
   1.2752
   0.6252

