   0.2895
   1.7453
   1.4309
   0.9768
   0.2400
   0.0475
   1.1721
   2.7114
   0.0693
   2.7668
   2.5767
   1.0701
   0.5523
   0.3726
   0.0409
   1.4891
   0.5681
   1.0274
   0.2131
   4.6916
   0.3911
   0.7064
   0.0045
   0.0939
   0.1350
   0.8529
   0.9780
   1.3315
   1.5099
   0.2448
   2.7541
   0.2989
   0.9837
   1.4257
   0.0065
   3.1051
   0.2700
   0.0045
   0.6871
   1.7338
   2.7276
   0.6008
   1.8012
   1.0372
   3.1873
   0.3954
   0.8635
   1.1859
   0.6372
   3.2827
   0.0360
   2.2219
   1.3128
   0.2868
   0.0371
   0.6384
   0.0002
   0.9666
   0.0496
   0.0224
   0.3535
   2.4662
   0.4057
   0.7329
   0.4421
   2.3868
   0.2549
   1.7724
   0.1061
   0.9114
   0.1601
   0.8050
   1.6572
   0.0906
   1.6490
   0.0763
   1.3110
   1.0459
   1.0045
   0.7201
   1.6717
   0.9480
   2.0901
   1.0033
   0.1279
   2.5501
   2.7553
   2.5755
   1.2711
   0.2242
   0.5488
   0.2194
   1.9725
   0.3442
   2.0149
   0.4337
   0.4665
   0.4300
   0.9521
   0.1250
   0.0397
   1.0273
   0.5051
   0.3700
   0.4692
   0.5514
   1.0355
   4.8748
   1.6654
   0.6512
   2.3455
   2.3576
   1.8254
   1.5902
   0.8317
   0.4580
   0.8453
   0.3908
   0.5596
   1.5534
   0.6071
   1.4371
   2.0053
   0.2667
   0.6723
   1.1371
   0.3943
   1.9817
   1.2351
   1.1508
   0.9690
   0.3933
   1.5220
   0.9464
   7.6611
   0.6715
   1.1463
   0.0263
   1.1507
   0.0874
   1.7498
   0.4472
   0.2367
   2.7325
   1.4220
   1.1872
   1.8223
   0.2657
   0.2627
   0.3491
   0.9807
   0.2411
   0.1996
   3.3765
   2.2280
   0.1900
   0.1683
   0.6138
   1.5221
   0.3311
   2.6932
   0.7401
   0.4177
   0.4886
   2.9109
   0.4164
   0.3102
   0.0752
   4.0656
   0.1631
   0.8039
   0.8268
   1.2525
   0.3216
   0.4212
   2.6452
   1.8473
   1.2901
   0.6458
   1.8084
   0.1555
   0.2306
   0.7408
   1.1953
   0.1139
   0.2015
   0.3800
   1.9162
   1.6280
   0.2946
   0.1126
   0.4821
   0.2246
   1.4673
   0.2073
   0.4225
   0.4265
   0.9420
   1.0695
   0.5673
   3.6291
   1.5494
   0.0999
   0.2916
   0.3876
   0.8462
   1.0574
   0.1593
   0.3546
   1.5894
   0.7283
   0.3615
   1.4274
   0.8627
   0.5628
   0.2338
   0.3897
   0.2955
   0.1616
   1.3832
   1.3510
   2.5889
   0.1478
   0.1341
   0.0612
   0.2129
   0.2830
   0.2936
   0.4716
   0.5986
   1.2253
   0.0144
   1.8589
   0.5548
   0.0426
   1.3612
   0.1096
   0.5270
   0.9772
   0.8336
   0.2267
   0.0025
   0.5814
   1.6343
   1.6713
   0.6489
   0.0306
   0.4864
   0.5578
   0.1634
   1.7985
   0.0996
   1.4172
   0.8284
   2.1255
   0.1727
   1.5285
   0.0114
   0.9508
   0.1586
   0.8008
   1.8180
   0.5437
   0.6303
   0.2414
   0.4551
   4.0426
   0.4409
   1.2467
   0.3971
   0.7318
   3.6887
   0.4902
   1.4020
   4.5631
   0.0337
   0.0747
   1.4088
   0.5014
   0.6557
   1.2909
   0.0816
   0.3999
   1.1877
   1.1143
   0.8742
   0.1915
   0.5126
   0.5275
   0.0619
   1.0705
   0.4839
   0.2194
   0.0202
   0.2682
   0.6012
   0.2303
   0.7207
   0.9127
   1.7999
   1.6063
   0.1324
   1.0465
   2.2257
   0.4552
   0.5016
   0.4712
   0.6932
   0.0267
   0.3602
   2.5585
   0.9272
   0.0123
   3.1951
   0.3192
   0.8659
   0.0908
   0.7756
   0.3552
   0.1575
   0.2065
   0.5255
   0.8093
   0.2788
   0.3172
   0.9212
   0.3495
   0.5341
   4.0728
   1.1422
   0.0681
   0.7539
   0.5712
   0.0674
   0.4799
   3.0798
   3.0227
   1.0571
   0.0021
   0.2320
   0.3583
   0.1989
   0.9542
   0.8223
   0.3726
   0.1155
   0.6662
   0.2862
   3.6870
   0.1983
   1.9899
   0.0090
   1.4585
   0.1015
   0.6452
   0.2540
   1.0576
   0.1830
   0.3851
   0.0254
   0.9101
   0.0306
   1.0579
   0.6816
   0.3561
   1.6583
   0.4405
   1.2104
   0.6207
   1.1810
   0.7934
   0.7641
   0.9099
   0.3018
   0.3060
   0.2423
   0.0820
   1.7029
   1.8679
   1.7042
   0.9276
   1.7169
   0.6716
   0.4396
   0.0242
   2.2600
   1.0178
   1.2989
   0.1460
   0.7906
   4.4510
   0.2837
   1.3039
   0.3723
   0.9112
   4.4529
   0.3541
   0.0746
   0.4726
   1.2975
   0.8084
   2.2042
   1.0498
   0.4916
   0.0004
   0.3484
   2.2523
   0.3546
   0.1237
   0.1542
   1.3906
   0.4942
   0.5515
   0.4028
   1.4345
   0.3608
   0.1487
   0.5159
   1.7976
   0.5588
   0.0996
   0.5441
   0.8564
   1.2980
   0.1578
   0.2690
   0.8335
   1.6895
   3.2849
   0.3523
   0.8766
   0.2477
   1.5151
   0.0344
   1.3991
   2.4747
   0.1823
   0.5358
   0.4305
   2.4265
   0.5548
   0.0441
   0.0209
   0.6644
   2.5700
   1.4860
   0.8569
   0.0295
   1.7882
   0.7602
   2.2152
   0.4843
   4.5237
   0.7518
   0.1774
   0.3174
   0.3258
   0.1752
   0.0923
   2.4405
   0.8824
   2.2950
   0.3055
   3.9109
   0.0077
   1.3453
   0.4290
   0.5774
   1.2432
   0.8840
   2.9672
   0.2764
   0.6874
   0.4629
   0.1572
   0.2439
   1.9951
   2.0709
   1.0819
   0.8520
   0.0787
   0.5770
   1.9165
   1.3901
   2.3026
   0.2270
   0.1730
   1.5154
   0.5910
   0.4485
   0.2497
   1.0865
   0.2147
   1.4596
   0.1876
   2.1809
   0.8098
   0.4422
   0.4920
   2.1683
   0.9390
   1.7144
   0.4574
   0.3553
   0.0912
   0.4602
   1.7108
   0.7417
   0.7066
   0.8502
   0.1699
   0.4621
   0.9653
   0.1196
   1.0563
   0.6786
   1.7326
   0.9865
   1.4401
   0.4042
   1.8587
   3.5247
   2.1597
   0.3541
   0.2547
   0.0828
   0.0903
   2.7891
   1.6638
   1.7895
   2.7896
   2.0985
   0.2753
   1.4924
   0.9691
   0.4586
   0.7272
   2.4255
   1.9905
   0.7557
   0.4139
   0.3204
   0.4836
   0.9145
   1.2751
   0.6455
   0.7485
   0.7212
   0.9668
   0.6488
   3.6205
   1.9796
   0.7585
   1.2821
   2.1894
   0.0834
   1.4330
   5.4745
   0.4439
   0.3146
   1.7806
   0.0417
   2.9369
   0.2485
   1.0760
   1.7411
   0.7466
   0.3362
   0.8658
   0.5805
   1.2045
   0.0769
   0.1434
   1.0381
   1.7070
   0.0657
   0.6594
   2.3190
   2.8880
   1.6678
   1.8841
   0.2991
   0.5378
   1.4583
   0.6516
   1.3275
   0.2704
   1.3180
   0.0393
   1.2082
   0.0824
   0.0774
   0.8319
   2.2860
   4.2340
   1.0785
   1.5539
   1.3865
   1.7328
   0.3271
   6.6534
   0.6589
   1.0216
   0.3731
   0.3662
   0.8311
   0.0040
   0.4140
   0.6457
   1.6766
   1.6590
   0.0947
   1.6081
   0.1402
   0.8248
   1.1621
   0.3549
   0.8459
   0.5678
   0.0312
   0.2773
   0.7197
   0.1477
   0.0494
   0.6114
   2.5150
   2.4329
   0.2055
   0.0015
   0.4445
   2.6122
   0.3867
   0.7540
   1.2643
   1.5573
   0.8742
   0.9420
   0.6190
   0.3235
   2.4752
   0.4680
   0.4066
   0.1533
   1.3879
   1.0880
   1.5770
   1.1611
   0.3096
   0.6499
   1.5532
   0.7029
   0.0565
   0.5170
   3.5650
   0.1494
   2.3539
   0.0818
   1.1634
   0.6710
   4.3736
   1.1252
   3.2014
   0.1533
   0.7246
   0.3615
   0.5152
   0.3729
   0.1448
   1.3831
   0.0240
   1.8922
   0.4262
   2.2899
   0.0423
   0.6690
   1.9527
   0.0265
   0.6742
   2.1059
   1.6307
   0.0220
   0.0237
   0.9410
   0.0507
   2.8073
   2.4184
   0.2715
   0.3721
   1.7583
   2.5002
   1.4640
   0.9693
   2.6839
   0.5608
   0.4172
   1.7035
   1.0965
   1.2973
   8.3342
   0.5683
   2.5345
   1.4707
   2.9244
   0.1267
   0.0544
   0.1291
   0.2689
   1.0031
   0.2957
   3.4433
   0.5210
   1.2391
   1.0696
   1.6762
   0.1103
   0.2823
   0.6360
   3.0466
   1.2558
   0.2674
   1.8765
   0.1184
   1.5689
   2.5575
   0.4156
   0.3424
   0.5546
   1.1022
   2.1114
   1.7666
   0.4024
   0.1404
   0.0802
   0.1852
   0.1055
   0.1160
   0.4271
   0.5694
   0.3401
   2.0013
   0.9538
   0.8817
   0.4373
   0.1373
   0.1793
   0.3762
   0.5130
   1.7219
   0.1832
   1.1991
   1.0067
   0.3096
   1.0545
   0.3824
   1.7055
   1.1488
   1.0952
   1.6411
   0.0165
   0.3668
   0.3418
   1.3958
   1.8422
   1.5469
   0.1316
   0.1364
   0.4312
   1.3086
   4.1500
   0.8627
   0.1728
   0.5294
   0.5936
   0.6599
   1.4608
   0.2186
   0.0155
   0.2391
   1.1518
   0.0735
   0.4189
   2.6443
   1.7827
   0.7957
   1.3655
   0.7494
   0.4086
   0.3122
   0.4427
   0.8623
   0.1026
   0.2656
   0.6083
   0.2434
   0.5565
   0.1667
   0.6850
   1.7411
   1.1615
   0.7755
   0.0917
   0.9966
   0.0975
   0.5896
   1.9299
   0.0810
   0.3782
   1.0403
   0.7345
   2.3010
   0.4557
   2.7799
   0.0461
   0.4780
   1.8870
   1.7392
   0.7369
   1.0386
   0.3071
   0.3867
   0.4236
   0.8539
   0.1468
   0.5804
   0.1102
   0.9199
   0.0938
   0.4369
   2.2173
   1.4224
   3.9287
   0.9550
   2.7478
   0.4424
   1.1170
   1.6337
   1.2032
   2.6768
   0.9836
   0.2707
   0.5707
   2.4717
   1.5044
   0.1927
   1.8373
   1.0441
   0.6212
   2.9295
   0.1250
   0.0888
   3.7789
   0.9947
   2.2262
   1.1679
   0.3764
   0.4991
   0.1276
   0.2170
   0.1328
   0.3814
   1.0763
   2.3606
   0.1065
   0.9309
   0.8568
   0.3658
   0.5218
   0.5570
   1.4436
   0.6466
   1.6081
   0.0697
   2.3636
   2.8580
   0.2787
   0.1778
   0.0409
   0.2769
   0.6921
   1.1242
   1.0497
   1.0337
   2.8192
   1.7231
   2.5011
   1.4278
   0.8131
   0.5794
   0.0996
   2.0134
   0.5034
   0.7282
   1.3363
   0.9155
   0.2003
   0.3442
   1.2641
   0.9124
   0.6098
   3.1942
   1.9980
   0.3358
   0.0453
   1.6468
   0.5517
   1.1618
   1.0725
   0.6740
   0.6331
   0.0634
   0.0574
   1.1952
   0.4337
   2.0759
   0.8319
   0.3662
   2.8285
   2.1562
   0.4068
   2.0221
   0.2338
   2.4171
   0.0871
   0.0750
   0.6377
   0.4448
   1.4599
   2.5942
   0.1286
   1.5741
   1.3378
   0.5033
   2.4361
   2.4593
   1.3996
   2.8157
   0.1233
   1.6051
   0.1947
   0.1373
   0.4223
   4.1558
   0.5487
   0.1466
   0.2349
   0.2266
   0.0648
   1.1760
   0.0907
   1.1289
   0.6423
   2.4097
   2.9942
   0.0882
   0.6082
   0.5047
   1.0906
   0.5165
   2.1217
   2.0933
   0.5988
   0.6093
   0.0123
   1.5327
   4.9460
   0.3186
   0.4808
   1.9444
   1.4184
   0.1727
   1.3297
   0.6639
   0.5340
   0.5811
   1.6069
   1.5717
   0.2926
   2.7715
   3.3696
   0.2378
   1.2718
   0.1334
   0.4984
   0.1578
   0.6798
   0.0088
   0.1782
   0.1570
   0.1200
   0.4737
   2.5785
   0.3228
   1.8986
   0.1915
   2.2281
   0.3583
   1.9929
   0.0815
   0.6661
   0.2448

