    7.2788
    3.8439
    0.4885
    0.0293
    2.7491
    1.2975
    4.5139
    0.3805
    0.5372
    0.2402
    0.3143
    3.2346
    0.6110
    0.3050
    0.0446
    0.6275
    0.4107
    0.1994
    0.7245
    0.2318
    5.9218
    0.1708
    0.0524
    0.8751
    0.0013
    0.2447
    0.5482
    0.1378
    0.2516
    0.2924
    0.0229
    0.3498
    0.7115
    0.0555
    3.4715
    1.0061
    1.9049
    0.0631
    1.1261
    0.2687
    0.1835
    3.8713
    1.8626
    0.5937
    0.0921
    0.0586
    0.3895
    0.2597
    0.0871
    0.0421
    0.5633
    0.2339
    3.1296
    0.2194
    0.2957
    0.5477
    0.8530
    0.1585
    0.0337
    0.1591
    0.1586
    3.9375
    0.4229
    5.6597
    2.0202
    1.0971
    0.5932
    0.7687
    9.1369
    2.6220
    3.3482
    0.0674
    0.1887
    0.8070
    0.8912
    0.6433
    1.2965
    0.1737
    0.2148
    0.6027
    0.1545
    0.5208
    0.0336
    3.5973
    1.7429
    0.4531
    0.2102
    0.2714
    1.7590
    0.2040
    0.1666
    0.1549
    0.0304
    0.0635
    0.6280
    0.0657
    0.9203
    3.2377
    0.1386
    1.5813
    3.0140
    0.0114
    0.2882
    0.3826
    2.0283
    0.3851
    0.1251
    2.5226
    0.2038
    0.1703
    0.0303
    0.1276
    0.5077
    0.4779
    0.6934
    0.1255
    0.7817
    0.1740
    0.0846
    0.3793
    0.0623
    2.8019
    1.7720
    0.6469
    2.1023
    2.3950
    0.3962
    2.1355
    0.5524
    0.0488
    0.9556
    0.3417
    0.6484
    1.1824
    0.0523
    0.3950
    0.0235
    0.3115
    1.4955
    0.0483
    0.0740
    0.0222
    0.0835
    0.1665
    0.0480
    0.6117
    0.0052
    0.6225
    0.1723
    0.1444
    0.4542
    0.3480
    0.5360
    0.0257
    2.7315
    5.1615
    0.5168
    0.7654
    0.0388
    0.0419
    0.2189
    0.3497
    4.2254
    1.4412
    0.0059
    0.8139
    0.8873
    0.5629
    0.2546
    0.6220
    1.8016
    0.4699
    1.1947
    0.3353
    0.0493
    2.4953
    2.1750
    0.1105
    0.0725
    0.7763
    1.3723
    0.4843
    0.8605
    0.6709
    3.3329
    0.3445
    0.6282
    1.8149
    0.1298
    0.3226
    1.6202
    0.6128
    0.2945
    0.5767
    0.5301
    0.7848
    0.2889
    1.1705
    3.4874
    0.9954
    0.1505
    0.0321
    0.5381
    0.1096
    0.5130
    1.8575
    0.1852
    0.3559
    0.2639
    0.2279
    1.2314
    2.6859
    0.0502
    2.0911
    0.1411
    0.1182
    0.1100
    0.1293
    9.1311
    0.8941
    0.3511
    0.0273
    0.5854
    8.1883
    0.2436
    0.3475
    0.4465
    0.0047
    0.0886
    0.1416
    0.1483
    0.2231
    0.7421
    0.0762
    0.0916
    0.8617
    1.4652
    0.8942
    0.0789
    1.9876
    3.5754
    0.1128
    2.7512
    0.0823
    0.4156
    0.2839
    0.2688
    5.0155
    0.1493
    0.5691
    1.0602
    0.3157
    0.1854
    0.4437
    3.3862
    4.0628
    1.8558
    0.0493
    1.5133
    0.0625
    3.8711
    1.1441
    0.8663
    4.1071
    0.1805
    0.0834
    0.9785
    0.4245
    0.3275
    0.7154
    0.4776
    0.6813
    1.6745
    0.0225
    0.2652
    0.0372
    0.0093
    0.3764
    0.0538
    0.3348
    0.2007
    0.3364
    0.0555
    5.5925
    0.3058
    1.3773
    0.0714
    0.2327
    0.2951
    0.6498
    0.0949
    0.0146
    1.0376
    0.0939
    0.6905
    0.5356
    0.4508
    2.0735
    1.0133
    0.1827
    0.1822
    4.3119
    0.9553
    0.2291
    0.0895
    0.2288
    3.7319
    0.1593
    0.0898
    0.6665
    0.7193
    0.2544
    0.8890
    0.0851
    5.8067
    0.1828
    0.2530
    0.2916
    2.8505
    1.7773
    2.5562
    0.0413
    2.0669
    0.1147
    2.8406
    0.1693
    0.4135
    0.3663
    0.2855
    0.1402
    0.0019
    1.8106
    0.2622
    0.3172
    0.4104
    0.3602
    0.0404
    3.1805
    0.5109
    0.0093
    1.3125
    0.0467
    2.1531
    1.1193
    0.0606
    0.1295
    0.1907
    0.1289
    0.0727
    0.0199
    1.8986
    0.4213
    0.3565
    1.0925
    0.7238
    0.1545
    0.7967
    0.1775
    3.3761
    0.3002
    0.0414
    0.0974
    1.2346
    0.0935
    1.2866
    0.0371
    0.3037
    0.2058
    0.4890
    0.1796
    0.1681
    0.0216
    0.9726
    1.8500
    0.2133
    3.8630
    0.5572
    0.5070
    0.0115
    0.3744
    0.5976
    1.5996
    0.2499
    1.0516
    0.1667
    0.1776
    1.4746
    0.8785
    0.2835
    0.1716
    0.1249
    0.2234
    0.1502
    0.0594
    0.2364
    0.1899
    8.1778
    0.3388
    0.5139
    0.0322
    0.1528
    0.7844
    3.0404
    0.0162
    0.2769
    0.2440
    0.7858
    0.7014
    0.0017
    0.2932
    0.0340
    0.6294
    2.2859
    0.6561
    2.8451
    2.6071
    0.0786
    0.8952
    0.1939
    0.2314
    0.2406
    5.6808
    0.0386
    0.2282
    0.3831
    0.1005
    0.3148
    0.5416
    0.1193
    5.9822
    0.1761
    0.0718
    4.3237
    4.9963
    1.6146
    0.8256
    0.3675
    0.2568
    0.0018
    0.0666
    1.0757
    0.0010
    0.3656
    0.3449
    0.6823
    0.2861
    0.2768
    0.1799
    0.2399
    0.1974
    9.3092
    0.6506
    2.9182
    0.0936
    0.0191
    0.2376
    6.8131
    4.4180
    1.0971
    0.0432
    0.3519
    0.1507
    0.7856
    0.2607
    2.8785
    4.9604
    0.1885
    0.4442
    0.4504
    0.4623
    8.2059
    3.1125
    0.7221
    0.3994
    1.2419
    0.3556
    0.2988
    1.0709
    8.2208
    0.3025
    0.0352
    0.0905
    0.1567
    0.8396
    0.8735
    0.0319
    0.3451
    0.1446
    2.5824
    3.2973
    0.0380
    0.4241
    0.0506
    0.2125
    1.9214
    1.2834
    0.0230
    0.2767
    1.4745
    1.0718
    0.0677
    0.0470
    0.1973
    0.4378
    0.5377
    6.2480
    0.0768
    0.7052
    0.0270
    0.3070
    1.0347
    2.7432
    0.5949
    0.0218
    0.1470
    0.0731
    0.4448
    1.0029
    4.0934
    4.6605
    0.3369
    0.0201
    1.0650
    0.7316
    5.8159
    0.0300
    2.4626
    0.1573
    5.8674
    1.0990
    0.3002
    1.1825
    0.3540
    0.6785
    0.3237
    1.9593
    0.2370
    0.4037
    1.5191
    0.1924
    1.7274
    1.2116
    0.3695
    0.0877
    0.1750
    0.4823
    2.2770
    0.0894
    0.4073
    0.0964
    0.8888
    0.3455
    0.1159
    0.1083
    0.4641
    3.1182
    0.0217
    0.9425
    0.1842
    0.1620
    2.8231
    0.4186
    0.0857
    0.1393
    0.0656
    0.6656
    0.1451
    0.1813
    0.5480
    0.2969
    5.8355
    1.5458
    0.0769
    0.2145
    0.7809
    0.7092
    0.6605
    0.0150
    0.7111
    0.5654
    0.7560
    0.2516
    1.3363
    0.4928
    0.9848
    0.2135
    0.0302
    1.8765
    0.0420
    1.8682
    0.3814
    0.0154
    0.5276
    0.8602
    3.3152
    2.0542
    0.1816
    0.4859
    0.5805
    0.0166
    0.2428
    0.1731
    0.8232
    0.3502
    0.0234
    3.4287
    0.1637
    1.8992
    1.3055
    1.5301
    1.4995
    7.4725
    0.0966
    0.7079
    0.2226
    0.9858
    1.8785
    0.9097
    0.3074
    0.0057
    0.2190
    0.2819
    0.5015
    2.2925
    0.3010
    0.1056
    1.4303
    0.0217
    1.9487
    0.1392
    0.9701
    0.6607
    1.5269
    0.4932
    0.0389
    0.1174
    0.1345
    0.1864
    0.0454
    0.9682
    1.3474
    0.3406
    0.0193
    0.2389
    0.1329
    0.3026
    0.1008
    0.4654
    0.0240
    0.0480
    1.1926
    0.2206
    2.6718
    6.0014
    0.0916
    3.2857
    0.2235
    0.0704
    0.3572
    0.3877
    7.4290
    0.8096
    0.1784
    0.7690
    1.1240
    0.1319
    0.4018
    0.0341
    0.2620
    0.3417
    0.8097
    0.0388
    0.8420
    0.0377
    0.0368
    2.3524
    0.5066
    0.5498
    1.7595
    0.8089
    0.0857
    0.0620
    0.0014
    0.0300
    0.0556
    0.0057
    1.1172
    2.3272
    0.0714
    0.2182
    0.0531
    0.1808
    0.1504
    0.6937
    0.4459
    0.6921
    0.3819
    1.2138
    0.2193
    2.1245
    0.4786
    1.0937
    0.1173
    0.3039
    0.2095
    2.9165
    0.5875
    1.0068
    0.0154
    0.3486
    0.8631
    0.3229
    1.3993
    0.0634
    0.0826
    6.4057
    0.1341
    0.8463
    0.1601
    1.4958
    0.3896
    1.5631
    0.2104
    0.7637
    3.9275
    0.1234
    0.1048
    0.0893
    3.7857
    0.9351
    1.1665
    0.5353
    0.4573
    0.4137
    0.1416
    1.0517
    0.1165
    0.5885
    3.9773
    0.2472
    3.3377
    0.1395
    0.0511
    0.4584
    2.0758
    0.0676
    0.0817
    1.9248
    0.0289
    6.4000
    0.3148
    0.6602
    2.9493
    0.1782
    0.0899
    0.0412
    0.4278
    0.0555
    0.2587
   10.0297
    1.4689
    0.4633
    0.2354
    2.2715
    0.2755
    1.6873
    0.1436
    1.7203
    1.1127
    0.9052
    1.8546
    0.3635
    0.3449
    0.2519
    0.1313
    0.2611
    1.1020
    9.1598
    4.4828
    0.3506
    1.8501
    0.1223
    0.1100
    0.1705
    0.0729
    0.5384
    0.3582
    9.1867
    0.0556
    0.3216
    7.1112
    0.3028
    0.1077
    0.4932
    0.6859
    0.5484
    0.2571
    0.5643
    0.4588
    1.0169
    0.0276
    0.8519
    0.4884
    0.0202
    0.0847
    0.0604
    0.0164
    0.5383
    0.4983
    2.7605
    3.4065
    0.6030
    1.0850
    0.1037
    0.3198
    0.6989
    0.3827
    0.6267
    0.0330
    0.5374
    0.4287
    0.1855
    0.0985
    0.5642
    0.3387
    0.8287
    0.0449
    0.4796
    0.1827
    0.4075
    0.2021
    0.0133
    0.2731
    1.2856
    0.2660
    3.1364
    1.9002
    0.7329
    1.1223
    1.0170
    6.9977
    0.1230
    5.3282
    0.0961
    0.2439
    0.0270
    0.3044
    0.3173
    0.1092
    1.9457
    0.2627
    2.3814
    0.2321
    0.1053
    0.5730
    0.3036
    1.1139
    0.0762
    2.6018
    1.7451
    0.7472
    0.2997
    0.2765
    0.2009
    3.8747
    0.7781
    0.2257
    7.9593
    0.0423
    0.6845
    1.0816
    0.1300
    0.3406
    0.8664
    0.7676
    1.6719
    0.4627
    0.3833
    0.3060
    0.7374
    2.4248
    0.0857
    0.7766
    2.2139
    0.5178
    4.4192
    3.2215
    0.2011
    0.6474
    0.4097
    0.1131
    0.0022
    0.8000
    0.4339
    1.3595
    0.5010
    0.8365
    0.0045
    0.3409
    4.9552
    0.2563
    0.2054
    0.2911
    0.1150
    0.1373
    0.1499
    0.1711
    2.2757
    0.8286
    0.9060
    0.5365
    0.3502
    0.3620
    0.6794
    0.2986
    0.3017
    0.0560
    3.1522
    0.2783
    0.7396
    0.9215
    0.7470
    3.2354
    0.3612
    0.3158
    1.5106
    0.0027
    3.0900
    0.2020
    0.3905
    1.9965
    0.1624
    0.5578
    0.2548
    0.1724
    0.0167
    0.3400
    5.4013
    2.0302
    0.7668
    0.0183
    1.3961
    0.4451
    0.1441
    0.3429
    0.4217
    0.2744
    0.5080
    0.9700
    0.2939
    0.1060
    0.9035
    0.1382
    0.0352
    0.4315
    0.0717
    0.1395
    0.1383
    0.1779
    5.7512
    0.2802
    2.5682
   10.7222
    0.0585
    0.2220
    0.1697
    0.0471
    1.6048
    9.2906
    0.4799
    0.6458
    0.7574
    4.1578
    0.1601
    0.0047
    0.0380
    0.2500
    0.2600
    0.0700
    2.8122
    0.5019
    0.5204
    2.7972
    0.0571
    5.4839
    3.6551
    0.8117
    0.7567
    0.2041
    0.3825
    0.2247
    0.0494
    0.1240
    6.5943
    0.8809
    1.9984
    0.4960
    0.2812
    0.2966
    0.8672

