   0.5068
   0.5686
   0.9080
   2.7521
   0.6371
   0.7969
   1.9498
   1.0604
   0.4704
   1.1126
   0.2897
   1.1799
   0.7173
   0.3343
   1.2376
   1.1327
   1.0664
   0.6170
   0.8644
   0.7341
   1.6367
   0.4367
   2.1981
   1.3526
   0.6377
   1.3292
   1.3462
   2.5579
   0.5079
   0.7435
   0.9871
   0.4925
   1.4412
   0.5256
   0.5394
   0.6094
   0.8270
   0.6882
   0.4024
   2.4255
   2.5521
   0.8173
   1.4885
   1.2646
   0.9064
   0.7328
   0.6776
   0.4418
   0.8431
   0.5583
   3.0795
   1.3828
   0.4567
   2.7630
   1.3322
   1.2974
   1.2024
   0.4215
   0.8330
   0.7726
   1.5879
   0.6262
   0.5533
   0.8897
   1.1239
   0.7524
   0.8453
   1.1419
   0.5296
   1.0377
   1.4911
   1.3499
   1.4969
   1.1740
   1.3579
   0.5790
   1.0045
   0.9743
   0.4514
   0.4624
   0.4746
   0.4185
   0.7552
   1.1598
   1.9437
   0.8793
   0.4500
   1.4678
   1.0807
   0.4975
   0.9486
   1.2392
   1.8052
   1.3742
   0.2404
   2.1024
   0.8805
   0.6856
   2.3576
   1.8427
   0.9017
   0.6458
   0.9467
   1.0981
   0.7709
   0.3572
   0.3204
   1.2194
   1.1652
   0.8466
   1.1271
   0.6954
   0.7520
   2.3819
   0.7482
   1.1643
   0.5160
   0.6421
   1.3804
   0.9363
   1.1727
   1.1107
   0.9280
   1.3777
   0.4555
   0.8134
   1.0734
   0.8954
   0.8325
   0.8010
   0.8766
   0.7100
   0.7033
   2.0640
   0.5487
   0.9743
   0.8155
   0.9045
   0.3652
   0.5851
   0.4822
   0.8230
   0.5463
   1.9558
   1.4505
   1.0708
   0.9281
   0.8645
   2.1343
   1.4249
   1.7932
   0.5134
   1.5048
   0.2201
   0.9992
   0.6155
   1.1074
   0.8592
   1.4883
   0.5687
   0.8063
   0.4403
   1.3012
   0.9248
   1.0848
   2.5259
   2.0871
   1.3980
   0.5285
   1.6882
   0.9409
   2.1156
   1.4399
   0.9250
   0.7602
   0.3341
   0.6859
   0.3972
   0.4307
   0.8745
   0.6497
   0.5494
   0.3313
   0.8090
   1.0034
   0.9512
   1.8864
   2.3038
   0.6647
   0.4338
   0.9835
   0.6665
   0.8555
   0.6038
   0.4745
   0.8396
   0.2585
   1.2054
   1.0022
   1.2584
   0.6917
   1.2044
   2.0568
   1.2091
   0.5099
   0.4738
   1.7969
   0.4459
   1.3076
   0.4356
   1.1383
   0.4366
   0.2706
   1.1203
   0.4159
   1.7213
   2.3554
   0.5755
   0.9144
   1.7045
   0.4871
   0.8619
   0.7190
   0.8906
   0.7418
   0.2098
   0.7072
   0.4303
   0.3794
   0.9195
   0.4278
   1.8182
   0.9953
   1.3305
   0.3760
   0.9425
   0.1658
   0.5470
   1.1249
   0.9456
   0.5704
   0.7996
   0.9812
   1.6174
   0.3641
   1.2889
   1.0539
   1.2500
   1.0289
   1.5430
   0.6576
   2.0641
   1.0926
   0.6845
   1.7707
   0.3664
   1.1361
   0.2217
   2.0026
   1.1569
   0.6493
   1.7058
   0.9545
   1.1579
   0.5957
   1.5147
   1.4058
   0.6782
   0.3651
   0.2956
   0.8060
   1.1712
   0.9356
   0.7133
   1.3971
   0.9151
   0.7590
   0.5483
   0.7817
   0.8734
   1.5345
   1.4963
   0.4036
   1.2307
   0.6584
   0.5985
   1.7261
   1.2583
   2.6060
   1.9462
   0.6100
   0.6389
   0.8069
   1.6945
   0.6855
   0.6298
   2.3168
   0.6328
   0.7488
   0.6227
   0.3923
   0.7614
   0.9536
   0.7865
   1.0624
   1.5425
   0.5074
   0.4932
   0.7025
   0.9453
   0.8894
   1.6420
   1.5256
   0.7339
   1.9319
   0.9497
   1.0588
   0.8009
   1.5655
   0.8031
   0.7093
   0.7915
   1.2162
   1.0149
   0.5274
   0.2263
   0.6583
   0.6171
   0.4301
   0.6961
   0.8179
   1.9148
   1.9506
   1.1495
   1.9014
   0.8826
   0.8342
   1.5408
   0.7123
   1.1937
   2.1169
   1.5371
   1.4996
   0.2197
   1.2674
   0.8670
   0.6580
   1.3693
   0.5821
   1.2031
   0.9743
   0.9448
   1.0770
   0.5025
   1.6085
   0.9468
   0.9840
   0.7686
   0.7156
   0.5106
   0.3840
   1.4118
   0.4234
   0.2829
   0.4454
   2.0585
   1.4469
   0.4734
   0.6259
   0.7761
   0.5009
   0.5412
   1.5441
   1.2985
   2.1699
   0.5336
   2.1991
   0.9051
   1.3140
   1.1017
   0.3941
   0.9436
   0.7343
   0.8000
   0.8923
   0.4255
   0.7009
   0.9848
   1.0485
   0.7047
   1.8329
   1.1167
   0.6743
   1.1970
   1.3008
   0.6491
   0.9515
   1.0569
   1.4813
   0.6881
   0.7411
   1.1807
   1.0541
   0.8435
   1.6736
   1.4314
   0.6920
   0.6158
   1.1243
   0.7196
   0.6641
   0.7714
   2.1370
   1.4148
   1.5475
   0.7055
   1.9538
   1.0826
   1.0976
   0.6192
   0.9854
   1.5968
   1.2862
   1.9093
   1.3195
   1.6329
   1.0859
   0.9675
   0.3199
   0.6836
   1.4527
   0.3396
   0.7301
   0.3038
   0.9796
   0.7458
   0.7425
   0.7000
   1.6146
   0.6953
   0.4900
   1.5567
   0.8699
   0.3620
   1.9121
   1.2822
   1.6709
   0.7049
   1.7072
   2.1427
   0.5337
   2.2315
   0.4809
   0.3590
   1.4608
   1.2387
   0.6486
   1.0648
   1.1931
   1.3694
   1.0179
   0.7220
   1.2242
   0.7749
   0.5650
   1.7125
   1.5289
   1.8381
   0.8837
   0.9078
   0.8413
   0.6200
   1.0590
   0.3407
   0.2139
   0.4861
   0.7723
   0.9246
   1.8510
   0.8394
   1.6464
   0.7897
   0.4845
   1.1126
   1.0727
   1.2821
   2.5367
   2.0365
   0.4228
   0.1822
   0.4210
   0.7033
   1.0928
   1.0707
   0.4673
   0.7516
   0.9503
   1.3212
   1.0278
   0.2219
   0.9177
   1.2101
   0.6003
   0.4037
   0.5511
   0.8155
   1.0771
   1.4462
   0.4702
   0.4834
   0.1544
   0.5888
   1.4572
   1.7714
   1.0230
   0.2114
   1.6610
   0.5980
   1.6027
   0.6325
   0.6025
   0.3352
   0.3355
   0.9820
   0.9177
   0.4776
   0.7214
   1.2287
   1.3258
   0.4908
   0.6075
   1.3025
   0.9108
   0.9690
   0.5232
   1.3540
   1.6664
   0.9134
   1.0911
   0.6781
   1.2517
   0.9729
   0.7197
   0.7246
   0.4847
   1.5455
   1.0237
   2.0189
   1.2361
   0.8958
   0.6816
   1.2331
   1.4872
   1.4892
   0.7853
   1.6212
   0.7338
   1.1650
   1.1101
   0.8476
   0.2118
   1.0499
   1.4380
   0.8195
   0.6011
   0.3110
   0.7103
   0.7774
   1.2366
   0.6354
   0.4660
   1.8387
   0.6022
   0.8617
   1.1352
   1.5578
   2.2723
   0.8942
   1.4353
   1.1897
   1.1087
   2.6219
   1.1287
   0.5730
   1.6478
   1.2735
   0.5975
   1.1567
   1.2772
   0.6208
   1.7472
   1.1165
   0.7859
   1.0937
   1.4401
   0.5484
   1.6775
   0.7092
   1.4843
   1.0713
   1.2711
   0.5621
   0.4384
   1.0189
   0.2012
   0.8735
   1.1037
   1.8050
   0.5939
   1.4826
   1.2565
   0.9247
   2.0639
   0.8405
   0.4408
   1.1081
   1.7896
   0.4632
   0.5256
   1.6240
   1.2576
   0.8791
   0.1614
   1.0118
   0.4367
   0.5354
   0.4025
   1.6320
   0.6653
   1.1949
   0.9147
   0.5907
   1.4209
   0.9796
   1.1032
   0.4695
   0.2165
   0.3998
   1.1327
   0.5646
   0.6932
   1.5513
   0.6777
   1.6919
   0.5571
   0.5676
   0.4918
   0.8881
   1.1373
   0.6551
   1.8616
   0.6093
   0.6892
   1.1729
   0.9563
   0.8279
   0.4220
   0.3882
   0.9990
   1.0780
   0.5267
   1.5156
   0.4568
   0.8598
   1.1484
   0.8138
   0.6685
   1.7218
   1.2016
   1.4267
   1.4031
   0.7373
   0.9088
   1.1908
   1.3740
   0.8526
   0.3732
   0.8471
   1.1076
   0.2745
   0.7128
   0.9544
   1.9230
   1.1508
   1.2980
   0.3691
   1.2970
   1.1210
   1.5056
   0.4154
   0.3806
   2.1113
   2.1433
   0.7742
   0.9444
   0.7750
   2.6631
   0.8050
   0.3932
   1.1380
   0.3902
   0.6594
   1.2379
   0.5263
   0.5893
   0.3814
   0.3901
   0.7434
   0.6466
   1.1992
   1.5682
   0.9570
   1.1200
   0.5931
   0.9502
   1.1340
   1.5227
   0.7957
   0.4459
   1.2015
   0.9999
   1.0984
   0.5374
   2.1157
   0.4716
   1.9678
   0.4414
   1.0815
   1.0251
   2.5302
   0.6008
   2.2632
   0.2005
   1.3717
   1.6336
   1.6851
   0.4697
   0.8659
   1.4292
   1.5544
   0.6898
   0.6371
   1.0692
   0.3141
   1.3984
   1.9022
   0.9138
   1.1852
   1.2141
   0.7452
   0.9578
   0.7514
   0.4417
   0.6118
   1.2368
   1.3633
   0.5010
   0.6647
   0.3186
   0.4271
   0.6632
   2.2944
   1.9814
   0.5493
   0.4051
   0.8792
   0.5995
   1.0118
   1.2419
   0.9012
   0.9149
   0.7974
   0.7003
   0.5648
   0.7091
   2.1526
   0.4654
   2.1502
   0.4827
   0.2754
   1.3939
   0.3949
   1.6111
   0.9990
   1.3064
   1.4528
   1.5160
   0.2314
   0.7884
   2.0514
   0.2327
   0.8301
   0.6107
   1.4302
   0.7571
   1.1700
   1.0430
   2.2516
   1.4142
   1.0818
   2.6059
   1.0375
   1.1260
   0.5581
   0.5439
   1.2393
   0.9458
   1.2058
   0.5852
   0.1620
   1.4003
   2.1480
   0.8016
   0.2993
   0.8606
   0.6172
   0.4597
   0.9301
   1.0009
   1.3187
   0.5338
   1.3057
   0.7579
   0.8466
   0.5390
   0.5940
   1.3296
   1.3411
   0.6287
   1.5273
   0.9284
   1.2368
   0.9979
   0.9146
   0.8148
   2.0823
   0.3997
   0.8303
   1.2654
   0.7361
   0.4700
   0.6220
   0.7990
   0.6985
   0.7247
   0.3594
   1.2396
   0.6673
   1.3845
   0.9456
   0.7811
   1.1171
   1.2653
   1.7167
   1.5448
   1.1520
   1.9641
   0.2418
   0.2639
   1.1686
   0.9292
   0.6648
   1.0873
   0.3973
   1.2416
   1.0866
   0.6792
   1.9034
   1.0075
   2.0817
   1.3294
   0.2085
   0.6500
   0.8826
   0.7527
   0.3903
   0.6264
   1.0284
   1.2092
   0.9017
   0.5751
   2.2039
   2.2098
   0.9381
   0.7835
   0.8610
   1.0809
   1.0436
   0.6693
   0.3616
   0.4120
   1.2002
   0.8491
   1.4897
   1.5324
   1.7333
   1.3861
   0.5966
   1.4412
   1.0516
   0.2141
   1.5819
   1.2157
   0.5623
   1.0419
   1.1905
   0.8374
   1.2383
   1.3330
   1.4777
   0.8586
   0.7001
   0.7447
   1.0074
   1.4358
   0.4825
   0.9301
   0.5309
   1.7463
   1.4940
   0.3033
   0.6287
   1.3323
   0.4822
   0.6031
   0.6100
   0.4344
   1.1743
   1.7031
   0.9055
   1.1201
   0.9655
   1.2410
   0.4871
   0.4074
   1.1857
   0.2361
   1.0350
   0.8878
   0.4695
   1.5117
   0.5817
   0.7087
   0.6938
   1.0889
   1.1768
   0.4551
   0.9413
   1.3633
   1.4354
   1.3373
   0.2094
   1.0079
   0.9535
   0.9953
   1.3115
   0.8709
   1.5300
   1.7923
   1.3737
   1.4742
   1.0416
   1.2013
   0.5787
   0.3969
   0.8021
   0.6485
   0.6399
   0.8122
   1.8187
   0.1853
   1.6666
   1.5738
   0.8787
   0.9778
   1.4778
   1.0025
   0.8589
   1.5594
   0.6923
   0.9559
   1.4460
   1.4588
   0.9002
   0.7118
   1.0419
   0.8683
   0.4655
   1.1835
   0.9050
   0.6333
   1.8382
   0.8056
   0.5494
   0.5386
   0.7605
   0.6407
   0.3515
   0.8268
   0.3874

