    0.6017
    0.7008
    0.2585
    0.7417
    0.6564
    0.1040
    0.2310
    0.2516
    0.3346
    0.2433
    0.1378
    0.1161
    0.2713
    0.4914
    0.2307
    0.3716
    3.2156
    0.1040
    2.1528
    0.3931
   25.5332
    6.5924
    0.0439
    0.2610
    0.1058
    0.5379
    0.0192
    0.0445
    0.4193
    0.0648
    0.1081
    0.1815
    0.1700
    0.4013
    0.1642
    0.3397
    0.2844
    0.1222
    1.0396
    0.8621
   12.1856
    0.0250
    0.1744
    0.2929
    0.6869
    0.2586
    0.4607
    1.3568
    0.0564
    1.6331
   17.0184
    0.0837
    0.0253
    0.1233
    0.0155
    0.5594
    0.2151
    0.1860
    0.2682
    0.1114
    0.0031
    0.0089
    0.2132
    0.5929
    0.6711
    0.4769
    0.0166
    6.6771
    0.1572
    0.1889
    0.0962
    0.0063
    0.5947
    0.0183
    0.1040
    0.0064
    0.1043
    0.0789
    0.2590
    0.2808
    0.2899
    0.3290
    0.6702
    0.4221
    1.2487
    0.1575
    1.8248
    0.0112
    0.8571
    0.1073
    0.2327
    0.0063
    0.1496
    0.2549
    0.7828
    0.1991
    0.1670
    0.1792
    9.1477
    0.0841
    1.0040
    0.5678
    0.2278
    0.0116
    0.0449
    0.0479
    0.3293
    2.1082
    0.2868
    2.0789
    0.0696
    0.1748
    0.6644
    0.1645
    0.8436
    0.0224
    0.0189
    0.5169
    0.5881
    0.8994
    0.2681
    0.0960
    0.8744
    0.0971
    0.5735
    0.0250
    0.0728
    0.7860
    1.4529
    0.1556
    0.0711
    0.2680
    0.1694
    4.7746
    0.3175
    0.8950
    0.1035
    0.1591
    0.4202
   19.9230
    0.0022
    0.1026
    0.4118
    0.0303
    0.2783
    0.0933
    0.0935
    0.0580
    0.7351
    0.1292
    0.0472
    2.8437
    0.5429
    0.9799
    1.2967
    0.3095
    0.0295
    0.9361
   20.1386
    0.3670
    0.2129
    0.0595
    0.0965
    0.5290
    0.7346
    0.2358
    0.6620
    1.6789
    1.3784
    0.2190
    0.0568
    1.5567
    7.1937
    0.8100
    0.1590
    0.8965
    0.3077
    0.3003
    1.9136
    0.1294
    1.1105
    2.6770
   18.1638
    2.3453
    1.7756
    0.0004
    0.7468
    0.1000
    0.0502
    0.0336
    0.1206
    0.3798
    0.5509
    0.2770
    0.0057
    2.3305
    0.6350
    0.3316
    3.2716
    0.5540
    0.5873
    0.3349
    0.1684
    0.7453
    0.2478
    0.4186
    0.2114
    0.1689
    0.4258
    0.2136
    0.0015
    0.0362
    0.1221
   15.4396
    1.1933
    0.0190
    0.4046
    1.8086
    0.4701
    2.9017
    0.4074
    0.5602
    0.5131
    0.1910
    0.0054
    0.3358
    0.8719
    0.4848
    0.0632
    0.0550
    0.0516
    0.7438
    0.3931
    0.3207
    0.4658
    0.7797
    0.5566
    0.4057
    1.8777
    1.6346
    0.0915
    0.1520
    0.8421
    0.0487
    0.0330
    0.0802
    0.2558
    0.1943
    0.1026
    0.1197
    5.0908
    0.1153
    0.8766
    6.5488
    0.4696
    0.2377
    0.5220
    0.3223
    0.1112
    0.3524
    0.4642
    0.7902
    0.3890
    0.4834
    0.1429
    0.2238
    0.0159
    0.0396
    1.6596
    0.3239
    0.7123
    0.0218
    0.0720
    0.1817
    0.8420
    0.4665
   20.9250
    0.3619
    2.4384
    1.6966
    0.3797
    0.0377
    2.1079
    2.5776
    0.1704
    0.5752
    1.5178
    0.2780
    0.0960
    0.4303
    1.2212
    0.2896
    0.3068
    0.6269
    0.1051
    0.0536
    0.3720
    0.1031
    0.3055
    0.0722
    0.7611
    0.2737
    1.0307
    0.2592
    0.7757
    0.3567
    0.1670
    0.7281
    0.4547
    0.0627
    0.3186
    1.5663
    0.0502
    0.3080
    0.0416
    0.3534
    0.2073
    1.0689
    2.8107
    0.1213
    0.6194
    0.6208
    0.7148
    0.0669
    0.1126
    0.0788
    2.5617
    3.2583
    1.1505
    0.1621
    2.3522
    0.0569
    0.2085
    0.2234
    0.6674
    1.3978
   14.9930
    0.0568
    0.2231
    0.5369
    0.6222
    0.1460
    0.0098
    0.1838
    6.1415
    0.0020
    0.8237
    0.8067
    3.5727
    2.1916
    0.1604
    0.5682
    1.0376
    0.1594
    0.3231
    1.0222
    0.5845
    0.0790
    0.0185
    0.7555
    0.1831
    0.0429
    1.2475
    0.4564
    0.0898
    5.6191
    0.1272
    1.9756
    0.4258
    0.4056
    0.0327
    0.0296
    0.7980
    1.1960
    0.1746
    0.2218
    0.2320
    0.4625
    0.0760
    0.7327
    0.2180
    0.3156
    0.5041
    1.0410
    0.2674
    0.0142
    4.2549
    0.5957
    0.4240
    0.3049
    0.1853
    6.4998
    1.5309
    0.5569
    0.1061
    4.2318
    0.0761
    1.3412
    0.0290
    0.3382
    0.0786
    0.2223
    0.1280
    0.5519
    0.2621
    0.5069
    0.0401
    0.2920
    0.0756
    0.4928
    0.1409
    0.6163
    0.1735
    0.4365
    0.4547
    0.8595
    0.0653
    0.2586
    0.6843
    0.2346
    0.2724
    0.3386
    0.2427
    0.1202
    0.3041
    5.2369
    5.5309
    1.5735
    0.0853
    0.4785
    0.1489
    0.9373
    0.9475
    0.0586
    0.1234
    0.4882
    3.8725
    0.0406
    0.0407
    1.8469
    1.0405
    1.8614
    4.3096
    0.1020
    0.1576
    0.0989
    0.6402
    2.3622
    0.5428
    3.3590
    0.3929
    1.5340
    0.1284
    0.0378
    0.1697
    0.5961
    0.5302
    0.5878
    0.0651
    1.1871
    0.1828
    1.3182
    0.7234
    2.0092
    0.1186
    1.0893
    0.1052
    0.0511
    0.1674
    0.3992
    0.0832
    0.0736
    1.0801
    0.0126
    0.2541
    1.2182
    0.1818
    0.4408
    0.2171
    0.4165
    0.1466
   10.9282
    2.9087
    0.3820
    0.1775
    0.8754
    0.5156
    0.5313
    0.1684
    1.4434
    3.9919
    0.2394
    0.1134
    0.1268
    0.3626
    0.3388
    3.3840
    0.0427
    1.0250
    0.3684
    0.2300
    0.6058
    0.0408
    0.1296
    0.0083
    0.1941
    0.0431
    0.1677
    6.0605
    0.6209
    0.4417
    0.2819
    1.0391
    0.1388
    0.8225
    0.0629
    0.2761
    0.1193
    0.6685
    0.2317
    0.0573
    0.7818
    0.6901
    0.2026
    0.6317
    0.6170
    0.1150
    0.0209
    2.0435
    1.0376
    0.8240
    2.4704
    0.1587
    0.2719
    1.3194
    5.8723
    0.7281
    0.3284
    0.6029
    0.1167
    0.1827
    0.0578
    0.2477
    0.1520
    0.2099
    8.3889
    0.7530
    0.2319
    0.2221
    1.0620
    0.5378
    4.0087
    0.6833
    1.4125
    0.0492
    1.2523
    0.3254
    3.3586
    0.6107
    0.1195
    0.1455
    1.4528
    7.9028
    0.5592
    0.1541
    0.3424
    0.0233
    0.2250
    0.8835
    0.1360
    0.0515
    0.2632
    1.2705
    0.1068
    0.1149
    0.3789
    0.4532
    0.0818
    0.3131
    0.0509
    0.0890
    0.2740
    1.7947
    0.4750
    0.7771
    0.0778
    0.4861
    0.3211
    0.0752
    0.0845
    0.1564
    0.0960
    0.2537
    0.0639
    0.0115
    0.1635
    0.4516
    0.5441
    0.5592
    0.1416
    0.7915
    0.0449
    0.0324
    1.3213
    0.1108
    0.3613
    0.0273
    0.8917
    0.5640
    0.7292
    0.0361
    0.2700
    0.0200
    0.6032
    0.0633
    0.1434
    0.2518
    0.4737
    0.3244
    0.1163
    0.0031
    0.5990
    0.5666
    0.0389
    1.0170
    0.1287
    0.3817
    0.7821
    0.0811
   20.2961
    1.5307
    0.1649
    0.0005
    0.7501
    0.0899
    0.0443
    0.1057
    0.2401
    2.9236
    0.0077
    0.0635
    1.0885
    0.1240
    0.6184
    0.2796
    1.2767
    0.5537
    0.4046
    0.1622
    0.0186
    7.5230
    0.9746
    0.1061
    0.2908
    0.1309
    0.1335
    0.9195
    1.3681
    0.2643
    0.2363
    0.4145
    0.1118
    0.5566
    0.0543
    0.5848
    1.0151
    0.3232
    0.3672
    0.2221
    1.1162
    0.6210
    0.5357
    0.1133
    1.4813
    0.1961
   14.1361
    9.6289
    0.0081
    0.0483
    0.2099
    0.4078
    0.3556
    1.1091
    0.9572
    0.5973
    0.1823
    0.3238
    0.5351
    0.2466
    0.3684
    0.0059
    5.0147
    1.0035
    0.3688
    0.2642
    0.0716
    0.0836
    0.0063
    0.2855
    0.4040
    1.0514
    0.6203
    2.1659
    6.2540
    0.2168
    0.2191
    0.4429
    0.9401
    0.0853
    5.3927
    0.1329
    0.2542
    0.4669
    0.6578
    0.0160
    1.3765
    0.0711
    0.2643
    0.1035
    2.8699
    0.6456
    0.1262
    0.5269
    0.0412
    1.2339
    0.8552
    0.1517
    0.2885
    0.1692
    0.2924
    2.7514
    0.6744
    5.9987
    0.5379
    0.3396
    0.1872
    0.3784
    0.5172
    0.1489
    1.1597
    0.0393
    0.0770
    0.0895
    1.1324
    1.9093
    0.3593
    2.7690
    0.1449
    0.0817
    0.2516
    0.0026
    0.3372
    0.4614
    8.2468
    0.1169
    0.3324
    0.0371
    0.0263
    0.9403
    0.4642
    0.4209
    0.4162
    0.1087
    0.3230
    0.7010
    0.0247
    0.3721
    0.3222
    0.7269
    0.0020
    2.5626
    0.0833
    0.5994
    0.0391
    0.0128
    0.2000
    0.1251
    0.1285
    0.0154
    0.1513
   10.4755
    0.1295
    0.2011
    0.2281
    0.0218
    3.3752
    0.3546
    1.2919
    0.7245
    0.0668
    0.2318
    0.2241
   14.8275
    1.1533
    0.1400
    0.1310
    0.2987
    0.0642
    0.1401
    0.1801
    0.7075
    0.1673
   10.5466
    0.0515
    0.1172
    0.7965
    0.2832
    0.1494
    0.5825
    0.3347
    0.2756
    0.1436
    0.3864
    0.4863
    0.1692
    0.0949
    0.3638
    1.6133
    0.0188
    0.2519
    0.0849
    0.0188
    0.5339
    0.0053
    5.5124
    0.0207
    0.1199
    0.0281
    0.1352
    0.0275
    0.0881
    0.0206
    0.0354
    0.4855
    0.0038
    1.5955
    0.2682
    0.5803
    0.0519
    0.0028
    0.7371
    0.3455
    0.5354
    4.9833
    0.0617
    0.0536
    0.6884
    3.8407
    0.9437
    0.0228
    0.2137
    0.0653
   14.4906
    0.7157
    0.8111
    0.0391
    0.0767
    0.4172
    0.8923
    0.2676
    0.1176
    0.0855
    0.3447
    0.2676
    0.3593
    0.4994
    0.1413
    0.5185
    0.0401
    0.1214
    0.5152
    0.1050
    1.2818
    0.5578
    0.0127
    0.5368
    0.5979
    0.4663
    0.8648
    7.3517
    0.9491
    0.1042
    0.0988
    3.3591
    0.0641
    0.3929
    1.0248
    9.9401
    1.0021
    0.4487
    0.0179
    9.8756
    0.2850
    0.3052
    6.0779
    0.6514
    0.7785
   11.0453
    0.6672
    0.6096
    0.2012
    0.2388
    0.6687
    0.2736
    0.3242
    1.9942
    0.1462
    0.2882
    2.3350
    1.2051
    0.6057
    0.5169
    0.2334
    0.2044
    0.5355
    0.2180
    0.3011
    0.8174
    0.5061
    0.1472
    0.1573
    0.1315
    0.1607
    0.2674
    0.0501
    0.2219
    0.0689
    0.1889
    0.3970
    1.3262
    0.0200
    0.6410
    0.2043
    0.2628
    0.2867
    0.7436
    1.1546
    0.1106
    0.0579
    0.1806
    0.2212
    9.1034
    0.4505
    0.4633
    0.1616
    0.3116
    0.1959
    0.2415
    0.2782
    1.0407
    0.1587
    0.8293
    0.1053
    0.0994
    0.6427
    0.0758
    0.0033
    0.2420
    2.1529
    0.0136
    1.5021
    2.5342
    0.0778
    0.1853
    0.1136
    0.0804
    0.1539
    0.0580
    0.5377
    0.4407
    0.0383
    0.4410
    0.4680
    0.1339
   13.3602
    0.1126
    0.4309
    0.0547
    0.0834
    0.6515
    0.6058
    7.9361
    0.6293
    1.5660
    0.7564
    0.9313
    0.1591
    0.7077
    0.0727
    0.2099
   12.1328
    0.2023
    0.4324
    0.0042
    0.2320
    0.3098
    0.3174
    0.0118
    0.4957
    0.1054

