   0.5504
   0.4571
   0.7670
   0.6888
   1.8570
   1.1630
   0.8843
   0.6653
   0.6467
   0.9692
   0.5918
   0.7698
   3.0669
   1.1114
   0.6893
   0.4228
   2.0757
   2.5930
   1.0737
   3.3346
   1.7331
   0.9536
   1.2461
   0.3028
   1.2864
   1.5594
   0.3850
   1.4408
   1.5527
   0.7153
   0.2439
   2.0242
   0.5654
   1.3833
   0.4839
   1.2469
   0.7698
   1.4958
   0.9296
   0.2003
   0.9460
   0.9628
   1.3840
   1.0235
   0.5537
   0.7615
   1.4279
   0.7913
   1.1062
   1.7659
   1.5337
   1.0924
   0.4404
   1.1467
   0.4092
   1.3216
   0.8452
   0.8776
   1.1597
   1.1965
   0.3373
   0.4539
   0.8511
   1.9675
   0.9470
   1.8347
   0.7319
   1.9338
   0.7692
   0.5861
   0.4225
   1.5357
   1.7461
   0.9587
   0.5662
   0.3836
   0.5430
   0.8583
   0.9701
   1.9789
   1.1427
   1.1927
   1.6537
   0.8408
   1.8939
   0.8176
   0.1507
   1.2763
   0.8338
   1.1150
   1.1350
   1.2869
   1.3057
   0.7769
   0.4722
   0.7403
   0.4613
   0.9035
   3.2063
   0.6872
   1.2870
   1.3432
   0.7718
   0.8264
   0.3307
   1.3321
   0.9286
   1.0332
   1.0045
   0.8719
   1.5499
   0.5566
   1.6864
   0.8738
   1.2821
   1.4657
   1.2774
   2.0982
   1.4755
   0.4473
   0.2377
   0.3306
   0.9651
   0.4495
   0.6615
   1.5890
   0.6049
   0.5128
   0.5039
   1.0270
   0.3693
   0.8670
   1.6987
   0.2942
   1.5020
   0.3960
   1.6806
   0.1374
   0.2548
   0.5216
   0.5829
   0.4624
   3.0425
   1.4526
   0.8041
   0.6916
   0.6963
   1.4425
   0.3536
   1.0700
   0.1586
   0.5632
   1.8392
   0.2834
   1.4406
   1.1610
   2.3458
   0.7090
   0.4627
   1.1352
   0.9454
   1.1961
   0.7453
   0.5279
   0.4850
   1.0586
   2.0437
   1.2586
   0.4111
   1.1860
   0.5273
   0.6473
   0.8999
   1.6427
   1.9147
   1.3677
   0.5509
   1.1831
   1.5101
   0.9013
   1.0885
   1.0356
   1.4234
   1.1114
   0.6998
   0.8770
   0.3611
   0.5799
   0.9367
   0.7279
   1.5896
   0.6484
   0.9325
   0.5600
   1.4567
   0.5761
   1.1329
   4.3364
   1.2454
   0.6440
   1.6359
   0.7358
   0.5688
   1.0781
   0.7157
   1.4731
   0.3859
   0.3092
   0.4020
   1.3878
   1.6992
   0.7283
   1.2375
   0.4938
   1.1719
   0.7953
   1.8642
   1.1655
   0.4703
   1.1822
   1.4314
   0.3930
   1.0545
   2.0593
   1.7277
   1.2450
   0.5108
   0.6921
   0.6156
   1.0142
   0.8350
   0.4655
   0.5941
   0.4706
   0.9964
   1.0839
   1.9234
   0.7672
   0.4022
   0.5079
   1.2463
   1.7184
   1.0227
   1.0064
   0.6437
   1.1155
   0.6850
   0.9162
   1.1662
   0.9392
   1.7300
   0.9249
   0.4375
   0.4470
   0.9994
   1.2095
   2.3304
   0.7690
   0.9165
   0.8951
   0.6863
   0.7237
   0.4320
   0.4419
   0.6324
   0.5724
   0.8093
   0.4625
   2.2890
   0.6387
   0.8273
   1.8781
   0.4002
   2.4080
   0.7547
   1.5028
   0.5569
   0.7234
   0.6842
   0.7299
   0.5005
   0.9811
   0.4026
   0.6905
   0.7129
   0.1338
   1.2636
   0.6086
   1.3493
   0.6147
   1.2828
   0.6349
   0.7997
   0.2959
   1.4801
   0.4164
   0.6403
   0.9515
   1.1073
   0.9251
   0.7575
   1.0476
   0.9532
   0.8782
   1.6163
   1.6372
   0.7408
   0.8771
   1.0937
   0.9210
   1.0532
   0.7160
   0.2453
   1.6771
   1.0381
   0.6931
   0.9429
   1.4720
   1.1169
   1.5852
   0.7405
   1.4956
   1.1594
   0.5789
   2.1802
   1.0561
   0.8311
   0.5754
   2.1257
   1.1597
   0.7153
   0.3830
   1.2804
   0.9045
   0.7958
   0.7368
   0.4514
   0.8196
   1.3123
   2.2694
   1.1405
   1.2200
   1.0751
   0.4157
   0.9042
   0.7186
   0.3586
   1.0213
   1.5125
   0.4875
   1.0417
   1.8890
   1.2757
   0.5336
   1.1369
   2.0270
   1.1178
   0.7632
   0.7454
   0.5122
   0.3999
   0.7724
   1.1371
   1.7067
   0.6426
   0.9379
   0.8866
   0.4318
   0.4319
   1.8001
   0.9310
   0.7112
   1.8493
   0.8442
   0.5205
   0.7291
   1.8519
   2.3098
   0.6913
   0.3451
   1.5381
   0.6274
   1.6137
   0.3603
   0.6710
   1.1401
   0.6498
   1.4531
   0.5673
   2.0440
   0.6013
   1.2285
   1.4616
   3.1085
   2.1380
   1.8322
   2.1214
   0.9609
   0.9622
   0.8716
   0.9568
   1.0888
   0.8819
   0.3732
   1.6714
   0.5563
   0.7355
   0.8004
   0.7344
   1.0555
   1.5510
   0.4117
   0.5909
   0.8162
   0.6325
   1.4415
   0.9463
   1.0611
   0.6213
   0.8543
   1.2580
   1.3788
   0.6988
   1.0966
   2.2266
   0.6351
   0.4629
   1.0685
   1.0336
   0.8514
   0.3819
   0.1155
   1.2649
   2.1630
   0.7361
   0.6823
   0.8033
   1.4364
   1.7855
   1.0760
   0.5338
   1.7943
   0.6790
   0.6299
   1.5862
   0.5736
   1.6367
   1.3190
   0.7007
   0.5232
   2.1155
   1.7397
   1.7212
   1.1481
   0.4283
   0.4365
   0.6584
   0.3404
   0.5679
   0.6815
   1.1797
   0.6470
   1.4203
   0.8743
   1.2603
   0.4303
   0.8501
   0.5898
   1.3317
   0.5304
   0.9178
   1.0750
   0.8395
   0.5702
   0.4556
   2.1792
   1.0183
   1.0201
   0.4532
   0.5835
   0.4675
   1.1814
   0.8778
   1.5365
   0.6699
   0.8490
   0.3442
   1.0251
   0.6643
   0.7727
   0.6691
   1.2377
   1.3087
   0.2793
   1.2144
   1.1221
   1.3575
   0.7337
   0.5898
   1.1780
   1.3993
   1.1999
   0.4541
   0.3045
   1.3779
   0.4300
   0.4936
   0.1949
   0.9713
   0.6069
   0.5563
   1.1877
   1.8745
   1.6684
   0.4642
   2.3733
   1.2808
   1.4691
   1.5853
   0.3131
   0.7676
   1.2094
   0.2606
   0.2368
   0.8085
   0.3812
   1.4284
   0.9682
   1.0491
   0.9481
   0.2873
   1.0243
   0.6893
   1.9928
   0.9341
   0.7011
   1.6462
   1.0846
   0.9305
   0.7358
   0.6619
   2.5845
   0.9671
   0.8758
   0.6530
   1.2770
   1.1638
   0.3536
   1.5268
   0.6874
   1.1724
   1.2590
   0.4138
   0.5700
   0.9085
   0.4859
   0.9247
   0.7155
   0.3450
   0.6677
   0.1486
   0.8237
   1.1277
   1.3550
   1.7408
   0.6686
   0.6234
   0.7267
   0.5497
   1.0587
   0.5840
   1.2490
   0.1593
   0.7383
   0.6527
   1.5984
   0.5910
   2.1518
   0.4076
   0.4454
   1.3485
   1.9271
   0.6307
   0.7891
   0.8970
   0.9739
   2.1943
   0.5393
   1.1943
   2.0287
   0.4129
   0.6746
   0.3983
   0.7689
   0.7223
   0.9346
   1.0259
   0.6975
   0.5256
   1.4660
   1.8992
   0.8406
   2.7703
   0.4148
   0.6483
   0.8393
   1.9562
   0.3945
   1.0490
   1.1811
   0.9100
   1.0383
   1.0045
   0.6555
   1.3859
   1.1025
   1.3896
   0.8898
   2.6517
   1.0966
   0.5344
   1.6613
   1.2441
   0.6572
   2.5140
   0.7759
   0.7516
   0.8338
   1.2279
   0.7651
   0.7577
   0.9182
   0.5677
   0.6999
   1.1899
   1.3567
   0.6543
   0.4438
   0.4007
   0.7144
   0.5738
   0.9111
   1.0089
   2.2286
   0.5543
   1.7185
   0.5344
   0.5426
   0.4437
   0.3781
   1.3676
   0.4914
   0.4995
   0.8304
   0.7722
   0.7961
   0.8044
   1.3339
   1.0055
   0.2489
   2.0566
   0.5203
   1.3306
   0.7533
   0.8278
   0.8828
   1.9913
   0.3678
   2.8925
   0.7170
   1.6854
   0.3419
   1.3261
   0.8515
   0.6820
   1.1140
   0.9803
   1.3342
   0.3222
   0.5755
   2.7494
   1.4521
   0.9954
   0.7462
   0.3013
   1.0250
   0.5553
   0.8251
   0.4678
   0.2550
   1.5806
   0.5624
   0.5211
   0.7204
   0.2894
   0.4098
   1.6531
   0.9078
   1.4174
   0.8435
   0.6689
   0.7396
   0.8936
   1.1942
   0.5040
   0.7204
   1.3675
   1.3136
   1.2337
   1.4338
   0.9301
   0.5472
   0.4171
   0.2956
   1.5962
   0.9041
   0.8633
   1.1331
   1.1572
   1.1859
   1.2030
   1.0874
   0.4889
   0.7921
   0.6113
   1.3867
   0.6183
   0.7304
   0.3390
   0.5138
   0.3499
   0.3268
   0.2765
   0.8167
   1.7427
   0.5648
   0.6815
   0.9669
   1.6053
   1.2839
   1.0525
   1.2143
   0.9729
   1.4722
   0.3605
   1.8406
   1.1354
   1.6628
   1.4876
   1.3292
   0.5955
   1.1105
   0.7301
   0.7279
   1.7003
   0.6050
   0.6798
   0.6084
   2.3879
   0.7719
   2.0993
   2.3804
   0.2139
   0.4370
   0.3200
   2.3455
   3.0250
   0.8291
   1.2352
   0.8211
   0.9012
   1.6982
   1.4739
   0.4190
   1.2732
   0.5931
   1.5453
   0.7360
   1.3479
   1.1035
   1.0477
   1.2266
   0.7450
   0.8427
   0.9945
   1.2940
   0.2481
   0.8664
   0.6410
   0.8449
   0.1843
   0.7631
   0.6464
   0.5248
   0.5258
   0.4209
   0.9405
   0.7817
   0.7180
   0.8849
   1.9262
   1.0055
   0.5437
   1.2742
   0.4541
   2.2709
   1.0780
   0.3563
   0.8809
   2.0132
   2.5081
   0.5960
   1.3848
   0.8514
   0.4321
   0.7764
   0.4761
   1.6856
   1.1780
   0.7685
   0.3358
   1.3052
   1.9325
   0.6506
   1.4373
   0.8055
   0.7465
   1.1053
   1.4289
   0.6982
   1.1382
   0.6841
   0.9976
   3.7737
   1.0898
   1.3459
   1.0192
   0.9351
   0.8398
   1.2402
   0.6887
   0.7483
   0.2144
   0.4264
   0.7889
   0.2906
   1.8130
   0.5654
   1.2296
   2.0494
   0.4018
   1.2607
   1.9158
   1.6628
   0.7901
   1.1637
   1.8262
   0.8970
   0.4187
   0.6483
   1.2713
   1.0731
   0.9406
   0.6481
   0.6633
   0.4025
   0.4548
   0.3533
   2.4017
   0.3762
   0.8997
   1.7515
   0.7272
   1.3434
   1.2474
   0.4560
   0.4860
   1.5211
   1.3433
   1.5377
   1.1661
   1.6355
   0.3900
   0.7403
   0.7781
   0.8799
   0.7284
   0.6977
   0.4261
   1.5637
   1.3997
   0.9161
   1.0267
   0.7680
   1.0953
   0.4487
   0.6178
   0.8824
   0.8184
   0.8414
   1.0251
   0.9203
   1.6883
   2.4575
   0.3088
   1.1171
   1.3948
   0.4775
   0.5406
   1.5632
   1.6172
   0.7491
   0.7099
   0.8605
   0.5199
   2.1206
   0.9609
   0.4243
   0.8629
   1.0479
   0.5095
   0.3184
   0.6888
   0.8312
   1.8972
   0.7448
   1.1426
   0.4230
   1.0899
   1.0851
   0.6757
   1.1287
   0.3008
   0.6528
   1.4428
   1.4406
   0.2176
   1.4509
   1.0080
   0.5867
   1.1547
   0.9523
   0.4791
   0.3692
   1.7786
   2.2027
   1.7516
   0.9292
   1.5275
   1.1323
   0.8431
   0.4197
   0.6684
   0.8318
   0.7896
   0.4376
   2.6322
   0.6539
   1.1897
   0.2899
   0.2746
   0.8742
   1.2600
   1.4323
   1.2263
   1.7827
   0.9656
   0.7528
   0.3140
   1.2670
   0.7245
   2.0107
   0.5164
   1.3356
   1.2813
   0.2927
   0.3296
   1.2586
   0.4262
   1.1214
   0.9128
   1.1626
   0.8772
   1.2774
   0.8242
   2.5690
   0.3633
   0.8639
   0.5167
   0.3035
   0.8206
   0.6096
   1.5582
   0.3531
   1.5339
   1.8465
   0.7612
   1.0211
   0.6601
   1.1717

