   0.7104
   0.3193
   0.4830
   2.9597
   1.0317
   1.4507
   0.5976
   0.6824
   0.5601
   1.4248
   1.1060
   1.1013
   0.6836
   0.5213
   0.8582
   1.7945
   0.3713
   2.3409
   0.6600
   2.1185
   1.1533
   0.9382
   0.5078
   1.2438
   2.0838
   1.1317
   1.1268
   0.6670
   0.8506
   0.7025
   0.3476
   0.8506
   1.4341
   0.6543
   2.6526
   0.8513
   1.3043
   0.9019
   0.6242
   0.7770
   0.6429
   1.0500
   0.3988
   0.6078
   0.4528
   0.9800
   0.5650
   0.9638
   0.5501
   1.2173
   3.2570
   1.1679
   1.2081
   0.7136
   1.2129
   0.7903
   0.9044
   0.5792
   2.8500
   2.2690
   1.7300
   0.6239
   0.4501
   0.7227
   0.5849
   2.0594
   0.5325
   0.3189
   0.4858
   0.5786
   0.7267
   0.3971
   0.8110
   1.7220
   1.5313
   1.2159
   0.6546
   1.1053
   1.7356
   1.4813
   1.0353
   1.4029
   1.0784
   0.8963
   0.7001
   2.0688
   1.3734
   0.7075
   0.6168
   0.2535
   0.3663
   1.1431
   0.4381
   1.3649
   1.8107
   0.9454
   1.4511
   1.0808
   0.6229
   0.7554
   1.3112
   1.4603
   0.1185
   0.4258
   0.7935
   0.6546
   0.3961
   0.4815
   0.6292
   0.9711
   0.6245
   1.3591
   1.0256
   0.8782
   0.6504
   0.5397
   1.2026
   0.6316
   0.5105
   1.4173
   0.7173
   0.6937
   4.1833
   2.4785
   0.5712
   1.3327
   0.9066
   0.8695
   0.8773
   1.5238
   1.5232
   0.6722
   1.2487
   2.2346
   1.3737
   1.0261
   0.9360
   0.6753
   0.8336
   2.1927
   0.8272
   0.2900
   0.6846
   0.4712
   0.8101
   1.4107
   1.3812
   0.3410
   1.3200
   0.9704
   1.7142
   0.6119
   1.2439
   0.5494
   1.3549
   0.5886
   0.7197
   0.9399
   0.9751
   1.0342
   0.4047
   0.5643
   1.3485
   0.3999
   1.7732
   1.2670
   0.8717
   0.7276
   0.5103
   0.5883
   0.8889
   0.5274
   0.4519
   2.1050
   0.6280
   0.7635
   0.7197
   1.2274
   0.5563
   1.1197
   1.1714
   0.9547
   0.8302
   0.6796
   1.1477
   0.7292
   0.2946
   0.6570
   1.2715
   1.4508
   1.4031
   1.5033
   0.4421
   0.6083
   0.4844
   1.6493
   2.2449
   0.6714
   0.7109
   0.9174
   0.6456
   1.5803
   0.7368
   1.0320
   1.0085
   0.5552
   0.4953
   0.4683
   1.3698
   0.9229
   0.5992
   1.5499
   0.3231
   3.2719
   0.8925
   0.9921
   0.7763
   0.8563
   1.7467
   0.8006
   0.4346
   0.6656
   0.7880
   1.4469
   0.7517
   0.5804
   0.9256
   1.4399
   0.7898
   0.3023
   1.7981
   2.7696
   0.5544
   0.6190
   1.2148
   1.2616
   0.7650
   0.6841
   0.2182
   0.4488
   1.5955
   0.7196
   0.2747
   0.7439
   0.2120
   1.5613
   1.1139
   0.3721
   1.0059
   1.3526
   0.4875
   1.0574
   0.2696
   1.3100
   0.7038
   0.6050
   0.9171
   0.6755
   1.0100
   0.5337
   0.2840
   0.3918
   0.7378
   0.2872
   0.8377
   1.3345
   0.5519
   0.7296
   1.5970
   1.4141
   1.1789
   0.9556
   0.5740
   1.2823
   0.1544
   0.4767
   0.7191
   1.0123
   1.3156
   0.7223
   0.5539
   0.6373
   0.5994
   0.9545
   0.3693
   2.0263
   0.9274
   4.2373
   1.4029
   0.7421
   0.6678
   0.1901
   1.1259
   0.5178
   1.4253
   0.8692
   0.6398
   1.5019
   1.0921
   0.9858
   1.3511
   1.2490
   0.4000
   3.1720
   0.5625
   1.5060
   2.2639
   0.8156
   0.6036
   2.2536
   1.4795
   0.5597
   1.2318
   1.2053
   1.4635
   2.9027
   0.9116
   1.6258
   1.2508
   1.1225
   1.1943
   0.3851
   1.7676
   0.2843
   0.7307
   0.4962
   0.7766
   1.4439
   0.4005
   1.8965
   1.5041
   0.2085
   1.1119
   0.5523
   0.7648
   0.4934
   0.2033
   0.3108
   0.8482
   1.9491
   0.4119
   1.2921
   0.9212
   0.7333
   0.6301
   2.2206
   0.8256
   0.9259
   0.6210
   2.2155
   1.3341
   0.7689
   2.3002
   2.7371
   0.4909
   1.0167
   0.4644
   1.0063
   0.5110
   0.8311
   0.9480
   1.2858
   0.7059
   0.6960
   0.5127
   0.6824
   1.6016
   1.4664
   1.4893
   1.0452
   1.0453
   1.3921
   0.8452
   0.7564
   1.3579
   0.6229
   0.7200
   1.3598
   1.1181
   0.9801
   1.1410
   1.1446
   0.4321
   0.8584
   1.7827
   1.5144
   0.3877
   0.2598
   0.8562
   0.4834
   0.8108
   1.0799
   0.5859
   1.0009
   1.4270
   0.6464
   0.7429
   0.6351
   0.4191
   2.3580
   1.0641
   0.8555
   0.3777
   1.5181
   1.8710
   0.4513
   0.3210
   1.0478
   0.3893
   0.4512
   0.7809
   0.8904
   0.8589
   0.2995
   0.8474
   0.2273
   1.0027
   0.9551
   2.8357
   1.8427
   0.7318
   0.4458
   1.0675
   0.3392
   0.9167
   0.7253
   0.8850
   2.2184
   1.5231
   0.7374
   1.3400
   0.2976
   1.1764
   0.3783
   1.4208
   0.5400
   0.9333
   1.1116
   1.0110
   0.5825
   0.8162
   3.0074
   0.8167
   0.6426
   0.4291
   2.2431
   1.5089
   1.1617
   0.8925
   1.1014
   1.2831
   1.9885
   0.2540
   0.5557
   0.7287
   0.4628
   0.6054
   0.7646
   0.4940
   1.8703
   0.0930
   1.7988
   1.3311
   1.7842
   1.0314
   1.2368
   0.6056
   0.7577
   0.9801
   1.0200
   0.6831
   0.7718
   0.6440
   0.9650
   0.6299
   0.6449
   1.7943
   0.8231
   0.6667
   0.3902
   0.5150
   0.3765
   0.7022
   0.1520
   0.4272
   0.9546
   0.1810
   1.4080
   1.0442
   1.7193
   0.8241
   0.7207
   1.5146
   1.5347
   1.3754
   2.3342
   0.9012
   0.8545
   0.9393
   0.6462

