   0.4376
   1.1895
   0.0473
   2.9545
   0.6435
   2.8920
   0.2525
   0.6707
   2.7890
   2.8261
   0.7991
   0.3986
   0.1838
   0.1746
   0.5699
   1.0025
   2.0203
   2.3863
   0.4810
   1.0000
   4.0696
   1.5198
   0.0361
   1.6496
   0.4942
   0.5070
   0.1921
   1.8281
   1.4064
   1.2016
   1.4325
   0.7756
   1.9737
   0.2430
   1.2127
   0.5748
   3.4126
   0.2755
   0.0703
   1.0941
   0.3488
   0.5090
   0.0124
   2.3503
   0.6565
   1.6536
   0.0867
   0.4237
   0.9163
   0.9747
   0.5401
   0.2130
   0.4164
   0.1460
   0.0338
   0.2916
   4.5147
   1.0000
   2.1548
   2.2972
   0.0142
   0.6243
   1.2172
   0.8766
   0.1494
   0.4074
   1.9940
   1.7776
   1.3825
   2.2722
   2.1393
   0.6169
   1.4376
   0.1763
   3.2084
   0.1105
   0.4423
   1.1369
   2.4422
   0.0100
   0.2966
   0.1275
   0.0400
   1.4056
   0.8843
   1.9646
   1.0000
   1.9728
   0.1283
   6.0183
   0.5818
   1.2325
   0.5057
   0.2395
   2.8682
   2.7144
   0.9560
   1.3765
   1.2190
   0.7474
   0.8828
   0.1103
   0.5392
   0.0690
   0.0820
   1.4319
   0.3948
   0.2787
   0.5567
   1.3506
   0.2011
   0.9459
   0.0408
   0.1440
   0.0526
   2.5153
   1.0848
   2.1286
   0.3444
   0.0302
   0.0863
   0.3182
   0.1105
   0.2246
   1.1382
   0.3691
   2.8617
   2.5867
   2.1435
   1.4129
   0.3963
   0.1667
   0.3017
   0.7619
   0.6156
   0.1517
   1.2717
   0.3478
   0.7754
   0.0818
   0.4879
   1.1247
   0.1104
   0.7448
   1.2820
   0.0622
   3.0543
   0.6883
   0.7560
   2.4485
   2.5987
   0.8774
   0.2344
   2.0580
   0.2043
   0.9956
   1.9876
   0.5948
   0.2432
   0.1299
   1.8933
   1.0329
   0.2462
   3.0301
   0.2164
   2.3003
   3.0405
   0.5015
   0.0436
   0.6164
   1.1484
   2.5430
   0.0913
   1.0480
   0.2780
   1.4495
   0.3151
   0.8033
   0.1491
   0.1873
   1.0783
   0.5748
   3.5407
   0.3446
   1.6388
   0.3113
   0.7011
   0.2624
   2.4763
   1.0971
   0.1583
   0.3646
   0.6083
   0.0269
   0.3506
   1.1961
   0.2618
   0.3532
   0.3437
   0.3738
   0.0001
   0.7741
   1.4632
   1.1495
   0.9435
   1.6547
   1.8865
   0.2789
   0.1274
   0.8564
   0.2993
   0.5086
   1.2101
   0.0861
   1.2103
   1.2049
   0.7912
   1.3911
   5.2302
   0.4524
   0.0470
   0.3086
   1.5022
   0.8502
   1.1123
   2.0322
   2.0800
   0.1007
   0.8500
   0.0053
   0.2968
   0.1256
   3.6072
   0.4664
   0.4337
   0.1777
   0.4024
   0.0270
   0.9602
   1.0569
   0.1224
   1.8129
   4.0917
   0.3558
   0.0629
   1.2963
   0.9054
   0.9677
   0.2424
   0.2433
   0.4052
   0.1959
   0.6939
   0.3079
   0.0653
   1.4517
   1.8396
   1.2458
   0.7458
   1.9515
   1.1276
   1.3253
   0.1591
   0.4877
   0.1894
   0.6305
   2.8761
   1.1399
   0.3727
   0.4434
   0.7257
   0.1473
   0.8463
   1.0000
   0.3473
   0.0279
   0.9958
   1.1209
   0.4431
   0.3164
   0.0407
   0.7565
   0.4157
   1.8010
   3.0279
   2.3448
   0.8363
   0.8704
   0.3755
   0.3952
   0.5465
   0.3487
   0.0799
   1.2095
   0.8911
   2.4993
   0.5017
   0.5265
   4.8836
   2.4361
   0.1700
   2.4917
   0.3640
   0.2701
   1.2258
   0.7409
   1.3690
   0.0872
   0.6914
   2.0799
   1.7091
   1.4864
   0.0872
   3.5759
   0.2272
   1.0000
   0.6417
   0.1196
   0.6441
   0.0848
   1.7281
   0.0031
   0.7108
   0.6951
   0.2546
   0.4231
   0.3167
   0.0677
   0.0141
   1.0102
   1.5677
   0.5298
   3.3722
   1.0112
   0.5507
   0.3687
   0.1294
   0.9271
   0.2463
   1.3977
   1.9217
   0.3005
   0.0853
   1.1209
   3.3459
   1.9223
   0.8795
   0.1778
   0.0387
   1.9964
   0.8285
   0.1746
   1.9851
   0.8221
   0.6593
   1.7234
   1.9570
   0.1506
   0.6924
   0.4302
   0.8846
   0.3731
   3.4895
   0.4975
   0.5624
   0.4771
   0.0894
   1.3521
   0.4600
   0.3051
   1.8597
   3.6959
   0.3071
   1.8988
   0.6921
   0.1203
   0.0405
   0.4254
   0.8885
   0.3398
   1.1087
   1.0060
   1.4152
   0.3060
   0.8648
   0.4330
   1.1743
   3.5034
   0.3792
   0.5965
   0.1637
   1.4117
   2.5728
   1.0136
   0.1499
   0.6331
   0.5046
   2.7828
   0.7793
   2.7717
   0.2545
   3.1907
   0.3077
   1.0265
   0.9060
   0.2226
   0.2757
   2.7243
   0.2609
   0.3242
   1.1793
   2.5005
   3.3724
   0.7869
   1.5881
   0.0224
   0.3127
   0.3962
   1.4907
   0.0773
   1.6631
   0.5234
   1.2628
   0.3412
   0.3915
   1.6094
   3.1042
   0.9297
   0.3570
   0.7956
   0.5476
   0.0425
   0.5048
   0.4705
   0.9318
   0.2929
   0.6195
   0.6264
   4.2233
   0.1094
   0.4609
   1.5043
   0.5324
   2.5045
   1.7724
   2.7216
   0.2892
   2.0242
   2.0796
   1.5022
   1.8087
   0.5343
   1.1851
   0.6625
   0.0026
   0.6946
   0.2168
   0.3707
   0.6501
   0.9528
   4.2866
   0.1288
   0.2745
   0.0059
   0.2773
   0.4834
   0.0861
   0.2034
   0.5807
   0.0785
   0.0588
   0.8450
   1.5543
   1.6858
   0.2535
   0.3855
   0.5837
   2.2040
   0.3583
   0.1079
   0.6109
   0.4146
   4.5536
   1.0528
   0.5077
   0.3392
   2.5475
   0.1280
   0.3477
   1.4466
   1.2900
   0.6773
   0.4569
   0.5964
   0.4116
   0.6920
   1.9391
   2.7464
   0.6435
   3.7875

