   0.7180
   1.1530
   0.6452
   0.7476
   0.6043
   1.3169
   0.7110
   0.4603
   1.2537
   0.8160
   1.3154
   1.2833
   1.1695
   0.4423
   0.6338
   0.6635
   0.9471
   1.0000
   1.0954
   1.4574
   0.5940
   1.0353
   0.8106
   0.6474
   1.1012
   0.9046
   1.3639
   1.1058
   0.4167
   0.8498
   1.0000
   0.6099
   1.0000
   1.0196
   1.8042
   0.5648
   0.8114
   0.6735
   1.8152
   0.6820
   1.0498
   0.7142
   0.3761
   1.1243
   1.3215
   1.0515
   1.6194
   1.0000
   1.0091
   1.0000
   0.7998
   1.2524
   1.2542
   1.3733
   1.0000
   0.9565
   1.0000
   1.0000
   1.7020
   0.8555
   0.9526
   1.2070
   0.8512
   1.0552
   0.8298
   0.9099
   1.0000
   0.7306
   0.4573
   0.9305
   1.0000
   0.8618
   2.2133
   1.5205
   0.9486
   1.0000
   0.9868
   1.5450
   0.7788
   1.5656
   0.7221
   0.2551
   1.0000
   1.4299
   1.8188
   1.0000
   1.0000
   1.1205
   0.7476
   0.8569
   0.8138
   0.7298
   1.0229
   1.3069
   1.0847
   1.5946
   1.4815
   1.0000
   0.8519
   1.0000
   1.0000
   1.2179
   0.8951
   1.0100
   1.0000
   0.7690
   0.6066
   1.0000
   1.0000
   0.9961
   0.6547
   0.6724
   1.0000
   0.6967
   1.2908
   0.6279
   1.4054
   0.9256
   1.0000
   0.7711
   1.0000
   0.8397
   0.6567
   0.9907
   1.8681
   1.0000
   0.5215
   0.5550
   1.5004
   0.7550
   0.7217
   0.7376
   0.6120
   1.8285
   0.5897
   0.5969
   0.8511
   0.7127
   0.5124
   1.3083
   1.2847
   1.4611
   0.7691
   0.6114
   1.0715
   1.0000
   1.4193
   1.3676
   0.9930
   0.3594
   1.0959
   0.9882
   0.3507
   0.7355
   1.3581
   0.6091
   1.1934
   2.1244
   1.2254
   1.2571
   0.4040
   0.5538
   1.1847
   0.7489
   1.0866
   0.6539
   1.2471
   0.6447
   1.2664
   1.5534
   0.5896
   1.2509
   0.9112
   1.0924
   1.3118
   1.4114
   0.7932
   0.6394
   1.2417
   0.9061
   0.8008
   0.5996
   0.8247
   1.6665
   1.0723
   0.7001
   0.8814
   0.7357
   0.5266
   1.0516
   0.5858
   2.1903
   0.7921
   1.6495
   1.4976
   1.0000
   2.1147
   1.0000
   1.6680
   1.0000
   0.8309
   1.0425
   1.1349
   1.2317
   0.5004
   1.0000
   0.8185
   1.0000
   0.8089
   1.0000
   0.8906
   0.6642
   0.6404
   0.5641
   0.9993
   0.5499
   1.0000
   1.0471
   0.8783
   0.8869
   1.6411
   1.0286
   1.0396
   1.0374
   1.0000
   0.7467
   0.8877
   0.9572
   0.7289
   0.7307
   1.4054
   1.3397
   0.7363
   1.2641
   0.7772
   1.2471
   1.0000
   0.8662
   0.9667
   0.8994
   0.9618
   1.0000
   1.0000
   0.9464
   0.9855
   1.1017
   0.4684
   1.1446
   0.4889
   1.1500
   0.3255
   1.0000
   1.2119
   0.2740
   0.7641
   0.5840
   1.4734
   1.0800
   1.0715
   0.6230
   0.9576
   0.8533
   0.9005
   0.5972
   0.4164
   0.7404
   0.9621
   1.0000
   0.8668
   1.0000
   1.4278
   0.9824
   1.1808
   0.7710
   0.6675
   1.0000
   1.0209
   1.0000
   1.0920
   0.5191
   0.6541
   1.1053
   1.4320
   1.0000
   0.8967
   2.0258
   1.0283
   1.2493
   1.4435
   1.4482
   1.3900
   0.4071
   0.6064
   1.0000
   1.0815
   1.1103
   0.4050
   0.8892
   1.0000
   0.8475
   1.0000
   0.9403
   0.6648
   1.4652
   1.0000
   1.4405
   0.7960
   1.0850
   1.4615
   1.5564
   1.7608
   1.0000
   1.2538
   0.4722
   1.0276
   1.9171
   0.8897
   0.8484
   1.1489
   1.0004
   0.5784
   0.7761
   0.8777
   1.3062
   0.7986
   1.0000
   1.5617
   1.6397
   1.2538
   1.8145
   1.3896
   0.8134
   1.2283
   0.9726
   0.9103
   1.0000
   0.9452
   1.5257
   0.9132
   0.7792
   0.6344
   1.6904
   0.5369
   0.7892
   1.6232
   0.8012
   2.0965
   0.9346
   1.0000
   0.6530
   2.5340
   2.0683
   0.3869
   0.3421
   0.8642
   1.0000
   1.0476
   1.4240
   0.9044
   0.6462
   0.8023
   0.5139
   0.9397
   0.8022
   1.3950
   1.0000
   0.6646
   1.0652
   0.6789
   1.2272
   0.5809
   1.5251
   1.0000
   0.9938
   1.0000
   0.6706
   0.4370
   0.9640
   0.9192
   1.2863
   1.0522
   1.7559
   0.7934
   1.0000
   1.0144
   1.6128
   0.6873
   1.6451
   1.9624
   1.2353
   1.2832
   1.0268
   0.8291
   0.5348
   0.4769
   0.7721
   1.6800
   1.6376
   0.7188
   1.4007
   0.7852
   1.2574
   1.5210
   1.0000
   0.4076
   1.0000
   1.2956
   1.4630
   1.1525
   0.7744
   0.9322
   0.5115
   1.4631
   0.6297
   1.7234
   1.0529
   1.3367
   0.3553
   0.9750
   1.0000
   0.7398
   0.9580
   1.2992
   1.4319
   1.0000
   1.0798
   0.9926
   0.9389
   1.2662
   1.0000
   0.8138
   0.7444
   0.6791
   0.5001
   1.0450
   0.5746
   1.0134
   0.8137
   0.5827
   0.4002
   1.0000
   1.4058
   0.5122
   1.6238
   1.3336
   0.5312
   1.0000
   1.0000
   1.7353
   1.0000
   0.5612
   1.0000
   1.3240
   1.4168
   1.6914
   2.1038
   1.5298
   1.9823
   0.7875
   1.2317
   1.4727
   1.3550
   0.3722
   1.5525
   0.6561
   0.6066
   0.5175
   1.3380
   1.1752
   1.2865
   0.8510
   1.0000
   1.0000
   1.0751
   0.5946
   0.9177
   1.2045
   1.1964
   1.1281
   0.6848
   0.7078
   0.4857
   0.7556
   1.0000
   0.8383
   0.9464
   0.5805
   1.0000
   1.0000
   0.6545
   0.6773
   0.8177
   1.3581
   0.7305
   0.8328
   1.0944
   0.9562
   0.9615
   1.0256
   1.0515
   1.0008
   0.6368
   0.7355
   0.9590
   1.0000
   1.2220
   0.7137
   1.4244
   1.4189
   0.5469
   1.0731
   1.4925
   1.0000
   1.0000
   1.6628
   1.0267
   0.2945
   0.7508
   0.5280
   1.1255
   1.5413
   0.3317
   0.8381
   1.1741
   0.6316
   1.0832
   1.3012
   0.6613
   1.1026
   0.7600
   0.8716
   1.4781
   0.3026
   0.6837
   0.4618
   1.1232
   1.0000
   1.7244
   2.1113
   0.4052
   0.5922
   1.4435
   1.0046
   0.7737
   0.5278
   1.0000
   1.3390
   1.2979
   0.3791
   0.8662
   0.7960
   1.3570
   1.0000
   0.6085
   1.0000
   1.3984
   0.6583
   0.7547
   0.5618
   1.4479
   0.5685
   1.0797
   0.3244
   1.0000
   1.0000
   1.0000
   0.7682
   0.5135
   0.8672
   0.6690
   0.6167
   0.4787
   1.3231
   0.9502
   0.6298
   0.5176
   0.9227
   1.1734
   1.8525
   0.9897
   0.7954
   0.8365
   0.4143
   0.5274
   0.9615
   1.5680
   1.1391
   0.6010
   1.2135
   1.3590
   0.6728
   1.0000
   1.0000
   0.6506
   1.0000
   1.0000
   1.2908
   0.6869
   0.5920
   0.6016
   0.7187
   1.0110
   0.8279
   0.5637
   0.5939
   0.4126
   1.6680
   1.0000
   1.0402
   0.8260
   0.5147
   0.6564
   1.4479
   1.0000
   0.9678
   1.0534
   0.9651
   1.2755
   1.5820
   0.6965
   1.1173
   0.5691
   1.1072
   1.0000
   1.3754
   0.8810
   0.8624
   1.0000
   0.7976
   0.5939
   0.6091
   1.0377
   0.5673
   1.0931
   1.3851
   1.0000
   0.5324
   1.0000
   1.0000
   0.9503
   0.9091
   0.6389
   1.1362
   0.5756
   1.0787
   0.7226
   1.0722
   0.6510
   0.9712
   1.0000
   1.3783
   1.1902
   0.8808
   1.7068
   1.0000
   1.4662
   1.2137
   0.7549
   1.7432
   0.9277
   1.4031
   1.1805
   1.1711
   0.9259
   1.0000
   0.4048
   1.0000
   1.7161
   0.9168
   0.9770
   0.9958
   0.7300
   1.6590
   0.7494
   1.5017
   0.3961
   0.9788
   1.3007
   0.6794
   0.8433
   0.6390
   1.4179
   1.0045
   0.5563
   1.0810
   0.9378
   1.0744
   0.8395
   0.8940
   1.0936
   1.3476
   0.7223
   0.7586
   1.1889
   0.4394
   0.7863
   1.1691
   1.1988
   1.3501
   1.1737
   0.8337
   0.7549
   1.0149
   0.3902
   1.0094
   0.7583
   0.8086
   1.0000
   0.5998
   1.9111
   0.8510
   0.9834
   0.7715
   1.1591
   1.3004
   1.4375
   1.0000
   1.5047
   0.7093
   1.0000
   0.6136
   1.3468
   1.1634
   0.7930
   0.7554
   0.5150
   1.5978
   1.5851
   1.0949
   0.8834
   0.6046
   1.0000
   1.0000
   1.0479
   0.8576
   1.2087
   0.6004
   0.7778
   1.2903
   1.1630
   0.7505
   1.2517
   0.3391
   1.2705
   1.0000
   0.5930
   1.6731
   0.8274
   1.0635
   1.0000
   0.5355
   1.1707
   1.1996
   1.0000
   1.0000
   0.7644
   1.9672
   1.2669
   0.5618
   0.9688
   0.7179
   0.9229
   1.4464
   1.0000
   0.6938
   0.9166
   1.1711
   0.8959
   1.0520
   0.3520
   0.6063
   1.2235
   1.1266
   1.0000
   0.5994
   0.6851
   1.1217
   0.4297
   0.7654
   0.8530
   0.8747
   0.9084
   1.0000
   1.8431
   0.9410
   0.8151
   1.0000
   1.0957
   0.5590
   0.8932
   0.4752
   0.4704
   1.4462
   1.0000
   1.6173
   1.0000
   1.7801
   1.4386
   0.5332
   1.2549
   0.9478
   0.5093
   1.6115
   0.8153
   1.3183
   0.7060
   0.5933
   1.0000
   0.9426
   0.9444
   1.0000
   0.5027
   0.5545
   1.0913
   1.5309
   0.5910
   0.7800
   1.2284
   0.6619
   1.3053
   1.7873
   0.9554
   1.2862
   1.4215
   1.1527
   1.4327
   0.9518
   1.2405
   2.0476
   0.6412
   1.0000
   1.0565
   0.9841
   1.0000
   1.0000
   2.3187
   1.0302
   0.6316
   1.0294
   0.8259
   1.0404
   0.5111
   0.6812
   1.0000
   0.6252
   0.7359
   0.5819
   0.7554
   1.0000
   0.4252
   0.7383
   1.2466
   1.0000
   1.2877
   0.7841
   0.6670
   0.8872
   1.0000
   1.0699
   1.0000
   0.5388
   1.1353
   0.8903
   1.2416
   1.4875
   0.5111
   0.7208
   1.0000
   0.6703
   0.9576
   1.5219
   1.0000
   2.1749
   1.4801
   0.7265
   1.0625
   1.0000
   1.0557
   0.5177
   1.1641
   0.8002
   0.5806
   1.0000
   1.3050
   0.9584
   1.0000
   0.2976
   1.2010
   1.0705
   1.3284
   0.4739
   0.4142
   1.0082
   2.1062
   2.2063
   0.9198
   1.4332
   0.6197
   1.0000
   0.5600
   1.5144
   0.7505
   0.7941
   1.3928
   0.8550
   1.4021
   0.9203
   0.9086
   0.7854
   0.9660
   1.6826
   0.9685
   0.5637
   0.7577
   1.0000
   0.6751
   1.1866
   0.9585
   1.0000
   1.0000
   1.1223
   1.6635
   1.1686
   1.0000
   0.4905
   0.8373
   0.7474
   0.9307
   1.6291
   0.6048
   1.5564
   0.5048
   1.0284
   1.5049
   0.6460
   1.4225
   1.8371
   0.4828
   1.0000
   2.1942
   0.9130
   1.2489
   0.6786
   0.8692
   1.4752
   1.7697
   2.1216
   0.4477
   0.9255
   1.0417
   0.8958
   2.4316
   0.4776
   1.0000
   0.9953
   1.2000
   1.2377
   0.8353
   1.0398
   1.0000
   1.2881
   0.7683
   1.0000
   0.8293
   1.2557
   1.4483
   0.4867
   0.7821
   0.5593
   1.0000
   0.5569
   0.5385
   0.6273
   1.0315
   2.1607
   0.9852
   0.6965
   0.4647
   1.2721
   2.6858
   1.0523
   1.0000
   1.0603
   0.9550
   1.5566
   0.6281
   1.1697
   1.0922
   0.5491
   0.3676
   1.5293
   0.7428
   1.7034
   0.4637
   0.8506
   0.5284
   0.6423
   0.9539
   1.6168
   1.0933

