   3.1996
   0.7728
   2.0733
   0.6960
   0.8152
   0.9121
   0.4350
   0.7716
   0.2457
   0.1503
   1.1406
   0.7804
   0.4047
   0.6619
   0.3182
   1.9559
   1.3518
   0.7782
   2.4813
   2.7238
   1.6361
   0.4056
   0.7991
   0.5068
   1.7612
   2.2311
   0.7358
   1.0857
   1.1104
   1.0237
   0.6919
   0.6115
   0.5616
   0.9030
   0.8817
   0.5769
   1.7671
   0.9700
   0.8160
   0.4004
   0.4235
   0.2202
   0.3275
   0.6306
   1.3611
   0.5741
   0.6812
   1.6490
   3.8929
   2.3645
   0.2616
   0.7030
   0.4742
   0.4005
   0.7948
   0.9586
   0.8210
   0.7746
   3.6562
   0.9098
   2.2239
   0.6131
   1.9515
   0.4363
   0.7558
   0.7015
   0.3612
   1.7024
   0.9942
   2.2782
   1.5267
   0.4803
   0.9049
   0.5854
   1.1519
   0.9909
   0.8676
   0.9184
   0.6354
   2.0887
   0.3828
   0.6596
   1.0384
   1.2088
   1.0018
   1.1764
   0.8116
   0.7366
   3.1982
   0.4439
   0.7033
   0.8383
   1.2928
   0.6528
   1.6675
   0.3867
   0.5219
   0.4645
   0.6878
   0.5409
   1.3880
   0.4302
   1.6489
   0.6246
   2.9006
   1.7234
   1.1371
   0.9145
   1.5957
   0.2395
   0.4243
   0.6788
   1.0248
   0.2230
   0.7432
   0.5133
   1.1362
   2.0059
   1.2088
   1.2582
   0.8762
   1.2401
   1.0709
   0.5963
   0.7407
   1.2097
   1.1893
   0.3289
   0.6358
   2.0573
   0.2463
   0.5013
   0.8630
   1.5731
   1.4006
   0.7808
   1.0490
   0.8359
   0.3972
   0.7663
   2.8211
   0.6905
   0.6014
   1.0190
   2.0673
   0.4105
   1.9005
   0.6026
   0.5708
   0.7534
   1.1136
   0.7968
   1.9004
   0.6246
   0.4531
   3.1958
   1.6056
   0.7559
   1.3673
   1.3305
   0.5791
   1.1903
   0.4178
   0.4605
   0.9956
   1.0385
   1.2316
   1.5879
   0.8509
   0.9792
   0.7797
   0.9958
   0.4733
   0.8090
   1.3381
   0.8927
   1.8202
   0.3098
   0.8167
   2.3597
   1.6080
   0.8135
   0.3555
   0.7833
   0.7563
   2.4455
   0.4873
   0.3067
   1.7770
   0.5090
   0.4976
   0.4743
   0.4896
   1.8947
   0.4034
   0.8495
   0.4862
   0.3780
   0.6804
   0.6964
   0.4424
   0.5023
   2.8169
   0.6562
   0.7732
   1.0773
   1.0020
   0.2742
   1.2997
   0.8838
   0.9531
   1.5429
   3.2412
   0.4180
   0.7251
   2.1818
   1.4273
   1.2729
   1.3742
   1.1178
   0.9062
   1.6430
   1.0080
   0.7496
   0.5552
   0.7682
   0.4204
   0.3910
   0.4188
   0.5525
   0.6886
   0.7173
   1.1390
   1.4058
   1.9447
   0.8675
   0.3589
   0.2881
   1.1316
   0.7780
   1.1098
   1.2723
   1.8931
   0.6172
   0.4445
   1.3461
   0.7623
   1.4728
   0.4323
   0.5952
   0.7224
   1.2101
   2.7695
   0.8044
   1.3604
   0.8551
   1.0593
   1.1112
   0.3664
   0.8510
   0.1975
   0.8189
   0.4900
   0.8014
   0.5039
   0.6711
   0.6246
   1.9341
   1.2695
   0.4419
   1.9981
   0.8390
   0.4800
   1.6593
   0.6859
   0.7619
   0.4688
   0.8568
   0.7478
   3.5198
   1.3387
   0.9875
   0.6895
   1.3308
   1.4860
   1.0906
   1.4532
   0.2666
   1.1439
   0.5702
   1.3604
   1.0668
   1.1367
   0.8948
   0.9326
   0.6630
   1.4797
   0.4438
   1.5797
   1.0637
   0.7979
   1.6282
   0.3357
   0.9356
   1.1731
   0.4469
   0.5621
   0.9916
   0.7469
   3.4987
   1.4044
   0.8730
   1.2776
   1.3399
   2.1080
   1.6749
   0.8646
   0.7567
   0.1500
   0.7426
   0.3040
   0.8432
   0.4100
   1.5734
   0.2746
   1.3375
   1.5610
   2.2359
   0.4036
   0.4410
   0.7645
   0.2766
   1.2354
   0.7875
   0.6282
   0.6303
   0.9378
   1.0701
   0.7393
   0.5410
   0.5994
   1.3843
   0.3445
   0.7063
   1.7506
   0.6446
   0.6935
   1.1198
   0.7803
   1.0413
   1.2209
   0.3180
   0.2753
   1.1059
   0.7809
   0.4147
   1.3758
   0.2629
   1.4146
   1.3573
   0.2813
   0.3889
   0.9492
   0.5005
   1.3678
   1.0537
   0.8292
   1.5135
   0.9523
   0.4313
   1.0009
   0.8792
   0.8577
   1.7859
   0.8551
   0.8557
   0.6615
   0.3098
   0.6597
   0.6965
   0.7571
   1.1418
   0.6056
   0.4728
   0.5704
   1.1558
   0.3602
   0.7230
   1.5005
   0.9035
   0.4622
   1.0921
   1.8021
   0.6792
   0.7252
   0.4016
   0.4157
   0.4257
   1.3289
   2.9161
   1.0572
   0.3369
   0.6543
   1.4293
   0.9705
   1.1038
   2.7385
   0.9882
   0.4694
   0.5031
   0.7043
   1.2507
   2.8000
   0.8894
   1.6324
   0.8801
   1.3111
   0.3388
   0.9912
   0.7851
   1.0151
   0.5295
   0.6774
   0.8173
   0.6767
   0.5846
   0.9882
   0.8344
   0.6613
   0.5439
   1.5477
   0.7596
   0.8260
   0.7962
   1.1148
   0.4876
   0.5952
   0.6808
   0.4287
   0.4788
   1.3099
   0.9079
   2.6355
   2.1919
   0.4898
   1.5536
   0.8328
   0.5800
   1.8779
   0.6481
   0.8408
   0.2776
   0.9279
   0.6833
   1.3951
   0.5139
   0.7500
   0.5510
   3.3081
   0.7754
   2.0153
   2.6379
   0.5711
   0.5682
   1.0591
   2.5004
   0.5842
   1.2427
   0.5080
   1.0684
   0.4391
   1.8977
   0.2749
   1.4234
   0.8488
   1.0214
   1.5413
   0.7543
   1.0018
   1.1465
   2.8777
   0.3595
   0.5893
   0.7350
   0.2395
   0.8229
   1.0772
   1.3929
   0.1657
   2.1769
   1.0693
   0.5252
   0.7228
   1.5856
   1.9106
   1.0664
   0.7161
   0.7052
   0.4936
   0.6506
   1.6737
   0.4396
   0.5478
   0.2806
   0.8444
   0.9008
   0.9905
   0.4449
   2.0289
   0.6593
   0.7672
   1.0179
   0.9415
   1.3718
   1.4785
   0.1863
   0.6241
   0.4167
   0.4482
   0.9627
   1.0264
   0.4549
   1.1839
   0.4692
   0.8113
   0.6533
   0.7006
   0.8103
   1.5299
   1.7583
   0.2463
   0.7005
   1.7533
   1.9565
   0.3390
   1.1075
   0.6677
   0.7445
   1.3020
   0.5447
   0.8686
   1.1673
   0.4134
   0.3595
   0.5051
   0.7585
   0.7947
   1.0898
   1.0261
   1.3662
   0.8669
   0.4163
   1.3973
   1.4988
   2.2582
   1.1486
   0.6653
   1.0569
   0.5581
   0.8248
   1.0546
   1.5150
   1.1449
   0.9995
   0.7870
   0.4000
   0.9247
   0.6018
   1.6714
   0.5935
   0.9541
   0.6374
   0.3903
   0.5657
   1.3763
   1.9936
   1.5141
   0.8818
   0.7315
   0.5128
   1.2441
   0.6945
   1.0663
   0.8224
   0.6799
   1.4006
   2.6219
   1.7351
   0.8128
   0.6517
   0.7170
   0.4738
   2.0634
   0.4149
   1.4735
   1.1109
   0.9038
   2.6634
   0.6777
   1.3413
   1.6790
   0.7554
   0.5901
   0.7904
   2.2170
   1.5909
   0.9245
   1.2928
   1.2055
   2.8627
   1.2697
   1.0697
   0.4437
   1.1418
   1.2804
   0.4822
   2.3154
   0.4674
   0.9171
   0.9205
   0.3167
   1.8206
   0.3778
   0.5261
   0.6258
   0.6977
   0.9261
   1.0241
   0.3433
   0.7812
   0.8392
   1.2962
   0.7457
   1.3321
   1.1745
   1.6996
   0.5813
   0.6519
   0.4844
   0.7216
   1.4061
   2.0442
   0.3267
   0.4763
   0.7485
   0.6638
   1.5805
   0.5143
   1.4792
   0.7559
   0.7886
   0.6242
   0.7663
   0.9724
   0.3647
   1.3005
   1.6534
   0.4531
   0.4777
   0.6416
   1.0366
   2.8266
   0.9080
   0.6254
   0.8433
   0.7342
   0.8507
   0.7593
   0.9880
   0.6808
   0.1539
   2.1260
   1.0132
   1.0844
   0.5486
   0.6473
   0.4728
   0.8103
   0.5621
   0.5422
   0.9666
   0.2293
   0.8715
   0.5863
   0.9202
   1.7771
   0.5904
   0.7569
   0.7458
   3.0205
   0.7285
   1.3131
   2.8414
   0.5205
   1.0554
   2.0053
   0.8366
   1.1151
   1.6192
   0.1975
   0.9758
   0.7831
   0.7962
   0.3941
   0.4538
   0.9749
   0.2883
   1.7296
   0.5336
   0.7367
   0.5208
   1.8069
   1.0544
   0.5176
   1.0253
   0.8084
   0.7997
   0.8447
   0.7964
   1.4246
   0.7329
   0.3899
   2.8358
   0.9010
   0.2689
   1.9638
   0.5068
   0.6041
   0.7435
   0.6638
   1.7135
   0.5503
   0.5355
   0.3815
   1.4144
   1.5672
   1.0208
   0.4401
   0.4719
   1.2237
   1.9905
   0.5368
   1.1118
   1.3485
   0.4980
   1.0579
   0.3866
   1.0640
   0.3912
   1.2101
   1.1617
   0.3545
   1.3803
   0.3020
   1.1367
   1.0724
   0.9479
   0.3750
   0.9278
   2.8176
   0.5263
   1.4981
   3.1542
   0.7617
   0.9240
   0.3103
   0.5263
   0.6954
   1.7143
   1.0915
   0.9460
   0.7680
   0.9093
   0.9873
   0.6538
   1.3033
   0.4223
   0.4118
   0.3357
   1.1293
   0.7673
   0.8680
   0.4228
   2.3542
   1.2933
   1.1608
   0.7944
   0.7605
   1.2234
   0.8604
   1.1898
   0.5290
   2.4569
   0.8116
   1.0610
   1.0749
   0.5154
   1.1290
   0.4078
   1.0652
   0.9243
   2.6106
   1.3866
   1.4816
   0.5519
   1.0179
   0.8275
   3.4155
   0.7438
   0.9128
   0.7301
   0.5059
   1.3404
   0.4440
   1.0175
   1.4750
   1.7364
   1.7352
   1.4564
   0.2800
   0.6907
   0.9767
   0.9299
   0.9451
   1.5622
   0.2424
   0.8917
   1.6080
   0.8621
   1.3007
   1.1013
   0.5938
   1.2773
   1.1568
   0.8454
   0.3885
   0.6771
   0.2573
   0.7743
   1.1163
   1.0133
   0.7587
   0.6791
   0.7520
   0.8165
   1.3041
   0.3671
   1.0406
   1.5690
   1.0893
   1.1230
   0.3969
   2.1967
   0.8047
   0.7536
   0.2105
   0.6749
   1.0241
   0.2615
   0.9924
   1.7079
   1.1855
   2.4403
   2.5865
   1.5226
   0.9798
   0.6819
   0.7873
   0.7400
   0.8062
   0.3088
   0.9732
   0.3103
   0.6893
   0.3663
   0.7252
   0.7329
   0.8045
   0.5105
   0.7226
   3.5974
   1.6612
   0.3332
   1.2981
   0.5857
   0.8672
   0.6486
   0.7198
   1.0739
   0.6292
   0.8604
   0.7137
   0.6057
   0.4056
   0.6505
   1.5412
   1.2479
   0.2992
   0.4338
   1.2865
   0.6961
   0.6111
   3.0794
   0.4577
   0.2063
   1.5628
   1.8856
   0.9570
   1.0285
   2.6264
   1.1788
   1.5596
   0.3872
   1.9431
   0.1409
   1.2544
   1.2616
   1.2296
   0.7303
   0.4069
   0.6411
   0.8821
   0.5562
   0.3061
   0.7476
   0.6169
   0.1796
   2.5917
   0.6580
   0.7073
   1.5345
   1.1424
   0.5040
   0.4816
   1.3411
   0.6207
   0.2849
   1.0657
   0.8429
   1.2458
   2.9216
   1.0041
   0.9882
   0.3380
   0.8396
   3.2307
   0.6394
   1.4758
   0.5639
   0.7447
   1.1780
   0.5414
   1.2502
   0.7898
   0.8499
   0.9946
   0.4043
   1.4072
   0.4121
   2.3456
   0.5903
   0.7646
   0.8322
   0.5705
   0.8341
   2.3580
   0.2418
   0.9232
   1.8031
   0.8571
   0.5831
   0.3104
   0.5584
   0.2024
   0.9870
   0.6619
   1.3192
   0.3474
   2.0727
   1.0119
   1.2740
   0.2782
   0.6862
   2.8940
   1.0313
   1.0962
   0.4652
   2.1968
   1.1847
   0.7895
   1.8393
   0.9184
   0.7683
   1.3261
   0.7391
   1.3353
   0.5347
   1.1717
   0.7254
   0.7481

