   1.4320
   0.5319
   0.8354
   1.5452
   1.2608
   1.2260
   0.3395
   1.5941
   0.3640
   0.6049
   1.1074
   0.4405
   0.8234
   1.4604
   0.4099
   0.5085
   0.7442
   1.0000
   1.1390
   1.0000
   0.2956
   0.7181
   1.2179
   0.7317
   1.0012
   0.8150
   0.9061
   1.0000
   0.9520
   1.6033
   1.4117
   0.7012
   0.8373
   0.8752
   0.9157
   1.9732
   1.0000
   1.2421
   0.7262
   1.2419
   2.3549
   1.4157
   0.6556
   0.4336
   0.6785
   1.7443
   1.7511
   0.4625
   1.0000
   0.4948
   0.8546
   1.4573
   0.6323
   1.5049
   1.0188
   1.2027
   1.4525
   0.7663
   0.6047
   1.1369
   1.4740
   1.3702
   1.0000
   0.7190
   0.7156
   0.6644
   1.3689
   1.1339
   0.6796
   0.9711
   0.9646
   1.3408
   1.3836
   0.9751
   0.7692
   1.0834
   0.5159
   1.4413
   1.5149
   0.8489
   0.5148
   1.0794
   0.9542
   1.1335
   1.4542
   0.9324
   0.3982
   0.8244
   0.5390
   1.2341
   0.8538
   1.5694
   1.2394
   1.0000
   0.7462
   0.4437
   0.9556
   0.9859
   0.9258
   0.8853
   1.4950
   1.1236
   0.6481
   1.0000
   1.0600
   0.7450
   1.0000
   0.5331
   1.0000
   1.1890
   0.7190
   0.9251
   1.7015
   0.9003
   0.6408
   1.4813
   0.8965
   1.0000
   1.0000
   1.5063
   1.2545
   0.8613
   1.0069
   0.6581
   0.7201
   0.6228
   0.5229
   1.3720
   0.9329
   0.4937
   1.5147
   1.0000
   0.6958
   0.7784
   1.0291
   1.1456
   0.4851
   0.7683
   0.9015
   0.9886
   0.8425
   0.5505
   0.5340
   0.5549
   1.6867
   1.0208
   1.2653
   0.7588
   1.2282
   1.2436
   0.2201
   0.6191
   1.0000
   1.0000
   1.2185
   0.6210
   0.7551
   1.0000
   1.0898
   1.1380
   0.9800
   0.5894
   0.9378
   1.5774
   0.6299
   1.2752
   1.0000
   0.8872
   0.7297
   1.0000
   0.8884
   1.2731
   1.4915
   0.8979
   0.5549
   1.3110
   1.0710
   0.7282
   0.9821
   1.0000
   1.0126
   1.6131
   0.6853
   0.8705
   1.6889
   0.9583
   0.7676
   0.7992
   1.0000
   1.0268
   0.3151
   0.9792
   0.5186
   0.5654
   1.7888
   0.8560
   0.5859
   0.5050
   1.0000
   1.0606
   1.4679
   0.2910
   0.8994
   0.5858
   0.4591
   0.5735
   0.4222
   1.2593
   0.3757
   1.1395
   1.0000
   1.0000
   1.0000
   1.0510
   1.0000
   0.8493
   1.2713
   0.3816
   0.7389
   0.9749
   1.1627
   1.0510
   1.5513
   0.9074
   0.9807
   1.6002
   1.6866
   0.5562
   0.9164
   1.0791
   1.6438
   1.2821
   1.0000
   1.9235
   0.2741
   1.2665
   0.8084
   1.0000
   1.0000
   0.4160
   1.4420
   0.8684
   1.0537
   1.5853
   0.9006
   1.2819
   1.1527
   0.5407
   0.8059
   0.7408
   1.0737
   1.0000
   1.4308
   0.9655
   0.3799
   1.0000
   0.9457
   0.9063
   0.5990
   0.6710
   1.0416
   1.3856
   1.0000
   1.0000
   0.6198
   0.5193
   0.6868
   1.1386
   0.4190
   1.2761
   0.7484
   1.0514
   0.3867
   0.7215
   1.4456
   1.4140
   0.8171
   1.0835
   0.8872
   0.3591
   1.3424
   1.0000
   1.4084
   1.3171
   1.0000
   0.7419
   1.2618
   1.0000
   0.6451
   0.9931
   1.0000
   1.4480
   1.0000
   0.7689
   0.7713
   0.8716
   1.1858
   0.5024
   1.2005
   0.6651
   1.0507
   1.2606
   1.5306
   0.9725
   0.6042
   1.3609
   0.6371
   1.4047
   1.3430
   1.6399
   1.7279
   1.0000
   1.5837
   0.7640
   0.5810
   0.5458
   1.0441
   1.1671
   1.3552
   0.9694
   1.0000
   0.7911
   1.0998
   1.5170
   1.0000
   0.7284
   0.4328
   0.8771
   1.0000
   0.8880
   0.5007
   0.6420
   1.3715
   1.0000
   0.6972
   1.0000
   1.0000
   0.7752
   0.9125
   0.7741
   1.3321
   1.7420
   0.8941
   0.8287
   1.0000
   1.0024
   0.9552
   1.0000
   0.6760
   0.7584
   1.2727
   1.0000
   0.6227
   1.3905
   0.5089
   1.4742
   0.5737
   0.9247
   1.0000
   1.0813
   0.6077
   1.6120
   1.5230
   1.2436
   1.0000
   1.0384
   0.9300
   1.2251
   1.1890
   0.7278
   1.6623
   0.9781
   0.6163
   0.6079
   1.5191
   1.2670
   0.3995
   1.2090
   0.5541
   1.0000
   1.0000
   0.8753
   1.2137
   1.0000
   0.5069
   0.7505
   0.5427
   0.8952
   1.7134
   1.0000
   1.0936
   0.8272
   1.0000
   1.1157
   0.6133
   1.4426
   1.0000
   0.6182
   0.5306
   0.9870
   0.7755
   1.0000
   1.2739
   0.5710
   0.7074
   1.4904
   1.4501
   1.1983
   0.6236
   1.0000
   1.3679
   0.9314
   1.2210
   0.7425
   0.9560
   1.2075
   1.2953
   1.2452
   0.9165
   1.7681
   1.0000
   0.8931
   0.6998
   1.0000
   1.2657
   0.8430
   1.0000
   0.6490
   0.9192
   1.4939
   0.4353
   0.6632
   1.0000
   2.1073
   0.4669
   1.4470
   1.2455
   0.4908
   1.0014
   1.0000
   1.0000
   0.9918
   1.2702
   1.2371
   1.4050
   0.3292
   1.2415
   0.3502
   0.3779
   0.4869
   0.5608
   0.8480
   2.0448
   1.5099
   2.0843
   1.1059
   1.3398
   1.4265
   0.5855
   1.3396
   2.2042
   0.6996
   0.6078
   0.6212
   1.5767
   0.6793
   1.3291
   0.8473
   0.6831
   0.4970
   1.5202
   1.0000
   1.2717
   0.7859
   1.3082
   0.5621
   0.8772
   1.4024
   1.3197
   0.9673
   2.0086
   1.5842
   1.1962
   0.8474
   1.0000
   0.6553
   0.6781
   1.1955
   1.4334
   1.1273
   0.7637
   1.0000
   0.9436
   0.5387
   1.2486
   0.9548
   0.6431
   1.3701
   1.4542
   0.4926
   0.6179
   0.8838
   1.0000
   0.5884
   1.9077
   1.1278
   1.0092
   0.5083
   0.9222
   0.6211
   0.7492
   1.5686
   0.8290
   1.0000
   1.1523
   0.9564
   0.5511
   1.0000
   1.5749
   1.4177
   1.0000
   0.9099
   0.6074
   1.1449
   0.7920
   0.8303
   0.7653
   1.0986
   0.8176
   0.7300
   1.0000
   1.5299
   0.6888
   0.4962
   1.0628
   0.4278
   0.9050
   2.1850
   1.2005
   1.1947
   1.4703
   1.0000
   0.9165
   1.0597
   1.0874
   0.8226
   1.0000
   1.0000
   0.3077
   0.3502
   1.0000
   1.2523
   1.0997
   0.6033
   0.5365
   1.0000
   1.0838
   1.1927
   0.4875
   0.6493
   1.0000
   1.1921
   0.9249
   0.5589
   0.9816
   0.7263
   1.1404
   0.9927
   1.0000
   1.3234
   0.8700
   1.1769
   0.3362
   1.0000
   0.5124
   0.9993
   0.5933
   1.4443
   1.3787
   1.1199
   1.3428
   1.0261
   0.7749
   0.6957
   1.4257
   1.3065
   1.6101
   1.3751
   1.0680
   0.6957
   1.2827
   0.6027
   1.0000
   0.7820
   1.0000
   0.9248
   1.2787
   1.2984
   1.0000
   0.8969
   0.7497
   0.7814
   1.2952
   0.5174
   0.5753
   1.0000
   1.3022
   0.7885
   0.6978
   1.1373
   1.1277
   0.7649
   0.6020
   1.2575
   1.0350
   0.9802
   1.0823
   0.7639
   1.6932
   0.7733
   0.7710
   1.1652
   0.7397
   0.7207
   0.6469
   1.6618
   0.7975
   1.6478
   0.5909
   1.6807
   0.7164
   0.3409
   1.3589
   0.7615
   1.4523
   0.7780
   1.0000
   1.3033
   1.0000
   0.9664
   1.0199
   1.0000
   0.9181
   1.6377
   1.9008
   0.7559
   0.6642
   0.6193
   1.3226
   1.0000
   1.1581
   0.5100
   0.8005
   0.5524
   1.0000
   1.3251
   1.2736
   1.0000
   1.6668
   1.0109
   1.0740
   0.3939
   0.8878
   0.5281
   1.0356
   0.9803
   1.9359
   0.7248
   0.6514
   0.8688
   0.8008
   1.0000
   1.5478
   1.6609
   1.2404
   0.6318
   1.0000
   0.7171
   1.1248
   1.1470
   1.2374
   0.8657
   1.0000
   0.3671
   0.7714
   1.4217
   0.2080
   0.7516
   1.0588
   0.7433
   1.0881
   0.7902
   1.1825
   1.1935
   0.6732
   1.0876
   1.3240
   0.6209
   1.1467
   1.0000
   0.9184
   1.7478
   0.9573
   0.8243
   0.6476
   1.8479
   1.0353
   1.2749
   0.9086
   1.0000
   1.0090
   0.5298
   0.8810
   1.6596
   0.3938
   1.4327
   1.4233
   0.5273
   1.2514
   1.0000
   1.5905
   0.9902
   0.7085
   1.0000
   0.4550
   1.1106
   0.8951
   1.3678
   0.5627
   0.9077
   1.0000
   1.8067
   1.4762
   1.0000
   0.4532
   0.9606
   0.9135
   0.9664
   1.4676
   1.2682
   0.7238
   1.2882
   1.2185
   1.2862
   0.5551
   0.8069
   2.3822
   1.0873
   1.0000
   1.1948
   1.5587
   1.0000
   1.2516
   1.2093
   1.2659
   1.1116
   0.6917
   1.4781
   1.3849
   1.2944
   1.0000
   1.0000
   0.8390
   1.4857
   1.3619
   0.6065
   1.5049
   1.2267
   0.9170
   1.1490
   0.6401
   1.1173
   1.0000
   1.0659
   1.0000
   1.0000
   0.6299
   0.7076
   1.0000
   1.1091
   0.6624
   0.9083
   0.6034
   1.8480
   1.4476
   1.1197
   0.5538
   1.1834
   1.1654
   1.0712
   1.0000
   0.8519
   1.0398
   0.5594
   0.8480
   0.3317
   1.0048
   1.0000
   1.3045
   0.4069
   0.6116
   1.1932
   1.3853
   1.3825
   0.8150
   0.7285
   1.0000
   1.2954
   1.1467
   0.8358
   0.5676
   1.6020
   1.6494
   0.9314
   1.1420
   1.0000
   1.0000
   1.2309
   1.3107
   1.6800
   0.6147
   1.2716
   1.5176
   1.1050
   0.6516
   0.4798
   1.0000
   1.0000
   0.9791
   1.4363
   0.6315
   0.5324
   1.0000
   1.0000
   0.7662
   0.7878
   1.0000
   0.9783
   1.3728
   1.1667
   1.3772
   0.6950
   0.9748
   0.8684
   1.0584
   0.3135
   0.5552
   1.0000
   1.3242
   0.8278
   0.9843
   0.9195
   1.0644
   0.8389
   1.4794
   0.7909
   0.5648
   1.4334
   0.8520
   1.0421
   1.6102
   0.9163
   0.8209
   0.9956
   0.8437
   1.2995
   0.7795
   1.3102
   1.1249
   1.0000
   1.2351
   1.3846
   1.0541
   1.0316
   1.0295
   1.0000
   1.0000
   1.0000
   0.9820
   1.0000
   1.0000
   0.4014
   1.2707
   1.0201
   1.0097
   1.0000
   1.5640
   0.9143
   1.3818
   1.4171
   0.6223
   0.6125
   1.0061
   0.7414
   1.2559
   1.0999
   1.0000
   0.9024
   0.5452
   0.4918
   1.4150
   0.3235
   0.5762
   1.0000
   0.6737
   1.0724
   0.4329
   1.0825
   1.0000
   1.0475
   0.5911
   1.0000
   1.0000
   1.3203
   1.2474
   1.0989
   0.6986
   1.3204
   0.8826
   1.0000
   0.8396
   0.9084
   1.0000
   1.6120
   1.0287
   1.0000
   0.8087
   0.5269
   1.6047
   1.2651
   1.1548
   1.6265
   0.4546
   0.7895
   1.0000
   1.3033
   1.3870
   1.0000
   1.3387
   1.3182
   0.8195
   1.2650
   0.7251
   1.0687
   1.7167
   1.0000
   1.0425
   0.6071
   0.9523
   1.1818
   1.3884
   1.2458
   1.0000
   0.9684
   0.8540
   0.5601
   1.5410
   0.8514
   1.0500
   1.0000
   1.4378
   0.6907
   0.9279
   0.6540
   1.0000
   0.8842
   0.7492
   0.2963
   1.0000
   0.8297
   0.5651
   1.0000
   1.0000
   1.0665
   0.8871
   0.7341
   1.4133
   0.8041
   1.1891
   0.7246
   0.8416
   0.8523
   0.8106
   1.2863
   1.0223
   1.0000
   0.6604
   1.8616
   1.2275
   0.6683
   1.5777
   0.9142
   1.0000
   1.4003
   1.3802
   0.6163
   1.4143
   1.3443
   0.8621
   0.4014

