   0.8106
   0.6941
   0.8845
   0.7727
   1.2961
   1.0638
   2.2334
   1.4554
   0.9840
   0.6594
   0.7539
   1.1380
   0.8656
   1.5341
   1.0649
   0.5968
   1.3499
   1.0531
   0.9351
   1.6794
   1.2940
   0.6892
   1.6547
   1.7247
   0.6254
   1.5655
   0.4933
   0.9576
   1.7113
   1.0670
   0.7989
   0.3804
   1.1219
   0.8417
   0.9334
   0.7723
   2.0115
   0.5848
   1.2317
   1.6822
   1.1983
   1.0687
   1.0482
   1.6728
   0.8223
   1.9284
   0.7520
   0.8668
   1.9792
   0.2893
   1.1588
   0.8561
   1.6091
   0.5307
   1.4049
   1.2584
   1.3216
   0.6405
   0.7083
   0.5076
   2.3890
   1.3880
   0.2638
   0.8589
   0.4482
   1.6798
   0.5471
   0.5691
   0.3240
   0.7572
   1.2615
   0.5958
   1.0149
   0.8462
   0.8885
   0.8898
   0.5781
   1.1398
   1.0613
   0.4226
   0.6347
   0.3277
   1.2097
   0.6727
   1.5897
   0.5378
   0.8279
   0.5890
   0.7791
   0.8763
   1.1803
   0.7787
   0.3345
   0.8792
   0.7179
   1.2531
   1.7590
   1.4742
   0.4929
   1.0297
   0.6193
   1.1977
   0.2385
   1.2820
   1.7732
   0.6568
   0.7768
   0.9545
   0.4197
   1.6547
   0.8144
   1.0139
   0.4659
   0.8403
   0.2657
   1.0524
   0.3031
   0.4825
   0.2599
   0.3597
   0.8667
   1.0138
   1.4953
   0.6801
   0.8657
   1.7810
   0.5697
   0.9841
   1.3468
   2.3654
   1.1015
   2.7508
   0.5163
   0.9209
   0.9725
   2.1142
   0.7375
   0.4136
   0.6861
   0.8303
   0.4934
   0.6266
   1.3261
   0.3724
   0.8720
   0.6574
   0.8728
   0.6232
   1.3966
   0.8600
   0.9966
   0.3369
   1.5994
   1.7721
   0.5286
   0.9336
   0.6534
   0.5245
   0.3385
   1.3494
   0.7291
   0.3939
   1.1607
   1.7146
   0.4909
   0.8143
   0.4170
   0.6133
   0.4275
   0.3385
   0.6245
   2.0388
   1.2097
   0.8342
   0.8277
   0.9480
   0.7950
   1.7846
   1.5030
   0.7518
   0.4141
   2.0217
   0.5625
   0.8553
   3.1134
   0.8875
   0.5914
   0.7508
   0.6960
   1.9247
   0.8226
   0.8296
   0.6146
   0.4280
   0.6220
   1.9827
   1.0146
   0.5227
   1.2108
   1.8114
   0.7798
   1.2828
   1.2173
   1.1009
   1.2759
   0.6929
   0.2877
   0.8053
   0.9356
   1.8332
   0.6572
   0.7149
   1.1759
   0.8395
   1.0290
   1.8064
   0.4005
   1.2393
   0.5406
   2.5204
   0.1455
   0.2734
   0.2777
   0.8373
   1.0208
   0.4862
   0.8736
   3.3636
   0.8756
   1.1776
   1.9538
   1.4227
   2.6555
   0.8294
   0.2982
   1.0952
   2.2653
   0.4467
   1.0075
   1.0856
   0.5386
   1.5810
   0.9144
   1.3242
   1.2538
   1.6984
   1.6663
   0.5750
   0.6564
   2.3116
   0.4596
   0.5257
   0.9326
   0.9473
   0.5885
   1.9390
   1.2585
   0.7128
   1.1720
   0.7881
   0.2833
   0.5207
   1.2078
   0.5168
   0.9957
   1.3936
   0.8371
   0.5272
   0.6070
   0.6160
   0.2757
   1.6165
   0.3366
   0.3407
   1.3552
   1.7612
   0.5083
   0.9980
   1.2738
   1.5173
   2.3154
   0.7525
   1.9417
   1.2987
   1.3360
   1.3980
   0.9264
   2.3954
   0.7212
   0.5431
   0.3861
   1.9306
   2.0029
   1.2307
   1.6278
   0.3911
   0.6710
   0.9505
   0.5696
   1.3042
   0.8818
   0.7579
   0.8269
   0.3273
   0.7803
   0.7595
   0.5028
   1.1725
   1.5904
   1.6749
   1.0544
   0.8718
   1.1780
   0.3763
   1.2835
   0.9843
   0.3686
   0.8132
   0.5487
   0.4093
   0.5853
   0.8041
   2.4588
   0.1519
   1.0406
   0.4421
   0.2488
   0.2834
   1.4447
   0.5392
   0.5903
   0.3247
   0.6465
   0.8845
   0.8801
   0.7161
   0.6850
   1.2861
   1.3713
   0.8406
   0.7527
   0.8557
   0.6556
   0.8040
   0.5495
   1.0992
   1.2536
   0.9240
   0.6508
   0.3428
   1.0629
   0.4061
   0.7385
   1.1668
   0.4694
   1.1541
   1.0178
   1.3525
   0.6319
   1.2526
   0.3091
   1.0863
   0.7565
   0.7823
   1.1581
   0.6165
   2.0705
   0.3201
   0.4675
   1.0518
   1.0760
   0.6990
   0.5671
   1.1653
   0.6413
   0.4465
   0.9840
   1.0576
   0.7013
   0.2717
   0.4550
   0.8300
   0.4666
   0.4623
   0.8978
   0.4267
   1.4192
   0.7842
   1.8174
   0.6401
   2.0816
   1.7421
   0.9247
   1.7168
   1.8685
   1.3083
   0.8303
   0.5310
   2.1841
   0.3202
   0.3294
   2.0978
   0.5614
   0.5986
   2.0443
   0.9408
   0.5380
   0.7241
   0.8732
   0.7654
   0.8299
   0.4843
   0.3845
   1.0722
   0.9644
   1.1544
   0.8910
   0.5823
   1.2903
   1.4476
   3.1036
   1.1314
   0.4485
   1.2357
   0.8474
   1.7030
   0.5576
   0.9564
   1.0625
   2.4626
   0.8515
   0.9416
   1.3043
   1.4800
   1.4336
   1.0054
   1.1390
   0.9377
   1.5050
   1.4104
   1.5485
   2.3410
   0.6515
   1.5950
   0.3587
   0.9353
   0.8803
   0.9323
   1.3843
   2.4470
   1.0462
   1.7778
   0.9139
   1.4323
   1.1222
   0.9852
   1.2239
   1.4543
   1.3791
   1.8661
   1.6613
   0.8122
   1.1719
   0.9338
   1.3679
   3.1924
   1.4603
   1.0271
   0.8920
   0.8476
   1.4691
   1.9000
   0.6986
   1.2582
   0.2311
   0.5382
   1.0316
   1.5937
   0.3733
   0.4387
   0.6955
   1.2926
   1.2249
   0.8416
   0.7674
   1.2269
   0.7894
   0.1560
   1.2442
   1.1492
   0.7787
   1.8297
   1.2210
   0.5996
   0.3814
   0.5304
   0.7931
   1.5758
   0.8690
   1.0655
   0.8678
   0.6272
   0.7501
   0.5538
   1.2122
   0.7065
   1.1333
   1.1686
   1.0118
   2.0439
   2.1638
   1.4902
   1.3751
   0.5811
   1.1307
   0.6841
   1.7423
   0.7450
   1.2552
   0.8082
   1.7697
   0.2848
   1.7382
   1.4145
   1.0677
   0.8075
   0.7188
   3.4535
   0.3764
   0.9947
   2.2762
   0.7614
   1.0907
   0.4041
   0.9647
   1.0830
   0.1321
   0.6400
   1.0260
   0.3874
   2.0669
   1.0971
   0.6539
   0.8234
   0.7350
   0.8719
   0.8710
   0.9501
   0.5162
   1.0037
   0.2255
   1.2801
   1.0822
   0.8194
   1.7118
   0.9686
   0.3767
   1.0251
   0.5388
   0.5326
   2.4504
   1.0269
   1.0388
   1.2784
   0.7702
   0.8352
   0.4940
   2.9166
   0.7652
   0.4083
   0.2071
   1.2292
   0.8096
   0.9567
   2.4821
   1.4370
   0.8312
   0.9370
   1.1539
   1.2921
   1.3118
   0.9243
   2.1430
   0.7501
   1.0203
   0.4757
   1.9383
   0.6628
   0.5034
   1.3103
   0.3219
   1.7149
   0.6207
   0.5378
   0.8589
   0.1432
   1.5202
   0.2935
   0.7099
   0.6863
   0.9425
   1.2072
   1.4614
   0.4782
   0.5400
   0.9232
   0.9383
   0.7196
   1.1380
   0.9963
   0.5665
   1.0456
   1.4544
   0.3642
   0.3967
   0.6630
   0.5133
   1.7581
   0.9127
   0.5522
   0.5639
   0.7985
   1.3145
   1.2291
   0.3470
   0.9279
   0.7815
   1.7813
   0.3659
   0.9072
   0.9590
   1.1995
   1.1781
   0.3007
   0.6557
   1.0024
   0.9645
   0.3965
   0.4505
   1.0032
   0.4437
   1.1841
   0.2663
   0.9050
   1.0216
   1.1256
   2.0180
   0.5638
   1.8833
   1.5395
   0.2996
   0.8024
   0.6231
   0.1522
   0.9700
   0.5181
   1.2717
   0.3723
   0.3392
   0.4534
   0.2857
   1.1655
   1.5224
   0.4947
   0.7242
   0.8033
   0.5538
   1.3807
   0.8025
   1.0339
   1.1236
   1.1495
   0.8555
   1.1380
   1.0377
   0.9594
   0.4812
   0.8137
   1.2420
   1.8806
   0.6159
   0.9040
   0.5715
   1.3742
   0.5851
   1.0140
   0.5117
   0.8610
   1.2942
   1.1653
   1.1236
   0.6090
   0.5628
   1.2366
   0.7835
   0.3834
   1.3516
   1.2835
   0.9828
   0.5131
   0.9318
   1.6721
   0.7393
   2.0576
   1.4152
   2.4340
   0.9935
   1.5249
   1.3460
   1.7078
   1.0342
   0.5460
   2.2437
   1.8914
   0.6275
   0.2322
   1.1374
   0.8659
   0.6070
   0.6321
   0.7183
   0.9944
   0.2930
   0.3739
   1.0115
   1.0108
   1.1388
   0.4905
   0.4462
   1.0484
   1.4638
   0.7968
   1.5025
   1.1402
   1.6594
   0.8200
   1.4457
   0.9260
   0.5206
   0.9884
   0.7204
   2.1020
   0.5642
   1.0172
   0.7077
   0.9427
   0.5715
   1.5489
   0.2915
   0.2960
   0.3548
   1.6960
   1.1386
   1.1116
   1.1551
   1.5389
   1.0691
   0.6948
   1.8113
   0.8077
   0.3878
   0.9070
   1.3355
   0.6110
   1.0099
   0.4411
   1.8025
   0.5884
   1.5462
   2.4368
   0.9185
   0.1440
   0.9599
   0.6991
   0.5862
   0.1636
   1.1262
   0.8242
   1.5701
   1.1063
   0.2787
   1.4016
   0.4189
   1.0375
   0.8386
   0.8747
   2.2321
   2.2801
   0.8716
   1.1339
   0.7433
   0.6423
   0.6281
   1.9152
   1.2969
   1.4359
   1.2121
   1.1960
   1.7728
   0.7035
   1.6486
   0.5836
   0.6494
   0.7825
   0.8334
   0.2354
   0.7225
   0.6115
   0.8284
   1.5526
   2.1635
   0.6025
   0.9760
   1.3313
   1.5087
   1.3975
   1.5875
   0.3923
   0.7275
   0.7572
   0.9275
   1.9384
   0.7445
   1.1619
   0.5985
   0.9556
   1.2892
   0.7798
   1.7714
   0.3253
   0.9209
   0.6850
   0.8407
   0.8590
   0.9893
   0.6230
   0.3648
   1.7654
   1.2375
   0.8746
   1.0962
   1.7588
   1.0713
   0.3990
   1.3421
   0.9696
   0.7851
   0.6780
   0.7519
   1.4767
   0.8190
   0.4440
   0.4247
   1.2661
   0.6876
   0.3897
   0.9070
   0.4320
   0.9180
   1.0616
   0.4295
   0.7747
   1.5125
   0.5867
   0.6799
   0.9535
   2.1160
   1.0098
   0.3578
   0.5911
   0.3868
   1.3868
   0.2568
   2.6777
   1.5344
   0.5950
   0.4773
   0.8530
   0.7381
   1.3182
   1.3458
   1.1589
   0.9935
   0.1950
   1.4259
   0.5230
   0.3119
   0.5807
   2.5496
   0.9312
   2.4558
   1.1612
   0.3648
   0.5443
   0.8443
   0.7144
   0.8463
   0.6474
   1.2331
   0.4411
   0.8624
   0.6904
   1.1908
   1.4174
   0.3073
   0.8076
   0.6312
   1.0914
   0.7146
   0.7705
   0.5010
   1.4016
   0.6095
   1.2598
   0.9294
   1.0241
   0.7408
   0.8112
   1.0839
   0.2527
   0.2755
   0.8532
   1.2449
   1.0127
   0.8901
   1.4643
   0.9583
   0.5322
   1.1594
   1.0414
   1.3466
   0.8410
   0.4724
   0.5992
   2.2634
   1.4589
   0.7266
   2.1129
   0.8227
   0.7906
   1.3292
   0.7129
   1.2925
   1.7419
   1.5258
   1.5362
   1.8503
   0.5420
   0.8453
   0.6737
   1.1673
   1.0423
   1.0978
   2.2668
   1.7175
   0.8076
   0.7287
   0.9672
   1.6033
   0.9534
   0.9899
   1.7609
   0.3877
   0.7070
   0.6310
   0.7013
   1.5121
   1.3795
   0.9190
   1.3838
   1.1558
   0.1979
   0.7491
   0.8405
   0.6574
   0.5506
   0.4294
   1.4211
   0.7912
   0.5347
   1.7993
   0.9769
   0.7851
   2.2670
   1.2958
   0.2958
   0.6024
   0.4968
   2.4222
   0.9792
   0.3637
   0.6363
   1.0340
   0.6919
   0.8813
   1.1764
   1.5569
   0.6449
   1.1551
   1.0767

