  8.9651e+001
  2.5465e+001
  2.1744e+000
  4.6886e+000
  5.9986e+001
  1.0915e+000
  6.8360e-001
  5.3584e+000
  1.1033e+000
  2.9523e+002
  1.0945e+002
  7.0924e+002
  2.8727e+002
  4.4186e+001
  6.5819e+002
  1.3365e+000
  8.4105e-001
  4.3583e+002
  4.5021e+001
  9.2942e+001
  4.0868e+001
  4.3428e+001
  1.0705e+001
  7.8575e+000
  4.6804e+002
  2.7674e+002
  1.5273e+002
  9.3862e+001
  1.0246e+000
  3.0649e+002
  4.6978e-001
  1.2927e+002
  3.1502e+002
  4.4603e+001
  2.0789e+001
  5.8291e+002
  4.1858e-001
  4.0969e+002
  1.1192e+000
  7.6119e+001
  8.2566e+000
  1.1986e+000
  1.3576e+001
  5.2302e-001
  1.3930e+002
  3.7378e+000
  3.6769e+002
  8.7028e+001
  1.0224e+002
  3.8224e+001
  2.9876e+002
  8.0658e-001
  2.2149e+000
  1.4336e+000
  1.8675e+001
  3.4037e+002
  5.0965e+001
  1.1358e+000
  6.4400e+000
  1.9151e+002
  4.0680e+000
  4.7860e+000
  2.0711e+001
  1.0972e+002
  8.9824e-001
  1.2967e+001
  4.9816e+002
  3.9296e+002
  5.3931e+001
  1.0267e+001
  2.7644e+001
  5.5867e+001
  2.0801e+001
  6.2025e+000
  1.8009e+001
  1.1496e+002
  2.3639e+001
  5.5482e+001
  2.2518e+002
  1.1192e+001
  2.2834e+002
  1.0105e+001
  2.0870e+002
  3.0514e+002
  1.0495e+002
  5.0730e+001
  9.9272e-001
  5.7993e+001
  3.3558e+001
  3.6632e+000
  1.2504e+001
  6.2260e+001
  5.0324e+000
  5.2562e-001
  1.6354e+000
  7.6449e+000
  9.2768e+001
  9.4172e+000
  1.8966e+002
  2.3639e+002
  1.6758e+000
  2.1313e+002
  1.6436e+000
  1.0816e+002
  5.3343e-001
  1.2505e+000
  3.3577e+002
  6.5986e+001
  4.1394e+002
  5.4746e-001
  1.0405e+000
  7.2941e+001
  1.4508e+002
  1.0323e+002
  8.2363e+001
  2.5043e+001
  6.9150e+001
  2.7829e+002
  3.9708e+002
  1.2918e+002
  5.7030e+002
  1.4014e+000
  8.3869e+001
  3.3742e+001
  5.0631e-001
  6.2012e+001
  1.8835e+002
  1.4534e+002
  8.8367e+000
  3.9743e+000
  2.3801e+002
  6.1638e+000
  1.1622e+000
  1.5872e+002
  2.5738e+000
  4.4850e+001
  1.4287e+001
  4.9793e+001
  1.6459e+000
  3.3072e+002
  2.6988e+001
  1.4176e+002
  7.7582e+000
  3.4682e+001
  6.2261e-001
  5.5196e+001
  1.3115e+002
  1.6126e+001
  2.0080e+002
  1.0969e+000
  2.4671e+001
  1.3589e+000
  3.7740e+002
  1.6513e+002
  2.2292e+000
  2.3312e+001
  1.2701e+002
  4.1891e+001
  3.0049e+001
  1.0681e+000
  2.4588e+002
  5.5406e+001
  1.2377e+002
  7.6347e+001
  1.3858e+002
  4.0537e+001
  6.0977e+001
  4.0706e+001
  1.0760e+002
  9.0264e+001
  4.7740e+001
  3.8676e+001
  2.0141e+001
  1.0966e+000
  1.2764e+000
  1.5545e+002
  3.3955e+002
  2.2576e+002
  8.9803e-001
  3.0720e+002
  1.1393e+002
  2.9929e+000
  7.4757e+001
  1.0253e+001
  1.8581e+001
  1.8922e+002
  2.7186e+002
  1.2547e+002
  7.9779e+000
  1.8317e+002
  5.9385e+002
  1.0641e+001
  1.3130e+000
  5.6784e+001
  8.3141e-001
  3.6412e+000
  4.6453e+001
  1.1584e+000
  1.0994e+000
  7.4531e+000
  1.1659e+000
  4.2414e+001
  3.0344e+002
  1.0902e+000
  2.8062e+002
  2.0079e+002
  1.9050e+000
  2.3053e+002
  1.3218e+001
  6.9193e-001
  6.4137e+001
  1.8286e+001
  2.4673e+001
  5.2629e+000
  1.3430e+000
  2.4569e+001
  1.5543e+002
  2.3954e-001
  7.0984e+000
  3.0002e+001
  3.0506e+002
  3.7346e+001
  1.4763e+001
  5.8379e+001
  9.2280e+000
  1.1242e+002
  8.2844e+001
  4.7365e+000
  9.2699e+001
  1.4929e+001
  2.3314e+001
  1.1987e+002
  6.5161e+001
  6.4563e-001
  9.7263e+001
  1.0080e+002
  5.9575e+002
  2.6560e+001
  4.5623e+000
  3.5216e+002
  1.0307e+002
  2.4815e+002
  8.2708e+001
  5.0212e+002
  1.8375e+001
  1.0055e+000
  4.8938e+002
  1.4343e+002
  6.4495e+000
  1.5816e+000
  6.3360e+000
  3.5377e+001
  1.7990e+001
  1.9062e+002
  3.1731e+000
  1.7154e+000
  1.6699e+002
  5.0999e+000
  4.3284e+002
  8.9108e+001
  9.4796e+001
  3.7666e+002
  2.8465e+001
  2.5188e+001
  1.9657e+002
  1.3287e+000
  2.7809e+002
  7.4011e+001
  2.4077e+002
  1.9808e+002
  1.0826e+001
  1.6447e+002
  4.2773e+001
  1.9009e+000
  8.3257e-001
  1.4765e+002
  4.9474e+002
  4.0542e+001
  6.8698e+000
  4.5455e+000
  1.7636e+001
  3.3565e+002
  2.4110e+002
  9.5816e+001
  1.9813e+002
  1.0247e+002
  6.2165e+000
  1.4170e+000
  2.1056e+002
  2.6515e+001
  1.8294e+002
  3.1427e+002
  1.1208e+002
  1.2001e+002
  5.8794e+001
  2.2123e+000
  3.4594e+002
  8.2856e-001
  1.0395e+000
  3.8507e+002
  8.8889e+001
  1.2987e+000
  2.0586e+002
  3.5622e+002
  2.4425e+001
  3.2712e-001
  1.4592e+002
  1.1388e+002
  3.3819e+000
  2.3783e+001
  4.7101e+000
  1.6947e+000
  3.0992e+001
  2.0731e+001
  8.1914e+001
  2.6732e+002
  9.0522e+000
  5.9325e+000
  7.7896e+001
  3.6592e+001
  9.0218e-001
  1.1509e+002
  4.4055e+000
  1.9303e+000
  3.3602e+002
  7.5678e+001
  3.1966e+001
  2.3688e+002
  5.2243e+001
  2.9231e+002
  5.7532e+002
  3.3821e+001
  5.2530e+000
  1.0736e+001
  1.4131e+002
  1.7249e+002
  7.3827e+000
  1.9434e+001
  1.2936e+000
  1.1644e+001
  9.2587e+000
  4.3929e+000
  4.7629e+000
  1.1530e+002
  1.6578e+002
  1.4791e+002
  1.6098e+002
  1.7301e+002
  1.6707e+002
  1.2732e+001
  1.2701e+000
  1.6717e+000
  2.0905e+000
  1.0330e+002
  2.5926e+002
  6.4368e+001
  7.4720e+001
  6.0463e+000
  1.0612e+002
  1.7126e+001
  2.0315e+002
  1.1634e+001
  2.2060e+000
  8.8968e-001
  1.4552e+000
  7.8096e+001
  5.1302e+002
  5.8694e+000
  6.5845e+001
  3.6556e-001
  8.1032e+001
  6.2027e+001
  6.7508e+001
  2.2607e+000
  1.4487e+001
  7.3628e-001
  4.0598e+001
  1.7994e+002
  1.0796e+002
  1.3679e+001
  2.6490e+002
  1.1806e+000
  1.7530e+001
  4.5849e+002
  6.4182e+000
  2.4032e+001
  1.6378e+000
  1.0530e+001
  1.2546e+001
  6.5126e+002
  8.4537e+000
  7.0719e+001
  6.2432e+000
  2.0825e+002
  1.4297e+002
  2.5029e+001
  4.2857e+002
  2.6235e+001
  3.4244e+000
  3.6487e+000
  5.9593e+001
  3.4473e+001
  6.4945e+001
  1.4213e+002
  2.7533e+002
  2.3846e+001
  2.0135e+000
  8.3827e+001
  1.6877e+002
  1.1590e+000
  2.5222e+000
  3.3336e+001
  1.0875e+002
  6.8005e+000
  2.0523e+002
  2.8361e+000
  9.2488e-001
  4.7669e+000
  1.0848e+002
  3.3994e+001
  1.8530e+000
  2.6969e+000
  2.5816e+002
  6.5512e+002
  2.2826e+002
  6.7628e+000
  1.2888e+002
  1.6083e+001
  1.3718e+002
  9.1217e+001
  1.3743e+001
  8.3524e+000
  1.1795e+001
  6.2567e+001
  4.9696e+001
  7.6426e+000
  3.2251e+000
  5.3120e+000
  9.3083e+000
  8.4613e+001
  2.0665e+001
  2.6528e+001
  1.2213e+001
  2.9451e+001
  1.4149e+002
  1.8466e+002
  8.7212e+001
  1.4487e+002
  6.5521e+001
  4.1514e+001
  5.8416e+000
  2.9316e+002
  4.3996e+000
  3.3303e+002
  6.3334e+001
  2.9971e+001
  3.1366e+001
  8.6918e+001
  1.8828e+001
  1.6767e+002
  1.6891e+000
  1.5209e+002
  1.5422e+001
  4.0453e+002
  1.9039e+000
  2.9307e+001
  2.3186e+002
  3.6409e+000
  3.5293e+000
  2.4069e+002
  7.1003e+001
  9.1791e+000
  1.5771e+002
  1.6889e+002
  6.2457e+000
  5.1833e+000
  7.8258e+001
  4.8112e+001
  5.6576e+001
  1.6428e+002
  3.5479e+002
  1.6619e+000
  4.0455e+002
  5.8561e+001
  1.8669e+002
  3.7873e+000
  7.1528e+001
  3.4834e+001
  7.6663e+001
  2.7913e+002
  1.4879e+002
  3.6532e+000
  4.7774e+001
  6.2359e-001
  5.4670e+001
  1.1832e+002
  1.9028e+002
  4.9068e-001
  3.0974e+002
  3.6544e+000
  2.3449e+001
  9.8683e+001
  2.3950e+002
  2.0644e+002
  4.0082e+002
  1.3793e+002
  2.7336e+001
  3.7254e+001
  2.7196e+002
  6.2331e+000
  6.7518e+000
  5.6806e+000
  5.9931e+001
  3.6553e+002
  3.4062e+002
  2.2048e+001
  9.7634e-001
  3.5969e+000
  1.3505e+000
  1.0339e+001
  1.4970e+002
  1.3028e+001
  1.5246e+001
  2.9647e-001
  4.7530e+001
  3.2849e+002
  7.0535e-001
  7.6591e+001
  1.4180e+001
  1.4822e+002
  1.9157e+002
  1.5552e+002
  5.1749e+001
  7.3909e+000
  1.0324e+001
  1.7433e+002
  1.7516e+001
  3.4634e+000
  2.4394e+001
  2.6101e+001
  9.9102e+001
  5.4444e+001
  5.6142e+001
  2.4645e+001
  1.1760e+002
  3.1545e+001
  2.0049e+001
  2.7501e+000
  7.6562e+001
  4.9769e+001
  1.8667e+002
  4.3967e+002
  1.0010e+002
  5.8363e+001
  1.0207e+002
  3.5922e+002
  6.9459e-001
  2.9916e+002
  1.6910e+001
  1.3058e+002
  1.3675e+002
  5.8706e+001
  2.5154e+002
  2.9359e+000
  3.7959e+001
  6.5219e+000
  3.2431e+002
  5.1359e+001
  1.9729e+002
  6.6899e+001
  1.9750e+002
  6.1007e+001
  9.5366e+000
  2.2892e+001
  1.6404e+000
  2.6178e+002
  8.5512e+001
  2.7853e+002
  9.6627e+001
  1.7412e+001
  3.5750e+001
  3.1046e+001
  1.0519e+001
  2.8399e+002
  3.6311e+001
  7.1009e+001
  4.6290e+002
  6.7867e+001
  9.4487e+000
  1.0841e+002
  3.5826e+002
  8.1003e+001
  3.4433e+000
  1.2113e+000
  9.6134e+000
  1.0086e+002
  3.9561e+002
  2.8688e+001
  4.7335e+002
  1.0983e+001
  3.3844e+002
  9.9230e+001
  1.3615e+002
  2.3380e+000
  2.0663e+001
  4.4024e+001
  1.2426e+000
  1.7632e+001
  1.1261e+002
  1.3163e+001
  5.4777e+001
  4.1840e+001
  2.7474e+002
  1.5007e+002
  3.7062e+002
  6.6053e+001
  2.0494e+001
  1.5500e+002
  3.7101e+001
  1.2280e+002
  1.6955e+001
  7.3482e+001
  3.5540e+000
  2.6479e+002
  2.5499e+001
  2.4223e+002
  2.4311e+002
  2.8325e+001
  1.4606e+001
  1.2153e+000
  5.9512e+000
  3.8962e+002
  1.9437e+000
  8.5994e-001
  1.6083e+001
  2.7075e+001
  4.8281e+001
  8.7476e+001
  6.6705e+001
  2.4989e+002
  1.7104e+002
  5.3490e+001
  3.2551e+001
  1.4464e+002
  5.3360e+000
  3.8445e+002
  6.3658e-001
  2.5335e+001
  1.1301e+000
  1.7070e+002
  1.9507e+001
  2.1821e+001
  9.9898e+001
  2.0501e+001
  5.4359e+001
  9.3312e+001
  1.1034e+000
  9.2200e+001
  1.9355e+002
  1.1862e+000
  4.8077e+002
  1.7554e+002
  1.3293e+002
  1.4729e+001
  1.3377e+001
  2.7773e+000
  1.5313e+001
  3.0394e+002
  2.7588e+002
  1.0852e+002
  6.7844e+000
  2.0034e+000
  1.7828e+002
  3.4524e+002
  3.6571e+002
  1.6261e+000
  5.3737e+002
  8.6317e+001
  1.1113e+000
  5.4552e+001
  1.5612e+002
  2.0812e+002
  2.1164e+000
  1.1602e+001
  2.6334e+002
  9.3486e-001
  2.7953e+001
  3.6822e+002
  1.6819e+001
  1.3273e+002
  3.5974e+002
  3.0340e-001
  1.7404e+000
  2.0164e+001
  1.0603e+002
  1.2732e+001
  8.2381e+001
  2.2903e+001
  3.3634e+001
  9.6532e+000
  1.9049e+002
  5.8175e+001
  5.4084e+001
  4.5702e+002
  2.4638e+001
  3.0410e+000
  3.2414e+002
  1.3089e+001
  2.7655e+001
  2.4110e+002
  6.1460e+001
  3.6766e+000
  1.1016e+001
  3.8218e+001
  1.4766e+001
  3.0178e+000
  1.9429e+002
  1.0646e+000
  5.9025e+001
  7.0724e+001
  2.1445e+000
  2.5401e+002
  1.2035e+002
  3.8114e+001
  4.1991e+002
  5.3560e+002
  3.4269e+002
  7.4565e+000
  2.8396e+002
  2.1712e+002
  8.0657e-001
  1.3938e+002
  4.7852e+001
  3.7017e+001
  1.9464e+001
  5.5415e+000
  3.3283e+000
  2.8689e+001
  7.9464e+001
  3.9520e+001
  3.3212e+002
  3.5571e+001
  2.3633e+001
  4.8699e-001
  2.8220e+001
  4.9633e+001
  2.2795e+002
  4.8078e+000
  2.4893e+001
  3.0373e+002
  1.9737e+001
  3.3020e+001
  1.0857e+001
  2.1482e+002
  4.6189e+000
  3.1984e+001
  7.3885e+001
  7.4188e+001
  3.5687e+002
  2.8408e+000
  2.6021e+000
  1.7044e+002
  3.6550e+001
  6.1263e+000
  2.0466e+000
  1.2103e+001
  9.1556e+001
  1.2147e+001
  1.9202e+001
  4.8721e+001
  3.7333e+001
  1.3370e+002
  1.0434e+002
  5.1081e+000
  4.9929e+000
  1.6898e+002
  1.2645e+002
  9.5995e+000
  1.2449e+002
  9.3232e+001
  2.5368e+000
  2.5520e+002
  2.1082e+002
  2.8088e+002
  3.5236e+001
  1.3290e+002
  2.1276e+002
  7.4020e+001
  3.9478e+002
  4.1806e-001
  3.2387e+000
  2.2261e+001
  2.2523e+001
  5.9494e+001
  2.6400e+002
  1.6490e+001
  1.3718e+000
  1.7189e+000
  8.5795e+000
  5.1309e+002
  1.7983e+000
  7.0554e-001
  4.1992e+000
  7.7157e-001
  3.2450e+001
  4.8838e+001
  2.4237e+002
  1.3570e+000
  4.8691e+002
  3.4476e+001
  6.9916e+000
  9.3035e+001
  6.9392e+001
  1.1880e+002
  1.1069e+000
  1.9485e+000
  1.8298e+002
  9.9478e-002
  2.3803e+002
  1.2857e+002
  6.6805e+002
  8.2583e+001
  4.7752e+002
  1.5456e+000
  2.0717e+001
  3.5912e+000
  5.4448e+000
  1.0684e+002
  8.0595e+000
  2.0101e+001
  2.8211e+002
  1.1869e+001
  1.3457e+002
  3.2044e+001
  1.2937e+001
  1.3846e+000
  8.6359e+001
  1.2399e+002
  7.1950e-001
  2.0331e+001
  2.0791e+002
  1.6765e+000
  5.9067e+001
  1.2571e+002
  1.3353e+001
  1.5837e+000
  1.8403e+000
  1.2228e+001
  5.6944e+001
  1.8417e+001
  6.7598e-001
  8.2516e+001
  4.3363e+001
  1.0699e+002
  5.7446e+001
  5.9077e+001
  5.7189e+002
  8.6700e+001
  5.9524e+001
  1.0692e+000
  6.8943e+001
  4.5102e+002
  1.6368e+001
  6.9876e+001
  3.8085e+000
  6.5024e-001
  9.7775e+001
  3.6424e+001
  1.3755e+002
  2.8084e+001
  3.0188e+001
  2.9595e+001
  6.8330e+001
  1.0877e+002
  5.9559e+000
  3.7942e+001
  3.4909e+001
  1.7813e+001
  1.8193e+001
  2.0062e+002
  1.5408e+002
  5.4294e+001
  3.6417e+002
  4.5285e+001
  6.8107e+001
  3.0666e+000
  6.5874e+000
  3.9924e+000
  6.6451e+000
  1.8342e+002
  1.7122e+000
  3.4896e+002
  1.1365e+000
  5.8617e+000
  2.7028e+001
  2.1883e+002
  1.0644e+000
  2.2908e+002
  1.2992e+000
  9.1979e-001
  1.2210e+002
  4.4053e+000
  9.2538e-001
  1.3570e+002
  8.7191e+000
  3.5708e+000
  8.2925e+000
  2.4555e+002
  8.0405e+001
  1.2405e+002
  6.2746e+001
  1.0151e+002
  3.5899e+000
  2.7250e+000
  1.1746e+002
  3.9403e+001
  1.2795e+000
  1.3989e+001
  2.1628e+002
  8.9409e+001
  2.0850e+002
  1.6804e+002
  1.6508e+001
  1.7079e+001
  2.4153e+002
  1.8276e+002
  5.0589e-001
  1.4861e+002
  2.2472e+002
  1.9052e+002
  2.7214e+002
  1.5012e+001
  5.6689e+002
  3.4198e+001
  2.7701e+002
  2.0918e+000
  7.3765e+000
  1.8867e+002
  4.9258e+000
  1.2773e+002
  1.2125e+001
  5.4730e+002
  1.8680e+002
  6.1195e+001
  1.4774e+002
  1.0658e+002
  2.9600e+002
  9.5335e+000
  3.0262e+002
  5.1000e+001
  2.0544e+001
  1.6117e+001
  3.1801e+001
  3.4102e+001
  1.2969e+002
  1.0837e+000
  2.2332e+002
  6.1586e+002
  1.3014e+002
  7.0566e+001
  8.4578e-001
  6.1265e+002
  8.5257e+001
  6.4599e+001
  1.7423e+002
  1.9196e+001
  1.5048e+002
  1.4756e+002
  1.3304e+000
  9.3786e-001
  1.0466e+002
  2.1082e+001
  8.3079e+001
  3.2952e+000
  4.7898e+001
  1.0764e+000
  9.9417e+001
  1.7769e+001
  1.3836e+001
  6.0305e+001
  3.0969e+000
  1.3851e+002
  1.5861e+002
  1.5946e+002
  1.1401e+001
  1.3880e+001
  3.9444e+001
  7.8077e-001
  1.7413e+002
  1.8090e+002
  6.7157e-001
  9.7633e+001
  2.0914e+000
  1.4866e+002
  8.2022e+001
  1.2544e+000
  1.1119e+002
  1.2732e+000
  4.0219e+000
  8.0097e+001

