   1.1545
   1.6744
   0.7994
   1.1138
   0.8325
   0.8174
   0.5620
   0.6141
   0.3414
   4.4608
   0.2640
   1.9210
   1.5390
   0.4001
   0.8291
   0.3731
   0.8130
   0.2916
   0.4576
   1.1264
   1.2514
   2.3127
   1.3099
   0.9226
   1.0460
   0.8280
   0.7651
   0.4597
   0.8651
   1.1295
   0.8593
   1.1371
   0.8493
   0.6080
   1.8033
   1.0853
   1.0796
   1.3392
   0.2515
   0.3517
   0.4768
   0.5656
   0.7216
   0.6475
   0.2770
   0.6880
   1.2840
   2.3125
   0.9415
   1.2816
   0.5193
   0.2677
   0.5740
   1.2572
   0.8407
   1.0930
   0.9865
   0.7972
   0.4120
   0.8375
   3.3034
   1.6447
   0.2881
   2.7682
   2.8175
   0.3564
   0.7744
   1.0664
   0.4913
   0.3907
   1.2411
   1.2152
   0.9336
   0.6704
   0.6708
   0.9998
   1.8328
   0.3636
   1.8246
   0.6748
   0.9165
   1.8704
   0.5219
   0.4194
   1.1035
   0.7850
   2.5102
   0.4823
   1.3420
   1.5400
   0.6094
   0.8548
   2.1248
   0.8782
   1.2155
   1.5168
   0.5220
   0.5815
   1.5209
   0.8048
   2.4656
   0.5640
   0.7312
   0.8054
   0.9119
   1.9589
   0.9401
   1.0028
   0.7915
   0.7248
   1.0906
   1.0815
   0.4624
   0.8720
   0.8461
   1.0765
   2.6076
   0.7766
   1.4147
   0.5635
   1.3140
   0.2736
   1.5729
   0.3896
   0.3609
   0.5677
   0.7281
   0.3193
   0.4711
   0.3940
   0.7003
   0.2768
   0.8406
   0.6773
   1.2996
   1.6349
   0.5268
   1.2588
   1.2936
   1.7732
   1.0960
   0.6736
   0.8940
   1.6764
   0.4694
   0.7196
   0.4508
   0.3355
   0.9801
   0.6417
   1.0476
   0.3526
   0.8297
   1.9171
   1.1615
   0.9050
   2.6099
   1.5644
   1.9631
   1.9788
   1.4160
   0.9398
   0.9716
   1.0251
   0.6075
   0.3597
   0.3499
   0.1326
   1.4075
   0.6829
   0.5562
   0.7317
   0.8602
   0.9651
   3.1094
   1.1647
   1.6420
   1.7647
   0.9720
   1.2929
   1.0409
   0.5927
   0.2588
   0.4183
   1.8827
   0.5735
   0.4671
   0.1878
   0.9166
   0.6492
   0.8726
   0.2162
   0.7550
   3.9464
   0.8936
   0.7265
   0.5095
   0.7047
   1.0219
   1.3768
   0.2246
   1.0986
   1.1979
   1.4863
   1.4514
   0.8632
   0.5601
   1.1538
   1.5279
   1.0584
   0.9565
   0.4638
   0.3295
   0.9343
   0.8480
   2.9512
   1.3808
   0.6132
   1.2195
   1.4940
   0.7427
   0.4695
   0.8847
   0.4505
   0.7662
   0.6845
   0.2877
   0.8667
   2.4573
   1.8959
   0.7811
   1.3640
   1.2359
   0.7515
   2.2308
   0.6635
   0.1443
   3.2769
   1.4575
   1.2441
   1.2393
   0.4327
   1.7281
   0.6910
   1.0530
   1.1207
   0.8309
   0.5908
   1.1917
   0.8622
   1.1529
   4.5557
   0.3568
   0.7697
   0.2020
   0.2087
   0.5752
   1.5647
   0.5713
   4.4784
   1.0494
   0.9525
   0.4317
   2.3993
   0.3833
   0.7410
   0.6463
   1.0552
   0.5325
   1.1001
   0.7423
   0.3122
   1.0912
   0.8269
   1.6499
   0.4402
   0.7302
   0.5044
   0.4134
   0.5832
   0.8057
   1.9911
   1.0095
   1.2108
   0.5569
   2.9822
   0.6348
   1.9109
   1.0495
   1.2258
   0.8410
   1.6321
   1.0998
   0.4749
   1.5226
   0.9146
   0.9163
   1.2124
   0.5677
   1.3196
   0.7390
   1.2831
   0.5362
   1.5600
   1.8819
   0.8575
   0.9053
   1.3030
   0.9672
   0.5835
   1.0581
   1.4006
   0.6028
   2.4034
   0.2198
   1.6688
   1.1236
   0.9292
   0.2970
   1.1788
   1.2401
   0.6495
   0.6262
   0.4550
   0.4702
   0.8741
   0.5462
   0.9118
   0.7719
   0.5827
   0.6977
   1.2964
   0.7627
   1.3983
   0.5813
   0.9775
   0.8128
   1.4851
   0.3091
   1.7912
   0.6490
   1.2530
   0.5251
   1.0869
   1.0690
   0.5203
   0.5234
   1.8889
   1.2304
   1.1312
   1.9569
   0.6950
   0.2814
   0.9340
   0.8314
   0.3850
   1.5561
   1.3895
   0.7501
   2.1886
   0.5563
   0.3561
   0.3974
   0.4133
   0.5994
   0.4353
   1.3083
   1.0734
   0.4229
   0.6462
   0.5145
   0.9088
   1.7912
   0.5272
   0.6350
   2.7468
   0.3432
   0.4108
   0.7041
   0.6498
   1.1397
   1.2828
   0.5474
   1.3990
   0.8382
   0.4325
   1.3262
   0.8040
   0.7358
   0.9663
   0.5712
   1.0220
   2.0904
   2.2656
   1.0157
   0.7210
   0.7203
   1.0324
   1.1791
   1.3226
   1.6641
   1.1113
   0.4583
   0.7246
   0.6679
   0.2458
   0.8662
   3.1616
   0.3312
   0.2724
   0.6509
   0.6812
   1.4097
   0.8753
   0.9287
   0.6505
   1.0880
   0.3812
   1.9614
   1.2421
   1.6102
   0.8450
   1.2285
   0.6305
   0.9941
   0.8283
   0.8881
   1.0894
   1.0281
   0.9235
   0.9973
   1.3683
   0.8758
   0.8874
   2.0529
   0.1898
   0.6469
   0.4093
   0.3116
   0.2475
   1.7770
   1.3296
   0.5782
   0.4107
   1.1287
   1.0292
   1.1554
   0.9054
   0.5827
   0.4726
   0.7419
   0.5295
   0.2117
   0.6836
   0.6989
   0.2857
   1.7325
   1.6089
   1.5267
   0.3374
   1.4499
   0.5579
   0.8690
   0.6054
   0.9614
   0.6306
   2.5595
   1.0416
   1.2692
   0.8665
   0.9870
   1.0395
   0.7347
   0.5653
   0.4468
   0.7169
   1.4052
   0.9591
   0.3011
   0.8439
   0.5385
   5.0145
   0.6312
   0.7048
   0.7141
   1.3674
   0.9539
   0.6122
   0.2436
   3.0190
   3.0225
   0.6750
   0.8951
   1.0516
   0.8796
   0.2977
   1.4831
   1.1528
   1.0617
   2.1176
   1.0865
   0.3727
   0.2486
   0.3076
   3.3920
   0.5811
   1.7710
   0.6143
   0.7143
   0.5990
   0.9140
   0.1673
   0.5459
   1.2900
   0.5796
   1.3850
   1.7939
   0.7117
   2.0787
   0.9126
   0.2689
   0.9079
   0.5511
   1.4287
   1.4998
   0.2553
   0.7119
   1.2326
   2.8694
   0.4407
   1.0849
   2.3943
   1.5600
   0.8688
   3.5511
   0.4617
   0.3590
   1.4711
   0.4561
   0.4665
   1.6527
   0.2757
   0.4653
   2.0052
   1.0853
   0.7412
   0.3903
   0.9022
   0.6489
   1.4344
   0.7682
   0.4388
   0.4709
   0.5380
   0.7617
   2.2116
   0.5264
   1.1568
   0.4428
   2.9610
   0.7718
   0.7687
   0.5811
   0.5715
   0.9985
   0.8974
   0.6723
   1.5638
   1.4386
   1.3566
   0.1908
   0.9291
   2.7031
   0.4854
   0.8616
   0.8711
   0.7527
   1.3131
   0.2159
   0.7531
   0.2674
   1.6538
   0.4691
   0.7871
   0.4005
   2.0140
   1.3522
   0.6579
   1.4598
   1.4522
   0.3265
   0.3254
   1.8653
   0.8840
   0.6352
   0.4923
   0.4908
   0.8206
   0.4194
   1.2861
   0.7838
   0.8910
   0.5384
   1.9241
   3.0432
   0.8779
   0.6402
   0.6381
   2.0632
   1.1610
   1.2172
   0.3721
   0.3616
   0.3990
   0.6638
   1.1748
   0.9329
   0.6370
   0.6964
   0.5402
   1.8441
   0.7254
   0.5324
   0.8137
   0.6558
   0.6118
   4.5978
   0.2990
   0.8869
   1.0895
   0.7169
   1.0768
   0.5673
   0.4592
   1.1270
   0.5750
   0.4779
   1.3552
   0.7083
   1.0957
   0.3094
   1.0785
   0.3735
   0.4021
   0.9171
   0.9172
   0.7506
   0.7192
   1.6024
   0.9896
   3.4956
   0.6505
   0.1654
   1.1034
   0.5334
   1.8511
   0.7468
   0.6450
   1.0195
   0.6203
   1.1835
   0.7919
   0.7041
   2.0058
   0.3092
   2.1757
   0.7789
   0.8713
   1.9686
   0.6440
   2.0792
   3.5828
   0.3810
   0.1659
   0.5024
   1.4346
   0.9787
   1.1045
   0.6260
   0.2776
   0.5424
   1.4116
   0.9948
   1.0079
   1.3740
   1.0752
   1.6011
   1.0791
   0.7168
   3.1353
   2.7580
   1.4999
   0.4962
   0.4813
   1.1089
   0.8866
   0.3036
   0.8070
   0.3670
   2.0684
   2.4238
   0.7740
   1.8951
   0.8496
   0.3269
   1.0360
   0.6703
   0.7269
   0.7167
   1.1825
   0.4298
   1.1722
   0.7321
   1.2718
   0.4053
   1.3145
   1.3704
   0.3919
   3.4711
   1.8099
   0.4888
   1.8658
   1.1063
   1.4574
   0.3920
   0.6871
   1.2780
   1.1751
   1.8253
   1.1650
   0.8312
   0.2355
   0.4876
   1.0461
   0.7821
   0.9194
   0.9819
   0.4311
   0.8122
   0.7040
   0.4886
   1.1077
   1.2580
   1.4199
   0.6889
   0.3805
   0.9160
   0.5489
   0.9273
   0.8405
   0.4716
   0.6060
   1.7698
   1.0956
   0.4797
   1.5489
   0.6412
   0.6610
   0.5803
   2.4010
   1.1434
   3.0262
   0.3335
   1.1964
   0.4428
   0.5131
   1.6183
   0.4553
   0.8100
   0.4303
   0.3153
   0.3322
   0.3936
   1.0857
   0.5507
   0.6446
   1.3721
   1.3000
   1.5924
   0.8549
   0.4224
   0.4824
   0.3956
   1.0368
   0.6336
   1.2150
   0.6287
   0.4198
   1.1425
   1.0195
   0.7753
   0.7028
   1.2353
   0.8261
   1.2679
   1.5396
   0.6236
   0.8699
   2.6429
   3.4098
   0.6373
   0.9672
   0.2017
   1.2686
   0.3197
   0.6149
   0.5309
   2.4281
   0.9480
   0.7060
   3.5904
   0.3905
   0.8726
   0.9789
   0.4773
   0.4333
   0.3831
   0.9115
   0.9595
   1.0769
   0.3623
   0.4561
   0.2176
   0.7061
   0.3089
   0.6912
   1.1962
   0.4965
   0.7516
   0.8224
   0.6929
   0.6640
   0.3574
   0.3956
   0.9711
   1.4921
   1.3930
   0.4127
   0.5177
   1.0141
   0.3170
   1.2702
   0.5580
   0.6191
   0.4607
   0.2319
   1.2609
   1.6344
   1.0375
   0.5706
   1.1835
   4.0743
   0.6440
   0.1745
   0.6947
   0.8758
   0.7655
   1.2050
   0.3559
   0.6283
   0.7357
   0.3718
   0.9224
   0.6660
   2.4068
   0.3768
   2.5090
   1.1834
   0.4339
   1.0674
   1.0076
   0.8592
   0.5211
   0.4375
   0.8739
   0.2957
   0.6610
   0.4141
   0.7850
   0.3013
   0.8433
   1.5612
   0.2269
   0.5258
   0.3200
   1.8527
   2.7511
   0.3165
   0.6537
   1.0995
   1.8216
   1.2774
   1.4348
   0.6526
   1.2221
   1.1676
   0.8109
   0.7691
   1.3473
   0.5752
   0.6684
   0.7293
   0.7050
   1.7809
   0.4501
   0.3151
   0.7709
   1.2514
   0.1632
   0.5342
   0.9058
   0.7290
   2.0702
   0.7060
   1.3020
   1.9649
   0.9239
   1.7788
   1.0511
   0.2404
   0.7507
   0.8365
   1.0385
   0.3485
   1.3135
   0.6162
   0.5471
   1.7982
   0.9596
   0.1736
   1.9504
   1.9330
   0.6074
   0.4193
   0.5581
   0.4269
   0.8584
   1.1016
   2.9009
   0.9949
   0.7680
   0.1977
   0.4512
   1.2946
   0.6504
   1.2591
   1.4324
   0.6620
   0.3498
   1.6944
   0.9486
   1.8247
   4.8033
   0.8480
   0.8640
   2.1630
   0.4082
   0.7446
   0.3039
   0.6250
   0.2807
   0.5596
   1.1940
   0.3417
   0.3752
   1.3236
   0.1633
   0.3592
   0.2670
   0.2708
   1.4004
   0.1649
   0.4747
   0.8505
   0.4645
   0.8849
   0.8768
   1.0749
   0.4866
   1.2735
   0.4534
   0.5892
   0.4438
   1.3351
   0.9681
   1.7887
   0.4537
   0.7884
   4.2908
   1.6294
   1.0772
   0.5493
   0.7296
   2.1002
   1.2126
   0.6430
   0.3255
   0.8348
   1.1843
   0.7585

