  1.4647e+001
  1.1575e+001
  4.8736e+000
  3.3737e+002
  2.0890e+002
  1.1046e+002
  4.0250e+001
  4.1370e+001
  3.4687e+001
  1.2035e+001
  5.8294e+001
  1.0252e+000
  6.5323e+002
  2.0087e+001
  1.9737e+001
  1.2281e+002
  6.8766e+001
  5.3462e-001
  4.7801e+000
  5.9374e+001
  7.1780e+001
  1.5635e-002
  8.9253e+000
  4.5902e+002
  4.8567e+001
  2.7670e+002
  4.5106e+000
  5.3546e+002
  1.5555e+002
  4.8011e+000
  2.2323e+001
  2.8429e+001
  1.0529e+002
  2.2521e+002
  2.5963e+001
  5.2422e+000
  2.1566e+001
  5.9691e+001
  4.4612e+001
  2.1654e+000
  3.4571e+001
  1.2923e+002
  1.0128e+001
  8.4910e+001
  3.5752e+001
  3.1868e+001
  1.3647e+002
  1.6380e+002
  2.4147e+000
  1.9491e+002
  2.5047e+001
  5.7797e+001
  1.6223e+001
  4.5322e+000
  1.4630e+002
  5.6139e+000
  1.2054e+001
  1.1690e+002
  1.8532e+001
  5.5459e+001
  1.8316e+002
  2.6297e+001
  4.0642e+001
  8.4956e+001
  2.2190e+001
  8.8733e+002
  2.4356e+002
  5.2941e+000
  1.4040e+002
  4.0515e+000
  3.7835e+001
  2.2645e+001
  1.1317e+001
  2.2908e+001
  4.2864e+002
  1.2566e+002
  2.2981e+002
  1.5695e+002
  6.5221e+001
  1.1423e+002
  1.2762e+002
  5.9797e+001
  1.3897e+002
  2.0022e+001
  1.5828e+001
  4.6310e+001
  8.6097e+001
  1.0382e+001
  7.1439e+001
  1.7183e+001
  1.8236e+001
  4.0259e+002
  1.9451e+002
  1.6529e+002
  1.4183e+001
  3.3300e+001
  1.9465e+001
  9.2373e+000
  1.3647e+000
  1.5105e+002
  2.6151e+001
  4.2810e+000
  4.3923e+002
  1.0465e+002
  6.5085e+001
  1.1091e+002
  1.7493e+001
  6.2002e-001
  9.9373e+000
  4.7346e+002
  8.9339e+001
  1.0213e+002
  2.3463e+002
  1.3077e+002
  4.4439e+000
  7.5862e+001
  1.6403e+002
  1.5587e+002
  7.9876e+001
  1.5444e+002
  6.6599e+001
  4.7302e+000
  1.6219e+002
  1.4468e+001
  1.1158e+001
  9.3427e+000
  4.2684e+002
  4.8276e+002
  2.2830e+002
  2.0243e+000
  5.0244e+000
  1.0882e+002
  9.3480e+000
  1.5202e+001
  1.3878e+002
  1.1500e+002
  3.5690e-001
  4.4087e+002
  1.9427e+001
  2.9841e+001
  4.1748e+001
  1.5467e+002
  3.7508e+001
  3.7826e+002
  8.2325e+001
  1.4660e+001
  1.7692e+002
  1.1875e+001
  1.7352e+002
  7.7018e+000
  7.1934e+001
  1.2479e-002
  5.5205e+001
  4.1318e+002
  1.2912e+001
  8.6858e+001
  1.2887e+001
  6.4804e+001
  8.1901e+000
  4.2011e+002
  5.9747e+001
  1.0898e+002
  1.9894e+002
  1.6761e+001
  4.8155e+000
  4.0176e+000
  6.0732e+001
  1.3671e+002
  2.0916e+002
  5.5240e-001
  2.4900e+002
  1.2201e+001
  3.7382e+001
  1.0648e+002
  9.4385e+002
  3.5758e+002
  8.6850e+001
  1.3864e+001
  1.4981e+001
  7.9786e+001
  9.2866e+001
  1.4465e+002
  4.1364e+001
  2.6504e+001
  1.2123e+002
  3.7589e+002
  2.4500e+001
  2.9036e+001
  3.7622e+000
  5.4196e+001
  2.7488e+002
  8.7679e+000
  7.4895e+001
  1.7425e+001
  8.1618e+001
  6.0461e+001
  2.7532e+000
  5.5255e+001
  1.6177e+002
  3.2635e+002
  2.0352e+002
  9.6904e+001
  9.1176e+001
  1.7184e+001
  4.8674e+001
  1.1821e+002
  1.2553e+002
  1.0529e+002
  1.5381e+002
  3.4405e+001
  2.6986e+002
  1.4992e+002
  1.7682e+001
  4.1896e-002
  9.9784e-001
  1.3534e+002
  9.6037e+000
  3.0166e+001
  4.0300e+001
  3.5235e+000
  1.3320e+002
  3.5875e+001
  1.7451e+002
  9.1854e+000
  4.0268e+000
  1.2702e+002
  2.4261e+002
  1.3027e+001
  1.1922e+001
  1.6949e+000
  9.4479e-001
  1.4633e+002
  4.1597e+001
  1.6691e+001
  2.3722e+001
  4.2210e+000
  2.8968e+001
  3.9055e+000
  1.7781e+001
  4.0585e+002
  9.2666e+001
  5.6996e+001
  1.9205e+001
  2.3371e+001
  5.6273e+002
  5.8618e+001
  1.0030e+002
  3.6222e+000
  1.0286e+002
  1.7946e+002
  1.9948e+002
  1.2422e+002
  1.5248e+002
  5.2759e+001
  1.5867e+002
  3.5287e+000
  5.8759e+000
  1.4847e+002
  1.2301e+000
  9.4989e+001
  8.4094e+001
  4.3682e+001
  2.0395e+001
  8.8261e+000
  3.8799e+002
  2.8963e-001
  6.8289e+001
  7.6330e+000
  1.6766e+001
  4.3958e+001
  6.4204e+000
  1.4269e+002
  1.0328e+000
  1.1000e+000
  8.9376e+001
  5.6484e+001
  4.5024e+001
  5.5649e+000
  2.2388e+002
  7.5905e+001
  2.9570e+002
  1.1841e+002
  5.1372e+000
  3.7651e+002
  1.1075e+002
  4.2807e+001
  3.1636e+000
  6.0696e+002
  2.9595e+001
  1.8815e+002
  4.2412e+000
  4.6253e+000
  2.9980e+000
  2.0869e+002
  5.7694e+000
  1.1783e+000
  3.0091e+002
  1.1928e+002
  2.3179e+002
  1.6713e+002
  9.4334e+001
  9.2416e+001
  1.8721e+002
  5.5324e+001
  1.1039e+001
  1.0819e+001
  1.3149e+001
  1.2907e+002
  3.7963e+000
  1.8150e+002
  6.8075e+002
  1.5499e+001
  1.9544e+002
  2.2962e+002
  3.6327e+000
  5.8510e+001
  1.3307e+002
  2.8922e+001
  5.1775e+000
  1.4232e+002
  4.3557e+000
  1.7634e+002
  1.2227e+000
  5.6215e+001
  7.9431e+001
  2.6634e+002
  8.0956e+001
  1.5688e+002
  2.6136e+001
  1.1386e+002
  2.9479e+001
  2.3898e+002
  4.8028e+002
  3.3234e+001
  5.2559e+001
  1.4751e+001
  3.4645e+002
  2.9152e+000
  1.7645e+001
  4.7895e+002
  4.9287e+001
  3.5805e+001
  1.1031e+002
  3.6903e+002
  1.2757e+000
  7.3220e+001
  6.4564e+000
  1.6263e+001
  1.5905e+001
  5.2297e+001
  1.2318e+002
  3.9270e+002
  6.9562e+001
  2.2788e+002
  1.9582e+002
  1.0607e+002
  3.1323e+000
  9.9784e+001
  5.1844e+002
  3.0874e+002
  1.1255e+002
  2.7154e+002
  4.0508e+001
  2.5347e+001
  2.6342e+001
  2.7989e-001
  6.3284e+001
  1.3532e+002
  3.6274e+001
  5.4166e+001
  2.2656e+001
  1.4095e+002
  3.6390e+001
  2.4333e-001
  1.4038e+002
  3.2323e+002
  7.0538e+001
  1.0323e+001
  1.3264e+002
  8.7030e+000
  2.0132e+001
  1.7216e+001
  2.7250e+002
  4.2297e+001
  6.3073e+000
  1.1757e+002
  1.0855e+002
  1.4377e+001
  1.0502e+001
  8.3709e+001
  3.1565e+002
  1.3633e+002
  2.9303e+000
  1.4522e+002
  7.4337e+001
  6.7147e+000
  1.0077e+002
  6.4321e-001
  3.6970e+002
  9.0809e+001
  1.1999e+000
  5.9710e+001
  2.9736e+000
  7.4085e+000
  2.4758e+002
  4.9266e+000
  2.5623e+001
  1.1891e+002
  8.4663e+000
  1.0142e+001
  1.9705e+000
  9.0401e-001
  2.2608e+001
  1.8648e+001
  1.4569e+002
  5.5471e+001
  4.4430e+001
  1.9526e+001
  3.9009e-002
  7.4808e+001
  8.6683e+001
  3.3146e+002
  1.3743e+002
  8.5997e+000
  1.0652e+001
  1.4767e+001
  1.7364e+001
  6.9324e+000
  3.3082e+002
  1.6063e+001
  2.4238e+001
  5.0730e+000
  1.3717e+002
  1.9872e+001
  4.9390e+002
  6.7793e+001
  8.6749e+000
  2.7744e+001
  1.9189e+002
  3.6198e+001
  1.8633e+002
  2.4236e+001
  6.5325e+000
  2.8882e+001
  5.0455e+001
  3.5910e+002
  1.7956e+002
  1.8339e+000
  3.0539e+001
  6.6816e+001
  2.3074e+002
  3.6434e+002
  1.1953e+002
  5.3027e+002
  1.7073e+001
  2.3970e+000
  5.7102e+001
  4.5156e+000
  4.0152e+001
  7.1986e+001
  8.9845e+000
  4.8413e-001
  8.8201e-001
  2.9822e+002
  4.5988e+001
  1.6113e+001
  3.8910e+001
  1.7220e+001
  1.3224e+002
  7.0289e+001
  1.4163e+002
  1.0248e+001
  7.1013e+001
  3.1345e+001
  3.1662e+001
  5.6043e+001
  1.8313e+001
  5.3593e+001
  1.0311e+002
  1.2489e+002
  3.7725e+000
  7.0492e+001
  4.5146e-002
  3.0672e+000
  1.2481e+002
  1.1229e+000
  2.2229e+002
  3.3125e+001
  6.3066e+001
  1.0718e+001
  1.1311e+002
  2.3486e+002
  2.1679e+001
  1.4461e+002
  9.0980e-001
  1.0181e+002
  4.6191e+001
  4.9261e+001
  5.9819e+001
  2.1641e+002

