   0.7083
   2.1912
   1.0178
   0.7894
   0.3720
   1.2785
   1.3197
   0.9198
   0.8882
   1.6353
   1.3562
   0.5761
   0.8853
   0.6406
   1.3842
   0.5039
   1.0721
   1.0413
   0.5840
   0.4448
   0.9412
   1.2470
   0.7620
   0.6178
   0.7960
   0.7068
   0.9070
   0.4204
   1.3577
   0.5154
   2.0334
   0.7464
   0.4862
   0.5510
   0.6706
   0.4503
   0.5052
   1.1243
   0.6111
   1.3142
   0.9860
   0.4647
   0.6311
   2.5696
   1.6737
   0.3108
   0.8676
   0.7462
   0.9133
   0.6187
   1.2045
   0.9884
   0.7679
   1.0622
   0.7547
   0.9796
   0.2969
   0.3194
   0.9954
   1.3461
   0.2841
   1.7722
   2.0557
   1.4076
   0.4873
   0.8274
   0.8573
   2.8904
   0.4755
   0.3426
   2.4255
   2.3289
   1.2353
   1.3742
   1.0050
   0.3189
   1.7873
   0.7066
   0.6416
   0.9294
   0.8136
   1.0888
   0.8192
   0.6659
   0.7854
   0.5534
   0.8264
   1.1270
   0.7895
   0.5453
   0.8108
   0.5565
   0.8416
   0.6017
   1.1051
   1.2482
   0.8291
   1.2441
   1.8081
   1.5188
   0.7439
   1.5331
   1.5136
   1.3691
   0.3011
   0.9491
   0.9465
   1.7407
   1.3936
   0.5950
   0.3540
   0.6574
   0.6698
   0.6721
   0.6054
   1.2467
   0.6030
   1.1027
   0.7277
   1.0267
   0.4652
   0.6608
   0.9900
   0.3059
   0.3488
   1.1511
   1.0266
   0.9232
   0.7367
   0.6651
   0.6071
   0.8855
   0.8847
   0.3745
   2.2997
   1.1829
   0.5412
   1.0632
   1.4900
   0.6645
   0.4774
   0.7457
   0.4357
   0.3739
   0.5791
   2.6559
   1.4890
   2.0501
   0.9549
   0.5675
   0.5976
   0.2683
   2.0783
   0.4869
   1.1026
   0.9978
   0.6203
   1.7969
   0.8937
   0.5173
   1.3906
   0.7537
   1.6300
   0.4524
   2.2046
   0.3900
   1.8243
   0.6344
   0.4380
   0.5503
   2.9756
   0.7926
   1.2337
   1.2415
   0.9949
   0.4899
   1.0216
   1.4576
   0.6734
   1.3773
   0.2823
   2.2045
   1.6429
   0.3646
   0.8524
   0.4789
   0.4451
   0.4587
   1.2163
   0.8499
   0.7946
   0.6584
   1.6393
   0.9169
   0.4770
   0.4590
   0.7229
   0.8016
   1.2327
   1.1328
   0.3637
   1.6047
   1.8599
   0.8830
   1.3305
   1.3927
   0.6348
   1.0587
   0.6708
   0.4473
   1.4375
   1.6029
   0.7080
   0.8594
   1.4499
   1.1359
   2.2654
   0.7697
   0.8193
   0.4098
   0.6908
   1.0668
   1.2026
   1.9905
   0.5031
   2.3106
   1.0413
   0.4467
   1.7606
   0.5079
   0.3832
   0.4213
   0.6633
   1.1186
   0.4296
   1.7823
   2.4539
   0.9531
   0.8571
   0.3365
   1.1233
   0.4846
   0.6107
   1.2241
   0.8636
   1.2817
   1.1286
   0.6266
   1.5225
   1.0047
   2.3708
   0.4867
   1.1508
   1.0853
   2.0293
   0.5857
   0.5448
   1.9544
   0.6458
   1.3811
   0.7791
   1.1984
   0.5504
   0.5617
   3.7718
   0.3209
   0.9923
   3.4921
   0.6669
   1.2952
   0.7721
   0.4194
   0.5974
   0.5001
   0.7467
   0.8943
   0.3863
   1.9051
   2.9017
   0.8708
   1.7415
   0.6088
   0.2338
   0.8843
   0.3921
   0.3193
   1.4174
   0.6324
   0.4834
   0.4157
   1.7951
   1.1478
   0.4896
   1.4100
   1.3973
   0.4668
   0.5570
   0.8023
   0.2660
   0.3900
   0.8052
   0.2215
   0.4640
   1.4447
   0.5143
   0.3606
   0.3707
   0.8877
   0.6164
   1.3903
   0.5408
   1.0898
   1.9055
   0.1847
   0.5797
   0.8940
   0.5813
   1.9026
   0.4719
   0.8089
   0.8663
   0.6440
   0.2459
   1.4725
   0.8219
   0.7437
   0.3298
   0.6951
   2.0790
   1.0282
   1.3709
   1.2925
   1.1097
   1.5730
   0.8435
   0.3195
   0.3300
   1.0635
   1.5630
   0.4930
   0.6265
   1.3227
   0.6704
   0.8476
   0.9671
   0.5695
   0.5895
   0.5820
   0.1520
   1.4485
   1.6108
   0.9950
   2.0256
   1.1358
   1.4262
   0.7743
   0.8817
   1.5565
   0.6598
   1.6270
   0.9646
   0.8262
   1.0815
   0.6845
   0.7354
   1.4329
   0.8966
   1.0717
   1.1056
   0.4016
   0.6975
   1.1556
   1.9423
   0.8761
   0.6301
   0.6408
   0.7858
   0.7641
   2.9339
   1.3646
   1.3178
   1.0968
   1.5393
   1.4019
   0.8674
   1.4770
   1.9063
   0.6800
   0.7570
   2.0694
   1.0066
   0.6350
   1.6047
   1.0566
   0.9073
   1.7248
   0.6368
   0.8788
   0.6961
   0.6132
   1.0976
   1.0396
   0.9755
   1.2131
   0.5076
   0.5980
   0.3029
   1.2974
   0.7808
   0.9295
   1.8791
   0.5367
   0.3295
   1.6808
   1.8075
   0.7927
   1.4560
   0.4171
   1.7340
   1.3325
   0.5701
   1.1901
   2.0251
   0.4179
   0.8415
   0.4257
   1.1892
   1.4620
   1.7317
   0.7929
   0.6472
   0.8568
   0.1292
   0.4216
   0.9288
   0.9849
   0.5491
   1.0202
   1.4223
   2.9295
   0.5002
   1.6516
   1.0218
   1.2436
   0.6705
   1.2067
   3.0046
   0.7744
   1.4284
   0.6795
   1.0502
   0.4793
   2.3066
   1.5699
   1.5412
   1.0279
   0.5823
   1.2196
   0.8150
   0.4288
   1.3061
   0.8840
   0.7722
   0.6037
   0.5649
   0.7660
   0.9693
   0.8192
   1.9476
   2.3597
   1.6760
   0.3329
   0.5337
   0.7026
   1.2939
   0.6478
   0.5181
   0.1899
   0.8387
   0.6502
   0.5678
   0.4787
   0.6483
   0.9453
   0.5366
   1.7494
   0.7333
   0.4662
   1.6380
   0.9214
   1.9045
   1.1810
   0.6185
   2.0657
   1.2841
   0.6954
   0.7120
   1.2376
   0.6249
   1.2494

