  4.9338e+001
  1.1515e+002
  4.8389e+001
  2.2163e+002
  1.1730e+001
  3.8199e+001
  7.4715e+001
  2.1910e+001
  4.4326e+000
  2.1325e+002
  1.6299e+001
  3.2259e+001
  8.3359e+001
  4.1337e+001
  2.9442e+001
  4.6096e+002
  6.7798e+001
  1.1006e+002
  9.8377e+001
  4.5664e+001
  5.2504e+000
  2.0775e+002
  2.2168e+002
  3.0094e+002
  1.2851e+001
  4.4309e+001
  2.7333e+001
  5.1788e+001
  1.1764e+002
  2.6729e+002
  2.1065e+000
  2.9744e+001
  4.6525e+002
  1.4945e+002
  4.4661e+001
  1.2181e+002
  2.9802e+002
  5.4113e-001
  6.6997e+001
  2.0110e+001
  7.1953e+001
  1.1425e+002
  1.5605e+002
  1.4647e+001
  5.9369e+001
  7.5739e+000
  1.0057e+002
  1.1756e+002
  1.4975e+002
  1.1328e+002
  8.7505e+000
  2.0402e+002
  6.6208e-001
  2.3983e+002
  1.1563e+001
  8.2376e+000
  2.1086e+002
  2.9101e+001
  8.9325e+001
  1.8635e+002
  1.4357e+001
  4.7448e+001
  5.0735e+001
  8.3396e+001
  2.4258e+002
  8.5089e+000
  1.5404e+002
  6.9103e+000
  1.6795e+002
  4.9196e+000
  2.4831e+001
  2.7982e+002
  1.3315e+001
  4.3800e+002
  3.6324e+002
  1.0650e+002
  4.5116e+001
  1.1872e+002
  3.0507e+002
  1.8342e+002
  1.8996e+000
  1.2060e+001
  5.1377e+001
  4.1725e+002
  2.3097e+002
  7.1463e+001
  1.2816e+002
  3.2832e+001
  1.5028e+002
  5.4677e+001
  3.5626e+001
  3.1035e+001
  5.6852e+001
  6.1408e+001
  1.3918e+001
  3.3894e+000
  7.1121e+000
  1.6629e+001
  1.0270e+002
  6.1355e+001
  8.4830e+000
  6.6053e+001
  4.9540e+000
  4.6255e+000
  7.6586e+001
  3.0052e+002
  5.8124e+000
  1.2102e+000
  2.1206e+001
  9.5036e+001
  1.4494e+002
  2.7498e+001
  1.3755e+000
  4.8712e+001
  3.4221e+002
  3.3904e+001
  1.9487e+001
  7.5475e+000
  1.0544e+001
  9.6757e-001
  8.8003e+001
  1.1970e+000
  9.4984e+001
  2.8800e+001
  1.6679e+002
  2.3712e+002
  3.0883e+001
  1.5079e+001
  7.9199e+000
  3.2208e+002
  1.0679e+001
  9.8665e+001
  1.9223e+002
  5.6150e+001
  8.7818e+001
  4.6615e+001
  1.2758e+002
  6.5974e+000
  3.6186e+000
  4.6969e+002
  4.0173e+002
  1.1157e+000
  8.0627e+001
  2.3106e+002
  1.1446e+001
  5.5422e+001
  7.5720e+001
  6.2620e+002
  2.1220e+002
  7.8087e+000
  7.7825e+000
  4.5902e+001
  1.8571e+002
  5.1066e+001
  5.3309e+001
  9.4876e+000
  8.7854e-001
  2.4237e+002
  1.8352e+002
  2.4836e+002
  6.2466e+000
  4.5446e+001
  2.6218e+002
  1.8724e+002
  2.5624e+001
  4.8955e+002
  3.1496e+000
  2.3323e+001
  6.0268e+001
  1.0825e+002
  3.1913e+002
  2.6672e+001
  9.4539e+001
  1.1542e+000
  3.9622e+001
  1.3510e+001
  2.7525e+002
  1.0694e+001
  2.9831e+001
  1.4605e+002
  2.6932e+001
  2.9055e+002
  1.1229e+002
  1.7985e+002
  1.9944e+001
  2.0511e+002
  3.5372e+000
  1.8138e+000
  1.8217e+002
  1.2978e+001
  6.7218e+001
  1.7414e+001
  6.4387e+001
  6.7480e+001
  2.9771e+001
  2.8697e+002
  9.2349e+001
  3.1005e+002
  4.4449e+001
  4.1665e+001
  6.8741e+001
  1.1649e+001
  4.8348e+002
  2.6886e+002
  2.4258e+002
  2.8441e+001
  4.3624e+001
  2.7214e+000
  8.1586e+000
  1.5577e+000
  1.7392e+002
  2.3435e+001
  1.5145e+002
  1.0025e+002
  2.2131e+002
  1.2744e+001
  1.6608e+001
  1.8138e+000
  2.8179e+000
  1.0537e+002
  8.6284e+001
  1.0357e+001
  7.1820e+001
  1.4417e+002
  1.2323e+001
  1.2965e+002
  1.0787e+002
  6.3981e+001
  6.4410e+001
  2.0128e+001
  1.6939e+002
  3.1029e+001
  6.5284e+000
  9.0582e+001
  9.8870e+000
  4.4349e+000
  1.6224e+002
  3.2823e+000
  1.1448e+002
  5.3137e+001
  3.6733e+001
  4.6083e+000
  2.0722e+002
  1.6537e+002
  6.7488e+001
  9.6542e+001
  9.4326e+001
  1.8953e+001
  9.7199e+000
  1.1002e+002
  2.8335e+000
  1.6348e+002
  2.7439e+001
  1.8159e+002
  1.0122e+002
  3.4402e+001
  2.0584e+002
  2.5417e+000
  1.1370e+001
  1.2816e+002
  1.5091e+001
  4.6373e+001
  1.3957e+000
  6.2498e+001
  4.2288e+001
  1.6176e+001
  2.7210e+002
  2.8220e+002
  5.7604e+001
  1.2067e+002
  1.7790e+000
  1.1461e+002
  6.3303e+001
  2.6201e+002
  6.3975e+001
  1.2224e+001
  3.2070e+000
  3.9832e+001
  5.4003e+001
  1.3039e+002
  2.2012e+000
  8.9264e+000
  1.8854e+001
  2.7058e+000
  7.9406e+001
  3.7279e+001
  2.1963e+001
  4.6200e+001
  2.7316e+000
  5.9393e+000
  2.2828e+000
  2.5745e+001
  1.2485e+000
  4.6357e+001
  6.5605e+000
  1.0889e+002
  3.6130e+002
  6.7534e+001
  1.5206e+001
  3.8043e+001
  8.9744e+001
  1.6201e+001
  1.2818e+002
  4.1775e+002
  3.2661e+002
  4.2666e-001
  1.0639e+001
  1.9086e+002
  2.2643e+002
  2.0640e+002
  8.6977e+000
  2.2185e+001
  7.4526e+001
  3.8021e+001
  2.5552e+002
  1.9354e+002
  3.6100e+001
  1.2206e+001
  9.7816e+001
  1.6746e+001
  5.3151e+002
  2.3081e+002
  2.4593e+002
  6.3227e+000
  1.3062e+002
  4.1489e-001
  1.3599e+002
  7.9791e+000
  2.8790e+002
  2.8413e+000
  7.9295e+001
  3.8835e+002
  2.3779e+001
  3.3792e+001
  3.1031e+001
  1.8755e+002
  5.0103e+000
  1.6119e+002
  4.4652e+001
  1.8694e+002
  4.9941e+001
  1.3668e+002
  3.8106e+002
  7.6499e+001
  7.2037e+001
  5.7399e+001
  3.8807e+002
  8.2561e+000
  2.4791e+002
  2.5588e+001
  1.0035e+002
  3.3897e+001
  4.1370e+000
  3.8953e+001
  4.9545e+001
  8.0851e+000
  1.3837e+002
  1.0583e+002
  1.9970e+002
  4.2514e+002
  7.8334e-001
  5.5031e+001
  2.4345e+000
  9.8425e+000
  7.0876e+001
  8.2091e+001
  1.3587e+002
  1.1744e+002
  1.1207e+002
  8.7308e+000
  1.8541e+002
  3.4333e+001
  1.5267e+002
  1.2174e+002
  1.3231e+002
  1.2623e+002
  5.9906e+001
  1.6563e+002
  7.5094e+000
  1.3354e+000
  6.5282e+001
  3.4583e+002
  5.6032e+001
  6.7302e-001
  5.5560e+002
  1.9488e+001
  2.3723e+001
  3.9864e+001
  3.7022e+002
  2.4465e+002
  7.3477e+001
  2.1086e+000
  1.1218e+000
  1.6695e+001
  2.4278e+001
  3.0714e+002
  2.2281e+002
  4.1785e+000
  1.6797e+002
  1.5296e+002
  4.5274e+000
  5.6897e+000
  3.1026e+001
  2.8723e+001
  1.8962e+001
  7.9266e-001
  1.4671e+001
  9.4261e+001
  2.5636e+002
  5.8442e+000
  1.2222e+001
  4.9755e+001
  3.5790e+002
  4.1821e+001
  5.9821e+001
  1.7799e+002
  1.9362e+002
  5.5173e+001
  3.2029e+001
  8.1954e+001
  3.7103e+000
  7.4086e+001
  1.4980e+001
  2.2899e+001
  1.4079e+002
  1.1339e+001
  2.1957e+001
  1.2171e+002
  2.9162e+001
  1.0745e+001
  5.4261e+001
  1.5395e+002
  1.1985e+002
  8.9316e+001
  3.8415e+001
  2.0699e+002
  9.8483e+001
  1.0716e+001
  9.0950e+001
  5.7718e+000
  4.2962e+001
  2.2298e+000
  4.8899e+001
  5.2244e+001
  6.8856e+001
  1.2305e+002
  3.2459e+002
  1.0963e+002
  2.1962e+002
  3.3127e+000
  1.3813e+002
  1.5140e+002
  6.0261e+000
  3.6039e+002
  2.6683e+000
  6.5381e+001
  2.6803e+002
  8.6341e+000
  8.5058e+001
  1.9443e+002
  3.4335e+002
  4.4710e+001
  2.7851e+001
  1.1059e+001
  2.3049e+000
  9.6581e+001
  6.1521e+002
  3.6231e+001
  4.5008e+002
  9.2942e+001
  3.8122e+002
  7.9851e+001
  1.6766e+001
  5.2371e+001
  1.6997e+002
  1.1935e+002
  1.4882e+001
  1.3220e+002
  1.9124e+002
  4.6903e+001
  8.1131e+001
  1.8832e+002
  8.1420e-001
  1.1792e+002
  8.1659e+001
  1.8849e+001
  9.3355e-001
  2.4513e+001
  6.7007e+001
  6.3110e+001
  5.3355e+001
  8.7543e+001
  8.7880e+001
  1.3905e+002
  6.8653e+001
  3.4569e+002
  4.5867e+000
  1.8548e+002
  2.5070e+002
  1.4246e+001

