   0.8116
   0.6157
   1.4485
   0.8742
   0.4769
   1.3168
   1.6247
   0.4038
   0.8297
   0.1909
   0.7223
   2.3831
   1.1153
   1.0621
   1.6995
   1.3494
   1.4006
   0.7485
   1.2401
   1.1556
   0.1817
   0.4241
   0.8317
   0.4291
   0.9357
   1.0258
   1.8901
   1.2689
   0.7722
   1.4762
   1.0975
   0.2342
   1.9399
   0.3538
   0.9778
   2.9703
   1.6817
   1.9485
   0.9714
   0.4807
   0.8257
   0.4811
   0.4294
   0.6319
   2.4223
   1.5885
   1.3467
   0.2933
   0.5428
   0.6754
   0.6450
   1.2275
   0.4159
   0.8650
   1.9308
   0.7224
   1.2804
   0.4865
   0.9619
   0.9362
   0.3575
   1.1422
   0.8890
   0.8482
   0.6735
   0.3213
   0.6149
   0.9092
   1.0492
   1.5159
   0.5223
   0.2234
   0.7199
   1.2378
   0.5485
   1.2297
   0.7037
   0.4899
   2.6417
   3.0877
   0.4380
   0.7582
   1.1858
   1.8583
   1.4159
   0.7891
   2.0355
   0.4549
   0.5857
   0.7397
   0.5905
   1.5939
   0.4368
   0.4928
   0.3680
   1.7478
   0.7314
   0.3636
   0.7059
   1.1663
   1.2154
   1.1049
   0.5118
   0.5829
   2.1098
   0.4905
   0.7266
   0.4239
   1.5518
   0.9294
   1.0891
   0.4546
   0.6376
   1.6746
   1.5428
   2.5429
   3.1701
   0.2819
   0.4392
   1.5860
   0.3966
   1.0769
   2.0550
   0.9028
   2.3107
   1.4419
   2.4827
   1.0288
   1.4885
   0.6659
   0.7878
   0.8287
   0.8934
   0.4527
   0.9791
   1.1960
   1.3919
   0.4782
   0.8605
   1.3133
   1.5117
   0.6963
   0.7337
   0.7603
   0.3929
   0.7561
   0.7160
   3.4745
   0.7999
   0.7169
   0.7754
   0.3280
   0.8567
   1.3480
   0.4911
   0.6341
   1.0024
   0.6247
   0.8369
   0.8867
   0.9579
   1.1644
   1.1200
   1.2270
   1.6596
   0.8149
   0.9050
   0.8854
   0.3303
   0.4105
   1.8381
   0.5102
   0.6801
   1.6864
   0.2335
   0.9233
   0.7303
   0.5293
   0.7077
   1.3020
   0.8725
   0.6819
   2.8043
   0.9048
   0.3493
   0.8695
   0.7443
   1.1202
   0.9609
   1.3205
   0.6265
   2.9567
   1.9266
   0.3323
   1.2431
   0.5952
   0.4796
   1.1648
   0.4487
   2.0264
   1.5900
   0.6146
   1.4915
   0.5762
   2.3477
   1.4424
   0.6378
   1.7666
   0.7560
   0.3674
   0.7223
   2.1803
   0.8356
   1.2830
   0.5721
   0.4163
   0.1159
   0.5895
   0.6798
   1.7379
   0.7014
   0.2610
   0.4013
   1.0053
   1.0982
   0.3361
   0.9475
   0.9697
   0.8140
   2.4992
   0.8849
   0.7962
   0.3755
   1.0149
   1.2216
   0.5461
   0.9709
   0.6252
   0.9182
   1.0098
   1.1287
   0.7146
   0.9926
   0.5301
   1.4029
   0.4892
   0.5045
   1.5554
   3.5652
   0.5513
   2.8303
   1.3548
   1.3010
   0.6893
   0.5088
   0.3915
   0.5053
   0.6930
   0.5544
   0.4052
   1.4827
   0.5075
   0.9118
   1.2118
   0.7026
   0.4072
   0.3015
   0.4730
   0.8645
   0.4683
   0.7006
   0.6966
   0.9442
   0.9289
   0.4345
   0.5280
   1.1936
   0.4022
   0.8401
   0.5825
   0.9608
   0.1634
   1.3458
   0.6201
   0.3579
   0.4486
   1.0630
   0.4507
   0.1476
   0.3160
   0.8168
   0.7638
   0.2251
   0.8769
   0.0811
   1.8255
   0.2029
   0.3648
   0.5919
   3.5173
   0.8762
   0.5655
   0.8832
   1.4353
   0.8763
   1.4696
   0.7078
   0.6566
   0.8424
   0.4630
   1.4607
   1.5199
   1.2689
   0.7593
   1.3009
   0.5384
   0.6314
   0.7851
   0.8095
   1.2081
   1.6698
   0.3975
   1.1562
   1.5255
   2.4604
   0.7650
   1.6142
   3.5156
   0.3696
   0.2849
   1.4358
   0.7482
   0.4681
   1.2097
   1.2763
   0.8838
   1.1614
   1.0808
   1.2150
   0.5630
   2.4147
   1.1239
   1.1813
   2.7497
   1.4840
   0.3396
   1.7444
   1.0102
   0.9016
   0.4113
   1.3222
   0.6801
   1.0296
   0.5440
   2.5015
   0.6530
   0.7274
   1.3101
   1.7604
   0.4823
   0.6361
   1.2165
   0.7833
   0.6208
   0.9386
   1.0704
   2.2191
   2.2441
   0.6999
   0.4151
   1.0266
   0.6752
   1.6264
   0.8646
   0.4851
   1.3693
   1.0883
   0.8418
   0.9173
   0.9530
   0.5196
   2.9757
   0.7354
   0.4837
   1.4197
   1.4940
   0.2886
   0.6292
   0.5277
   1.0673
   1.1298
   0.7336
   1.2083
   0.8803
   1.2176
   2.7759
   1.7929
   1.3037
   0.9496
   1.0755
   1.1578
   0.8034
   0.6257
   0.7738
   0.8836
   1.1676
   0.5829
   0.4763
   0.7136
   0.7894
   0.3556
   0.4685
   0.6108
   1.2832
   1.1951
   0.6678
   1.8192
   0.4824
   1.1401
   0.5592
   0.9522
   2.6058
   0.2409
   0.8558
   0.4685
   0.4700
   0.3008
   0.9326
   0.7318
   0.7660
   0.8805
   1.0433
   0.4786
   1.1199
   0.9269
   0.7290
   1.6388
   0.2784
   2.0256
   0.4442
   0.5156
   0.9147
   1.3504
   0.7596
   0.5446
   1.0426
   0.8486
   0.4727
   0.9883
   0.3274
   1.0806
   1.0951
   0.4851
   0.2352
   0.6995
   1.0455
   0.6250
   1.2298
   0.7227
   0.6758
   1.8573
   0.8388
   1.9278
   3.2830
   1.9242
   1.1958
   0.9755
   0.4616
   0.8426
   0.6814
   1.1830
   1.1358
   0.8124
   0.4957
   0.9572
   1.6534
   0.4549
   0.5441
   0.7796
   2.8711
   0.6262
   0.8564
   1.2905
   0.7056
   1.1698
   0.7514
   1.3709
   0.2876
   1.4323
   1.0147
   0.5015
   1.4182
   0.8471
   1.2543
   1.2401
   0.5828
   1.0439
   0.8921
   0.7088
   0.6965
   0.4899
   1.4204
   1.0488
   0.8850
   0.5792
   0.8789
   1.1257
   0.8827
   1.1887
   0.7939
   0.9331
   2.2946
   0.3536
   0.3565
   0.6967
   1.1134
   0.8315
   0.9898
   0.5290
   0.5035
   0.4899
   0.5735
   1.3920
   0.9439
   0.6752
   1.0645
   1.2943
   0.5507
   1.8860
   1.3895
   0.2172
   1.2362
   0.6511
   0.3679
   1.1582
   1.1701
   0.9062
   0.4083
   0.5420
   0.4779
   0.5845
   2.4290
   0.8527
   0.8751
   1.5837
   1.1386
   1.1477
   1.4752
   1.0056
   0.6855
   1.2128
   0.8193
   0.9229
   0.6466
   0.4138
   1.4778
   0.8444
   0.4925
   1.6520
   1.3613
   0.8245
   1.1787
   0.9878
   0.8651
   0.5432
   1.0282
   0.7081
   2.1904
   1.3848
   1.5598
   0.1473
   1.8183
   1.2550
   0.5652
   2.3435
   1.9862
   0.9033
   0.4060
   0.8706
   0.8022
   0.6014
   0.5315
   1.0487
   0.9748
   0.6918
   0.2896
   1.8653
   1.0810
   1.0417
   1.6033
   2.0716
   1.0065
   0.8867
   0.7407
   0.4024
   0.9606
   0.9854
   1.0803
   0.5427
   1.6175
   0.8398
   0.5351
   1.1803
   0.1624
   0.2200
   0.3512
   0.3966
   0.6501
   1.7155
   0.5155
   0.5861
   0.8080
   1.1664
   0.6845
   0.5626
   1.2960
   0.6697
   1.1180
   0.7767
   0.5486
   1.1446
   0.5000
   1.2731
   3.3029
   0.4226
   0.8527
   0.5143
   0.4800
   1.6121
   0.8645
   1.1032
   1.0115
   1.6839
   0.7810
   1.1055
   0.2983
   1.1301
   0.2771
   4.0686
   0.5244
   0.5455
   0.6723
   0.8093
   1.0119
   0.7406
   0.7419
   1.5271
   0.7829
   0.8793
   2.2706
   0.2920
   0.6901
   1.0718
   0.5932
   0.3194
   0.7760
   1.3268
   0.6174
   0.8642
   0.7827
   0.6504
   0.5803
   1.0663
   0.5738
   0.6364
   1.3987
   1.9904
   1.0485
   1.0246
   2.5147
   0.8983
   0.8966
   2.1911
   1.0861
   0.4042
   0.8315
   0.3541
   1.0493
   0.7112
   1.0838
   3.4512
   2.1043
   0.9528
   1.0284
   1.3974
   1.2345
   0.3941
   0.1810
   2.5344
   0.6967
   0.9907
   1.1333
   0.7209
   2.1807
   0.7453
   1.9460
   2.0574
   0.6472
   1.3070
   0.6575
   0.6894
   0.6059
   1.3289
   0.8520
   0.4495
   1.3110
   0.1954
   1.0853
   0.5976
   0.5792
   0.4943
   1.0561
   1.0615
   0.6335
   1.0247
   0.8911
   0.9019
   0.5560
   0.3474
   1.3153
   1.4904
   0.6973
   0.6498
   0.1449
   1.5223
   0.6123
   1.0631
   0.9817
   0.4853
   0.3354
   1.2251
   0.3149
   0.4035
   1.0035
   0.7940
   0.7826
   0.7506
   1.0800
   1.0424
   1.8035
   0.6660
   0.3011
   1.8866
   0.8449
   0.5831
   1.1618
   0.6265
   0.5696
   0.8485
   1.2533
   0.7175
   2.1069
   0.4332
   0.5135
   0.5697
   1.4701
   2.7153
   0.7522
   0.3505
   1.5859
   0.9532
   0.8967
   0.4443
   1.1448
   0.8929
   0.6803
   1.0372
   0.6856
   1.5569
   1.4277
   0.8063
   0.4032
   0.7136
   0.4161
   0.7670
   0.6420
   0.3198
   1.3286
   0.8064
   0.8948
   0.5307
   0.7900
   0.6703
   0.9050
   1.8322
   0.4096
   0.4417
   0.7440
   1.5502
   0.9199
   0.5975
   2.0391
   1.2498
   0.9435
   1.5091
   1.3071
   0.5952
   1.9935
   0.6613
   0.5859
   1.3897
   3.0150
   0.9753
   0.8987
   0.9458
   0.6390
   1.1520
   1.8847
   0.7542
   0.3437
   2.2489
   0.5283
   0.4449
   0.6553
   0.7209
   2.1918
   0.8438
   0.8429
   0.9275
   0.8962
   1.0918
   0.3078
   2.5625
   1.1765
   2.8856
   0.7725
   0.4574
   1.3751
   0.4590
   0.2323
   1.9884
   0.9852
   1.0285
   0.8665
   1.1385
   1.3380
   0.6111
   0.5542
   0.7056
   1.2930
   0.3882
   0.7857
   1.0324
   0.6722
   0.7454
   0.7494
   0.2507
   0.8849
   1.2153
   0.4257
   1.3459
   0.8192
   1.3151
   1.1358
   2.0666
   1.3978
   1.7063
   1.1159
   1.7606
   0.8928
   0.5959
   1.0961
   0.6592
   1.4755
   0.4725
   0.7385
   0.8503
   1.1351
   0.2490
   1.9327
   0.6291
   0.9820
   1.3067
   1.1958
   0.9861
   1.0247
   0.7640
   0.9383
   0.6759
   1.0600
   0.4199
   0.9675
   0.4946
   0.5896
   1.2289
   0.8752
   0.6655
   2.1925
   1.2655
   1.0208
   1.5651
   0.4682
   0.6958
   0.5418
   2.2691
   0.6512
   1.6022
   0.6362
   1.1080
   0.7607
   0.5154
   0.7743
   0.6193
   0.5962
   0.5941
   0.7738
   0.6872
   0.8899
   1.3902
   0.5413
   0.9223
   2.1885
   0.4452
   0.8944
   0.4895
   0.6484
   2.1958
   1.0164
   0.4611
   0.9352
   0.5559
   0.4620
   1.2704
   1.1234
   1.0057
   2.5393
   0.2351
   0.4982
   0.8873
   0.6276
   1.0227
   0.4474
   0.4350
   0.8032
   1.1808
   2.6512
   0.6484
   0.8431
   0.9583
   2.4762
   0.6921
   0.6607
   1.2791
   1.0060
   1.7164
   0.7056
   0.3983
   0.7989
   0.6960
   0.8188
   1.2088
   0.6234
   2.2014
   0.7596
   1.0239
   2.1148
   1.0374
   1.1630
   0.9097
   4.1728
   0.2951
   0.4482
   0.8228
   2.0161
   0.7064
   0.9963
   1.2843
   2.8817
   0.6595
   1.4202
   0.9919
   0.2579
   1.0116
   1.0977
   0.9500
   1.8132
   0.6938
   0.7688
   1.3010
   2.3533
   0.1850
   1.5634
   2.2934
   0.5609
   0.4933
   0.8771
   0.2341
   0.8117
   2.0440
   0.5417
   0.9768
   0.5010
   0.7502
   1.4766
   1.7386
   1.9270
   0.5870
   0.8021
   1.1515
   0.9011

