    0.2185
    0.5121
    0.1587
    0.4497
    0.0417
    0.1609
    0.3251
    0.2214
    0.4954
    1.1344
    0.0920
    0.7226
    0.0416
    0.4056
    0.4292
    0.3229
    1.0404
    1.1199
    0.3705
    1.1703
    0.0247
    0.3344
    0.2490
    2.5611
    0.2612
    0.6705
    0.0288
    0.0512
    4.9984
    0.0004
    0.2727
    0.1233
    1.1401
    1.0735
    0.3772
    1.2786
    0.3050
    1.2392
    0.7435
    4.5819
    1.5185
    0.2063
    0.3070
    0.4142
    0.0527
    1.6888
    0.0102
    0.3722
    0.0920
    0.6926
    0.0359
    0.1432
    0.0076
    2.5892
    1.1573
    0.0504
    0.6044
    5.2178
    2.5228
    3.5799
    0.0890
    0.5739
    0.0992
    0.2177
    0.2258
    1.9666
    1.3037
    0.0967
    0.2767
    1.1471
    0.2029
    0.0780
    0.0254
    0.4620
    0.7593
    0.1441
    0.0797
    0.0149
    0.1643
    0.9742
    0.5345
    0.5059
    0.8392
    0.2017
    2.1036
    0.7630
    0.8913
    2.6773
    3.3547
    0.8518
    0.2124
    0.0876
    0.5146
    4.2045
    1.0963
    0.6290
    0.1549
    0.1266
    0.5864
    0.0271
    0.3026
    0.0739
    0.1779
    0.0241
    1.3854
    0.2527
    0.4742
    0.0612
    0.0047
    0.4454
    1.9981
    0.5608
    0.9232
    0.1917
    0.0543
    4.3216
    2.1580
    0.8692
    0.0646
    2.7215
    3.0085
    0.4312
    0.7746
    0.0125
    0.1033
    0.3606
    0.1944
    1.4900
    0.2857
    3.0544
    0.0481
    2.1683
    0.9756
    0.0011
    1.0642
    5.8979
    0.1217
    0.7875
    0.0263
    0.9105
    0.5746
    2.5953
    0.7617
    0.3463
    0.9516
    0.1232
    0.4833
    0.8068
    7.2969
    0.3302
    0.1157
    0.0438
    0.0499
    0.7549
    0.2604
    0.0179
    6.6676
    0.0232
    0.1954
    0.5283
    0.2813
    1.0656
    2.4647
    3.3204
    0.0469
    1.4455
    0.0354
    0.2234
    0.0197
    0.2224
    0.2952
    0.2137
    0.0520
    1.0632
    0.0733
    0.9894
    0.0387
    0.9180
    4.6741
    0.3551
    0.1266
    8.4657
    1.4321
    0.4554
    1.1413
    0.2043
    7.3277
    0.3032
    0.4961
    0.2839
    0.0886
    0.6067
    0.7050
    0.7924
    2.1266
    0.6603
    0.1009
    0.0727
    6.1923
    0.9324
    0.1249
    0.4224
    0.4496
    0.0927
    2.8382
    0.0481
    2.6138
    0.0662
    2.9795
    0.1649
    1.1542
    2.2935
    0.0376
    3.0612
    0.7994
    0.4477
    0.2092
    1.4670
    0.1864
    0.1437
    0.3265
    0.7975
    0.2247
    0.8095
    0.4246
    0.0126
    0.6333
    3.5959
    6.5900
    0.3747
    2.2714
    0.1551
    1.5604
    0.4815
    0.1062
    0.1902
    0.2663
    0.3746
    0.3581
    0.1926
    1.0636
    0.6281
    0.1603
    0.2025
    0.6733
    0.9433
    1.5006
    0.1001
    0.0133
    0.0700
    0.2583
    2.0196
    1.0742
    0.2651
    0.7779
    2.1418
    0.3114
    0.3500
    0.5986
    0.0389
    0.2756
    0.3022
    0.9523
    0.5434
    0.6591
    0.3022
    0.1212
    0.0310
    0.5263
    0.0589
    0.7223
    0.0256
    0.1105
    0.6381
    0.5391
    0.7261
    0.2130
    0.1329
    1.1487
    6.6415
    0.2716
    0.4053
    4.5230
    3.8258
    3.4989
    0.0507
    0.3335
    0.3132
    0.7110
    0.5516
    1.3051
    0.3605
    3.8878
    0.2679
    4.0462
    0.3409
    0.0103
    1.7928
    0.4522
    0.1252
    0.6669
    0.0321
    0.0403
    0.2061
    2.3160
    0.1976
    0.4365
    2.1718
    0.6686
    0.1390
    0.0882
    0.4035
    0.8891
    0.3763
    0.1580
    2.8812
    0.7543
    0.3542
    0.2131
    5.1588
    2.6532
    0.0054
    0.9131
    2.4276
    1.3260
    0.0068
    6.1092
    2.0103
    0.3583
    0.0049
    2.4787
    5.5244
    3.5754
    1.2298
    0.3414
    3.8742
    5.6950
    0.1601
    0.2973
    0.3122
    1.0796
    0.2027
    2.3660
    0.2280
    5.9292
    0.7850
    0.3698
    0.4739
    0.1996
    0.3265
    0.2511
    3.9320
    0.1778
    0.4112
    0.5057
    0.1845
    0.0032
    0.0080
    2.6972
    0.2399
    0.1898
    1.4893
    0.5369
    0.3082
    0.7679
    0.5896
    0.2105
    0.6703
    0.0728
    0.5743
    0.1062
    0.4836
    0.1508
    0.3364
    0.1938
    2.2467
    0.0500
    0.1410
    0.1396
    0.4670
    0.0930
    0.1365
    0.6681
    0.7874
    0.0696
    0.8094
    0.1403
    0.6446
    0.0436
    0.3647
    0.0040
    0.0319
    0.2420
    0.4459
    0.3131
    0.0262
    0.6078
    0.0558
    2.1023
    0.5936
    0.0096
    0.8374
    0.5059
    0.1437
    4.4314
    0.1618
    0.2314
    0.1114
    2.5360
    0.1014
    0.1674
    0.8889
    0.3436
    5.6564
    1.2236
    0.1825
    0.0520
    0.0849
    0.6597
    0.8973
    0.2992
    1.3090
    0.1355
    0.6847
    0.1199
    1.1518
    0.3081
    0.1173
    8.6412
    0.6570
    4.5994
    0.1924
    0.3781
    0.0580
    0.1216
    0.0587
    0.1141
    0.2350
    0.2399
    0.0577
    2.0978
    0.1765
    0.2303
    0.5099
    0.2017
    0.0146
    0.0139
    0.0902
    6.6074
    0.9035
    0.1421
    0.0009
    0.4919
    1.7042
    0.4474
    0.0237
    0.5561
    0.0998
    1.6514
    0.0665
    6.3106
    0.2338
    1.5011
    0.0721
    0.2061
    4.0515
    0.2072
    0.1090
    0.0760
    0.0949
    3.5181
    2.8133
    0.0872
    0.7363
    0.0949
    0.3372
    0.5244
    0.2793
    0.2347
    0.1777
    0.8913
    0.7364
    0.1204
    0.0018
    0.0481
    0.2075
    0.1243
    0.2608
    0.2463
    0.4866
    5.1794
    0.6257
    0.0947
    0.4448
    0.1944
    0.7880
    0.4035
    2.2927
    0.1851
    5.0743
    0.6778
    2.0229
    0.1790
    1.5823
    3.9656
    0.1945
    1.6321
    0.7417
    0.6755
    0.4640
    1.0144
    2.4224
    1.4186
    1.4531
    0.6392
    0.6078
    0.8563
    0.7947
    0.1745
    0.0843
    1.6214
    0.1053
    0.2385
    0.1364
    0.0062
    0.0482
    0.4394
    0.5061
    0.1190
    2.3739
    4.0937
    0.8774
    0.1809
    0.1112
    0.0532
    0.1986
    5.3699
    0.6133
    1.5712
    0.1022
    0.1866
    2.0114
    1.8815
    0.7257
    0.1100
    2.5750
    0.5472
    1.6380
    0.0840
    2.9385
    0.4428
    0.2439
    0.1919
    2.0887
    1.1254
    0.0055
    0.0200
    0.1489
    2.2043
    2.7120
    0.4439
    0.0447
    0.1690
    0.6461
    0.6855
    0.4642
    0.3034
    0.0643
    0.0223
    0.3583
    5.8957
    8.5408
    0.1711
    3.6424
    0.3840
    1.1431
    7.9730
    0.6808
    0.7549
    0.7482
    0.7423
    0.0351
    2.9095
    4.5333
    0.4612
    0.2598
    0.5561
    0.1727
    0.3714
    0.9997
    0.9970
    0.3265
    5.9359
    0.3392
    1.7593
    0.0403
    0.2059
    0.3747
    0.7121
    0.1245
    0.3750
    0.5206
    0.8748
    0.9384
    0.0492
    1.9594
    0.4288
    0.4326
    3.1472
    0.5222
    0.0829
    0.4473
    0.0052
    0.0180
    0.5413
    2.1716
    0.0641
    0.6648
    0.9922
    1.6037
    1.5489
    1.6360
    0.0418
    0.5158
    0.0942
    0.9008
    0.5268
    0.3521
    2.0914
    0.6244
    5.8155
    0.0386
    0.2240
    0.0500
    0.1656
    1.4960
    0.3550
    0.4894
    0.5264
    2.8188
    0.0683
    0.3572
    0.1039
    0.2652
    0.6370
    0.1721
    0.1259
    1.6934
    0.1214
    0.1945
    0.1693
    0.2693
    0.2604
    0.4268
    0.4347
    0.0794
    0.3077
    0.3918
    0.4541
    0.1135
    1.2903
    5.6589
    1.2226
    0.0642
    0.3599
    0.3830
    0.4637
    0.0419
    0.1144
    0.7931
    2.7374
    1.1032
    0.0496
    0.2720
    0.1848
    1.0098
    0.0950
    0.6670
    0.1142
    0.6474
    0.8812
    3.3304
    0.6855
    0.2808
    4.5557
    0.1286
    0.4269
    0.0837
    1.1450
    0.0936
    0.2295
    1.0889
    0.0784
    0.1104
    0.0820
    0.6867
    4.9884
    0.5153
    1.0822
    2.8503
    0.4832
    2.2786
    0.2323
    0.5983
    0.7632
    0.3315
    0.0852
    2.0613
    5.9455
    0.0998
    0.2715
    0.0470
    4.7996
    0.1201
    0.1733
    1.8212
    0.1477
    0.1750
    1.0783
    0.2243
    0.3080
    0.0220
    0.2637
    0.5594
    0.0870
    0.1030
    0.2919
    2.2635
    0.3821
    0.2696
    0.1585
    0.1155
    0.5084
    0.2944
    4.3798
    0.1666
    0.2161
    0.5983
    0.0371
    0.1398
    3.6004
    0.0578
    7.9960
    0.7521
   10.7603
    0.4850
    0.5740
    0.0806
    0.0726
    0.5244
    5.0822
    0.2286
    0.0765
    5.8167
    0.6147
    3.6440
    0.3562
    0.2083
    3.3458
    0.9486
    0.0721
    0.1176
    2.3429
    0.8068
    0.2521
    0.1127
    4.4271
    0.1122
    1.2390
    0.0217
    0.4028
    0.5256
    2.1130
    0.0220
    1.4812
    0.1646
    0.0779
    0.0184
    0.2041
    0.2456
    0.3036
    0.2300
    0.7954
    0.4361
    2.1293
    5.0010
    0.9674
    0.0345
    0.2476
    0.5421
    0.0042
    0.4871
    0.0459
    0.2376
    0.1904
    0.3667
    1.7540
    0.7535
    0.0866
    2.4503
    0.3170
    0.6130
    0.0427
    0.5010
    0.1516
    3.6953
    3.2947
    0.3165
    0.1019
    1.9131
    0.0636
    0.0458
    0.0399
    8.4112
    0.1945
    0.7683
    0.5586
    0.0060
    0.2289
    0.2505
    0.2739
    1.1183
    0.0778
    0.5343
    0.2152
    1.5337
    0.0196
    0.6078
    0.1453
    1.0069
    0.5904
    1.1092
    0.0859
    0.0512
    1.2942
    3.8632
    0.2036
    1.3868
    0.1013
    0.2483
    0.0683
    1.1535
    0.3504
    0.0746
    0.3859
    2.6655
    4.8112
    0.2982
    5.8733
    0.2640
    0.1480
    0.6549
    0.3509
    4.7089
    2.2389
    4.4525
    0.6444
    0.4436
    0.2554
    0.2332
    0.9300
    1.4033
    0.9095
    0.4857
    1.5803
    0.8632
    0.3575
    0.0565
    0.4375
    1.1105
    0.1431
    2.7036
    0.0722
    0.1938
    0.1784
    1.8312
    8.2626
    0.5343
    0.0111
    0.2003
    0.2841
    4.2777
    0.3072
    0.2270
    0.8448
    0.6577
    1.4870
    0.3449
    0.1759
    5.4491
    6.5110
    0.4226
    0.0953
    0.2147
    1.5913
    1.1575
    0.2722
    0.0693
    0.8108
    0.1883
    0.2687
    0.0966
    0.3023
    0.0186
    4.8527
    0.4497
    0.3302
    0.0561
    5.2614
    0.0349
    6.4217
    0.5984
    0.8228
    0.0817
    0.6730
    0.2803
    0.0207
    1.7319
    0.2068
    1.9965
    0.2379
    0.0955
    0.1509
    0.1595
    3.5158
    0.0343
    0.1207
    0.1252
    1.0863
    1.4194
    0.0360
    0.2510
    0.3628
    6.2704
    2.4980
    3.4839
    0.0472
    0.2459
    0.0623
    0.7033
    0.2676
    0.6351
    0.2029
    0.0087
    4.0122
    0.2752
    0.2595
    0.2157
    6.4075
    0.0356
    0.4580
    0.1422
    0.2103
    0.8029
    0.1021
    0.3877
    0.0139
    2.1894
    0.0117
    0.7406
    0.1083
    0.1724
    0.1649
    0.0185
    0.5134
    0.0653
    0.6650
    0.7149
    0.1578
    7.6305
    0.2125
    0.3907
    0.0227
    0.2985
    0.3015
    0.2535
    0.0386
    0.3956
    0.1536
    0.9149
    0.2537
    1.1423
    6.2263
    1.8720
    0.0541
    1.1703
    0.0125
    0.0376
    0.0440
    0.0628
    0.8926
    0.3299
    0.0333
    2.7407
    0.2638
    3.4714
    0.6055
    1.2850
    1.9127
    0.2040

