   2.2353
   1.2021
   0.9605
   1.2293
   0.5688
   0.8890
   1.0795
   1.1906
   1.0730
   0.7203
   0.7108
   1.5504
   1.6074
   0.6112
   0.9812
   0.4689
   1.1118
   0.7388
   0.4261
   0.6353
   1.0155
   0.9108
   0.8288
   0.5721
   0.2943
   0.9100
   0.8991
   1.9891
   0.3609
   0.4442
   0.4962
   0.3816
   0.1576
   2.0892
   0.8584
   2.6565
   0.7291
   0.5063
   1.2522
   0.6585
   2.7504
   0.6055
   0.6124
   0.8889
   0.9832
   0.3823
   1.3576
   0.8589
   0.7966
   1.7886
   0.2565
   0.4077
   2.0332
   0.9755
   0.4077
   2.0709
   1.0474
   0.8123
   1.1923
   1.3300
   1.3437
   0.9209
   0.6788
   0.3619
   0.7136
   0.7393
   0.8692
   0.9433
   0.3001
   0.6061
   0.7978
   0.6946
   1.7452
   0.3025
   0.7581
   0.8420
   3.0786
   0.6104
   0.8573
   0.7632
   1.3837
   0.8140
   0.6994
   0.2341
   0.7586
   2.8127
   2.5307
   1.1033
   0.9823
   0.8198
   0.3135
   1.7072
   0.9398
   0.9463
   1.0738
   0.6010
   0.4368
   0.9637
   1.2419
   1.5417
   0.8954
   2.0331
   0.6616
   0.7958
   0.7999
   0.6077
   1.3128
   0.3200
   0.8751
   1.0405
   0.5973
   0.1952
   0.9709
   1.6228
   0.3634
   0.5345
   0.5492
   0.4986
   0.7591
   1.4352
   2.1787
   0.9528
   0.5688
   0.7546
   0.4377
   0.6725
   1.2683
   0.8744
   1.2406
   1.2048
   1.1991
   0.8922
   0.7332
   0.7361
   0.4648
   0.7146
   0.6878
   0.4912
   1.4054
   1.8938
   1.3876
   0.5477
   1.4694
   0.9643
   0.4335
   2.6563
   0.1647
   0.3481
   1.2185
   1.1792
   1.0415
   0.7569
   0.7731
   0.5224
   0.8867
   1.2730
   1.6570
   0.5511
   0.6733
   0.4531
   0.7807
   1.1736
   0.4401
   0.4330
   0.3850
   1.2081
   0.3944
   1.1871
   0.6195
   0.6289
   1.2545
   0.4569
   0.5334
   1.4581
   1.3167
   0.2214
   0.4805
   0.4832
   1.0134
   0.3548
   0.6525
   2.3263
   1.1166
   1.5919
   0.7934
   1.2352
   0.5424
   0.7470
   0.6543
   1.9887
   1.2845
   0.5451
   0.6023
   0.6037
   0.5793
   2.3772
   0.2021
   0.3775
   0.9174
   0.3725
   0.3979
   0.6497
   1.6667
   1.0421
   1.1698
   1.0647
   0.8402
   0.5889
   0.1977
   0.5889
   0.6587
   0.5564
   0.5782
   0.6003
   0.8251
   0.7163
   0.7796
   0.7203
   0.2903
   0.6913
   0.3271
   0.7960
   0.3490
   0.6460
   0.5711
   1.0101
   1.1418
   1.3374
   1.1126
   1.5509
   0.5403
   1.1992
   0.5691
   1.0572
   0.6291
   0.6432
   0.3822
   1.3583
   2.1484
   0.8796
   0.9401
   0.2447
   3.2296
   0.4025
   1.5693
   1.7661
   0.7314
   0.4346
   0.5832
   1.9443
   0.5532
   0.5367
   1.0717
   1.1421
   1.6712
   1.1234
   1.4414
   0.4132
   0.4501
   0.5164
   1.8642
   0.8201
   1.1551
   1.1623
   1.0480
   0.7221
   1.0585
   0.4211
   0.3212
   1.7507
   1.6280
   0.3315
   0.2561
   0.6414
   0.4208
   0.4548
   0.2230
   0.8601
   1.3757
   0.4573
   0.7186
   0.3463
   1.1287
   1.1464
   0.9685
   0.3660
   0.7148
   3.1495
   0.3213
   0.8247
   0.1936
   0.8165
   0.5691
   0.6572
   0.5660
   2.2862
   2.3093
   0.9459
   0.7188
   1.4356
   0.4160
   0.9185
   0.7615
   0.4050
   1.0159
   1.8438
   1.0196
   1.5693
   0.7254
   0.7166
   0.4337
   0.9350
   0.6572
   0.3706
   1.2127
   1.4011
   1.6701
   0.8101
   2.2183
   1.3568
   0.7914
   1.0137
   0.4894
   0.9127
   2.1272
   1.3273
   3.3433
   1.3719
   0.6597
   1.1090
   0.3092
   0.3965
   1.2737
   0.4989
   1.4189
   0.5887
   2.4200
   0.3399
   0.6874
   0.5264
   1.6001
   2.2854
   2.4001
   2.9593
   2.0251
   0.3273
   0.6470
   0.3583
   0.6616
   0.7431
   0.4560
   0.2537
   0.8375
   0.5753
   1.8659
   0.8051
   0.9888
   1.0010
   1.6249
   1.9373
   1.7358
   0.7921
   0.7473
   1.8012
   1.8560
   1.2976
   1.4368
   1.2683
   0.1879
   1.4758
   1.3921
   0.4870
   0.6549
   0.9390
   1.9376
   0.8995
   1.5519
   1.2475
   1.3714
   0.9265
   0.8280
   0.9941
   0.8449
   0.7382
   0.5365
   0.2920
   1.2938
   1.9015
   2.0197
   0.8143
   0.8729
   1.1772
   0.8300
   1.1597
   0.7705
   0.8586
   0.4997
   0.7876
   0.4995
   1.7579
   1.3220
   0.6867
   0.7610
   1.4358
   0.3586
   1.0517
   0.4444
   1.0803
   2.2717
   0.9745
   1.3904
   0.2322
   0.4564
   0.8257
   2.6282
   0.3283
   0.7106
   0.7521
   0.6135
   1.8423
   2.5856
   1.5993
   0.3139
   0.6772
   1.8053
   1.2036
   3.1031
   0.1641
   0.7870
   1.7997
   0.4651
   0.2425
   0.5822
   0.9500
   0.6213
   0.9735
   1.2417
   0.9299
   0.4483
   0.4423
   0.7695
   1.2833
   1.4556
   0.2292
   1.1745
   0.3856
   2.2971
   1.2131
   0.5596
   0.3324
   1.1299
   0.6915
   0.7321
   1.6472
   0.3892
   0.8928
   1.8135
   2.5407
   0.7171
   1.4025
   1.0020
   0.6612
   0.5759
   1.4297
   4.0739
   0.7906
   0.8801
   1.4710
   2.5825
   0.3398
   1.0659
   0.8124
   0.3271
   0.6760
   0.1990
   0.5098
   0.5445
   0.4896
   1.2159
   0.7693
   1.7156
   1.8771
   1.3502
   0.9637
   0.4233
   0.9736
   0.7818
   0.5504
   0.3537
   0.8417
   1.4937
   1.1043
   1.4642
   1.6169
   0.7685
   0.5169
   1.4235
   1.7733
   2.1574
   0.4978
   0.8308
   0.7301
   1.1526
   1.1753
   1.6731
   1.5598
   1.2571
   0.4894
   1.2110
   0.7535
   1.3042
   2.1185
   1.1599
   0.7327
   0.4215
   0.3507
   0.7137
   0.7603
   0.8842
   1.4033
   0.9074
   0.6709
   0.3936
   1.5429
   0.3691
   2.0477
   0.9945
   0.6901
   1.2184
   1.6790
   0.1478
   1.5557
   1.7648
   0.3478
   1.3962
   1.1338
   1.3776
   1.5863
   1.1457
   0.7617
   0.5976
   0.5817
   0.9765
   1.0936
   0.2577
   0.8564
   0.4141
   1.6149
   0.2841
   0.9659
   0.6959
   1.2319
   0.6398
   1.8659
   1.1057
   0.2746
   0.2896
   1.1582
   0.6975
   1.7036
   1.4731
   0.5605
   0.6999
   0.7519
   0.4488
   0.5401
   1.6367
   1.0336
   3.4432
   0.2577
   1.7285
   1.0410
   0.8198
   0.5068
   1.1515
   3.4573
   1.7762
   0.4558
   0.5059
   0.5805
   0.6089
   1.9558
   0.7540
   1.7873
   0.7334
   0.4136
   1.2438
   2.8022
   2.4932
   0.9452
   0.6455
   1.0360
   1.4265
   1.3453
   0.4884
   2.1944
   1.3429
   0.7753
   1.8213
   1.4422
   2.4536
   0.6533
   0.8869
   1.9546
   2.2743
   1.7530
   0.7890
   1.7887
   0.6831
   1.3582
   1.1217
   0.7776
   0.4660
   0.8947
   0.4456
   0.9883
   1.9195
   0.4797
   1.2375
   0.6456
   2.1358
   0.5462
   1.6635
   0.8105
   0.4531
   3.4815
   1.2571
   0.4069
   0.1496
   0.3937
   0.7542
   0.5497
   0.7600
   0.4152
   0.5542
   1.2812
   1.1710
   0.2015
   1.2703
   0.9869
   2.3331
   1.7342
   0.8674
   0.7822
   0.6329
   1.6775
   0.4530
   0.4363
   0.6136
   0.4489
   0.4772
   0.6179
   0.9865
   1.6112
   0.6202
   0.8345
   1.1269
   1.3320
   0.9141
   0.2669
   0.7972
   0.3313
   1.6138
   1.2499
   0.7772
   0.6989
   1.1623
   1.0265
   1.1537
   0.5796
   0.3346
   0.3421
   0.4204
   3.0200
   0.7430
   1.4667
   0.5779
   1.0555
   1.6585
   0.3804
   1.5528
   1.7491
   0.8076
   0.7006
   0.6453
   1.9643
   0.4863
   2.7154
   0.6365
   0.4690
   1.1046
   1.0947
   0.4289
   0.5479
   0.7303
   2.1345
   1.6833
   0.7764
   1.1735
   0.5087
   1.0970
   0.4530
   0.7190
   0.3005
   0.8978
   0.9187
   1.2208
   0.5177
   0.1870
   0.5655
   1.6796
   0.8103
   1.0939
   0.2848
   2.4026
   0.7423
   0.6394
   0.7539
   1.2303
   0.3331
   0.6419
   0.8737
   3.2960
   0.7857
   1.0593
   0.7615
   1.2655
   1.4908
   1.1024
   1.1260
   0.6165
   0.8313
   2.9459
   0.7622
   0.9181
   1.2145
   0.7249
   0.6682
   1.9788
   1.2203
   0.4261
   0.3890
   0.5943
   1.0385
   0.0935
   1.0324
   0.7375
   0.5478
   1.2491
   1.3683
   0.5936
   0.6975
   0.8149
   0.4042
   0.6446
   3.9108
   1.7317
   0.4413
   0.4665
   0.7228
   0.4597
   1.5384
   0.7665
   1.1327
   0.6421
   1.6694
   0.9863
   2.4320
   2.8845
   1.8008
   0.5098
   0.8070
   0.8516
   0.4030
   1.1954
   1.3809
   1.0537
   0.8292
   0.2945
   0.6774
   0.7166
   2.0655
   0.4977
   1.8337
   2.3345
   0.5330
   0.6470
   0.5046
   1.1555
   1.1266
   0.5366
   0.9736
   1.2074
   0.5823
   0.4644
   1.5162
   1.5717
   1.7503
   2.4614
   1.3867
   0.3585
   1.6200
   1.0061
   1.1329
   1.3093
   1.9610
   1.9754
   1.1638
   0.9104
   1.4304
   0.6151
   1.4315
   0.4987
   0.8043
   0.6380
   0.6047
   0.8627
   0.8977
   0.9611
   0.8150
   1.0003
   0.9848
   1.5146
   1.2642
   1.3940
   0.4244
   0.4192
   0.2165
   0.5522
   1.1977
   1.3079
   1.5476
   0.7556
   2.0130
   1.0109
   1.1221
   0.9094
   0.4545
   0.6447
   1.6161
   0.5034
   1.1653
   1.5021
   1.1808
   0.5735
   1.0476
   0.4948
   1.4500
   0.5991
   0.5275
   1.5704
   1.0260
   0.2486
   1.1974
   0.8949
   0.5889
   2.5844
   0.3311
   3.4540
   1.2150
   0.7959
   0.7494
   0.5864
   2.6023
   0.6833
   0.2013
   1.2996
   1.1037
   0.8708
   2.1411
   0.4234
   1.3130
   0.6811
   0.3156
   0.4235
   0.3887
   0.8442
   0.5574
   0.9286
   1.3207
   1.8296
   0.8779
   0.4433
   0.7117
   0.5795
   0.4044
   0.9944
   1.5926
   0.8414
   1.1595
   0.8136
   1.0199
   0.5741
   1.3018
   0.2638
   1.2342
   0.9982
   0.8403
   0.5130
   0.5714
   1.7094
   0.2942
   1.0355
   0.3276
   0.5664
   0.5450
   0.7772
   0.5542
   1.2282
   0.3508
   1.0689
   0.5445
   0.9719
   0.4362
   1.2863
   0.7593
   1.0737
   1.1773
   0.6843
   0.7164
   1.2575
   0.6465
   0.7356
   0.5028
   0.8045
   0.4867
   0.6418
   0.7588
   0.7329
   0.3329
   3.0122
   0.7915
   0.5074
   0.7892
   1.4866
   0.4376
   0.4993
   0.8472
   0.4472
   0.9363
   0.6696
   0.7300
   0.6147
   0.9002
   0.6330
   0.4357
   1.0375
   1.3661
   0.5069
   0.8323
   0.9014
   1.2955
   0.4578
   0.9524
   0.5596
   1.3916
   0.3334
   0.9004
   0.9080
   1.9193
   1.9228
   0.2764
   1.1434
   0.5928
   0.4639
   0.3923
   0.2969
   0.4218
   0.5125
   1.7301
   2.2825
   1.2252
   0.9763
   0.2060
   1.5541
   1.0484
   0.4946
   0.1266
   0.5107
   1.1548
   0.8697
   1.2156
   0.2454
   0.6036
   0.6737
   0.7102
   3.0978
   0.9163
   1.1593
   0.9358
   2.1253
   1.6065
   0.6055
   1.1758
   0.5303
   1.0610
   0.4451
   1.7373
   0.8412
   0.3425

