   1.4276
   1.4706
   0.9740
   0.3594
   0.4341
   1.9789
   0.2031
   1.5057
   0.6328
   0.8653
   1.2053
   0.2653
   0.7851
   1.0024
   2.0418
   0.3191
   0.3678
   1.5602
   0.9638
   0.6334
   0.3839
   0.3034
   2.5501
   0.6352
   0.4031
   1.2196
   0.5916
   0.5250
   1.8597
   0.6111
   0.9113
   0.3767
   0.7302
   1.2279
   3.5652
   1.2083
   1.0553
   0.7895
   1.3832
   0.6482
   0.7931
   1.0921
   0.9201
   1.1064
   0.7464
   0.6774
   0.4088
   0.5012
   0.0554
   0.4815
   0.9678
   0.2578
   1.3374
   1.2697
   0.9879
   2.8755
   0.3712
   0.8840
   0.6225
   0.7030
   0.8985
   0.3623
   1.0252
   0.9931
   0.8559
   0.9183
   1.8919
   0.7625
   0.4130
   0.4355
   1.8213
   0.7203
   1.1993
   0.7264
   0.7054
   0.8032
   1.4856
   0.3398
   0.3969
   5.3355
   3.1531
   1.4259
   0.8746
   1.0135
   1.4923
   1.0802
   1.1746
   1.9620
   0.7404
   1.3748
   1.3812
   1.7766
   0.2755
   0.5642
   1.9579
   2.5671
   0.8342
   1.0551
   0.6324
   1.1406
   0.8810
   0.8492
   0.4594
   0.7707
   1.1545
   1.4358
   1.4091
   0.7091
   1.5128
   1.4964
   1.9960
   0.4594
   1.0615
   0.5191
   0.5477
   1.0304
   0.4166
   1.3459
   1.4294
   1.7765
   0.4924
   1.6964
   0.8440
   2.3494
   2.1552
   0.5974
   1.3716
   1.0505
   1.2027
   1.5531
   0.9856
   0.4723
   0.5538
   0.8965
   1.8249
   0.7830
   1.1262
   1.1426
   2.0152
   0.9118
   0.6817
   0.3749
   0.8073
   0.9995
   1.5008
   2.6722
   1.5212
   3.5187
   1.1679
   1.6948
   1.1271
   0.9434
   1.1743
   0.9108
   0.9433
   0.7228
   0.7745
   1.3330
   1.3622
   1.3430
   0.3746
   1.1446
   0.2411
   0.3300
   0.3423
   0.4257
   0.6756
   1.1878
   0.4016
   1.5304
   0.8946
   1.1056
   1.7260
   0.3251
   1.5980
   1.8973
   1.3874
   2.2865
   0.3966
   0.5917
   5.1764
   0.4911
   0.5215
   1.0822
   0.8960
   1.8105
   0.4466
   1.1915
   1.1168
   0.6633
   1.7090
   1.1573
   0.4564
   1.8493
   0.3356
   1.0477
   0.1843
   0.7183
   0.6586
   0.9857
   2.9511
   1.1556
   0.2738
   2.8428
   0.3251
   0.8241
   1.3017
   0.5499
   1.3884
   0.9116
   0.5201
   1.1201
   0.4477
   0.5938
   0.6556
   0.4977
   0.6238
   0.7541
   0.7611
   0.7413
   1.3039
   0.6099
   0.9239
   0.3271
   0.6896
   2.5977
   0.4659
   0.7768
   3.0640
   0.8775
   0.9364
   0.5729
   0.2467
   0.4900
   0.2967
   1.1976
   0.4846
   0.5733
   0.8338
   1.0045
   0.3113
   0.1856
   1.1497
   1.2694
   0.2959
   0.7131
   0.8431
   0.5742
   0.6704
   1.3066
   0.5963
   0.8975
   0.3974
   0.7682
   0.5793
   0.9211
   2.2631
   1.0702
   1.4062
   0.6285
   0.4502
   0.6412
   1.3403
   0.3965
   1.1972
   1.1251
   1.4339
   0.5150
   1.0288
   1.4087
   1.1819
   0.5468
   0.5356
   0.8316
   1.3238
   0.9864
   1.9395
   0.7967
   0.8524
   0.2331
   1.1136
   0.8869
   0.9968
   0.6353
   0.4999
   2.1225
   0.4717
   2.5255
   1.0263
   0.6573
   0.5289
   0.6045
   0.7871
   0.6309
   0.7278
   1.9575
   0.7085
   0.2356
   0.5244
   0.3686
   0.4155
   1.0005
   0.6250
   0.2556
   0.5291
   1.1155
   0.9260
   1.4407
   1.3104
   2.0821
   0.7876
   1.7493
   1.2084
   0.5942
   0.4867
   0.1888
   1.0840
   0.9422
   0.6106
   1.5557
   0.6036
   0.5035
   0.2731
   0.4524
   1.1347
   0.2054
   0.6126
   1.5303
   1.3556
   0.5778
   1.6922
   1.1613
   0.6775
   0.3034
   0.4833
   0.3251
   0.5462
   5.6956
   1.0967
   0.6179
   0.8640
   0.4857
   0.6482
   0.2629
   0.9111
   1.9633
   0.8130
   1.4942
   0.3724
   0.7269
   0.2975
   0.7070
   0.9502
   1.1501
   0.8432
   1.0024
   2.1846
   0.4271
   1.2494
   1.0543
   0.9607
   1.8506
   0.7494
   2.2630
   0.2512
   0.7280
   1.9881
   2.6010
   1.1448
   0.4613
   0.5692
   0.4794
   0.7412
   0.7984
   0.7518
   0.8628
   0.7002
   0.5479
   0.5811
   0.6568
   0.8217
   0.5104
   0.6889
   1.4204
   2.1716
   0.4037
   1.1290
   0.4548
   0.5411
   2.1761
   0.8620
   0.7934
   1.1605
   1.5328
   1.2650
   0.7486
   1.0487
   0.5604
   1.0946
   0.3948
   0.3656
   0.6852
   1.2433
   0.4424
   0.5803
   0.8383
   0.5736
   1.8136
   0.5342
   1.3488
   0.9761
   2.6016
   1.9355
   1.1142
   1.2937
   0.6265
   0.4479
   0.7765
   1.1182
   1.3410
   0.4322
   0.7444
   0.2335
   0.3733
   1.6925
   1.1849
   3.3309
   0.4064
   1.7236
   0.7085
   1.0842
   0.8251
   1.3716
   0.5990
   0.6501
   0.5331
   0.7091
   0.5676
   1.0054
   0.8175
   0.6970
   0.8143
   0.4382
   0.4783
   0.7637
   0.8806
   0.9573
   1.1460
   0.7890
   1.1417
   0.6894
   0.9113
   1.5284
   0.6816
   0.7475
   0.7865
   1.1881
   1.7400
   0.8195
   0.7048
   0.2709
   0.6861
   1.3659
   4.1154
   2.7445
   0.6562
   1.3540
   0.9145
   0.8407
   0.8399
   1.6214
   0.7179
   0.8132
   1.1428
   0.8883
   0.7664
   0.5742
   0.8729
   0.7131
   0.6902
   0.5155
   0.5953
   1.5828
   0.7922
   0.4412
   1.0310
   1.5314
   1.2150
   0.8101
   0.9821
   0.6072
   1.1391
   0.8197
   0.6094
   1.1438
   0.9041
   1.3237
   0.9621
   0.8406
   0.7058
   1.9866
   1.0404
   1.6056
   1.3515
   0.6393
   0.9263
   0.0878
   0.7147
   1.2207
   1.2576
   0.8069
   0.4829
   1.9418
   1.5305
   1.7493
   0.6761
   0.2805
   0.9105
   1.0027
   0.3686
   0.4560
   0.9630
   1.4506
   0.7928
   0.3153
   1.0297
   0.6857
   0.9570
   1.0856
   0.5366
   1.1127
   1.8572
   1.0277
   0.3312
   0.5094
   0.5562
   0.3529
   1.2540
   2.4582
   0.7637
   1.9083
   0.4142
   0.7128
   1.0566
   0.8835
   0.6561
   0.6554
   0.4163
   0.7956
   2.5342
   1.2635
   0.4554
   1.1155
   1.9890
   0.6487
   1.3033
   1.6489
   0.3664
   0.6582
   0.6392
   1.2064
   0.8377
   0.9523
   0.6039
   0.5273
   2.5043
   0.6930
   2.8643
   2.0725
   0.4803
   2.1847
   0.6056
   0.9565
   0.8615
   0.4413
   0.6827
   0.7244
   0.8936
   0.8248
   0.4966
   1.8902
   0.5022
   0.4839
   0.3747
   0.8368
   1.0666
   1.4316
   1.3569
   0.5795
   0.4054
   0.6700
   1.4549
   0.8805
   0.6134
   0.6888
   0.6899
   1.1063
   1.2627
   1.4539
   0.6226
   1.3090
   0.7233
   2.2740
   1.3213
   0.7410
   1.5388
   0.3306
   0.3977
   0.4589
   0.8745
   2.6524
   0.6682
   0.5282
   0.6123
   0.7414
   1.0723
   1.3483
   0.2346
   0.8167
   0.9713
   2.3727
   0.5910
   0.7944
   1.0679
   0.8161
   0.5440
   1.6332
   1.1495
   0.9335
   1.1555
   2.6245
   1.0184
   0.8210
   0.7406
   0.4816
   1.0359
   1.2290
   0.2614
   0.7955
   0.4561
   1.1418
   0.4708
   0.8263
   0.6088
   0.8729
   0.5478
   0.8255
   1.0077
   1.2217
   0.9343
   0.9375
   2.0969
   2.0860
   0.5079
   0.6116
   1.6842
   0.6590
   0.3913
   2.7358
   1.4063
   1.0372
   0.5565
   0.8339
   0.4434
   0.4451
   0.8225
   0.7932
   2.5704
   0.8464
   0.3759
   0.5760
   1.6862
   0.3962
   1.1234
   1.8854
   0.6575
   1.2350
   0.5310
   1.3067
   1.3345
   0.5829
   1.3463
   0.7333
   0.6593
   0.4478
   0.6561
   0.5566
   0.5773
   1.3489
   1.0880
   0.6290
   1.0142
   0.7943
   1.5215
   0.6397
   0.3260
   1.5525
   0.8826
   0.7649
   1.2627
   0.7691
   1.9859
   1.1672
   1.2956
   1.1153
   0.9403
   0.4231
   0.4504
   0.6663
   1.0294
   0.7797
   1.0183
   3.4407
   0.8671
   1.2803
   0.1319
   0.5002
   0.4646
   0.7691
   0.8957
   0.5062
   1.1255
   0.5496
   1.1754
   1.2817
   0.8583
   0.9550
   0.7868
   0.4151
   0.6185
   0.3724
   0.7836
   1.1856
   0.7089
   0.6004
   0.5521
   0.8086
   0.8265
   0.8155
   1.5361
   1.3872
   1.4192
   0.3946
   0.1439
   0.7521
   0.5170
   1.4096
   0.7401
   3.1155
   0.6676
   0.9613
   0.6546
   0.3095
   0.5782
   0.4464
   1.0359
   0.7971
   0.5519
   0.6953
   0.5715
   1.1759
   2.5690
   1.1943
   1.1191
   0.8680
   0.4564
   1.1723
   1.6572
   1.0447
   0.4367
   0.7643
   0.4940
   2.4738
   0.9042
   0.3665
   0.2696
   0.8979
   0.5188
   1.0862
   1.1699
   0.1960
   0.7714
   0.7790
   0.9300
   1.4295
   3.0841
   0.7005
   0.2123
   0.8223
   0.9756
   0.7236
   1.0898
   1.2879
   1.2327
   0.4140
   0.7844
   0.9517
   1.5792
   0.8948
   0.1598
   0.4383
   0.8148
   0.2605
   1.0852
   0.8637
   0.9216
   0.3869
   0.4497
   0.4221
   1.4397
   0.5445
   0.5012
   0.8629
   0.4649
   1.2944
   0.6507
   2.8302
   0.3246
   1.0864
   1.1347
   2.4728
   2.2377
   2.5259
   1.1692
   1.1393
   0.9196
   1.2320
   0.7250
   0.8819
   3.4730
   1.0042
   0.6750
   0.5390
   1.4295
   0.7012
   1.7613
   0.6762
   0.6550
   0.2632
   0.5594
   0.3275
   0.8257
   0.6402
   0.6942
   1.7443
   1.6843
   0.5481
   0.4175
   2.1756
   1.6190
   0.9158
   1.3913
   2.0278
   1.0677
   0.2232
   0.8075
   0.6030
   1.3153
   0.5824
   1.4810
   0.6403
   0.8920
   0.6886
   1.3033
   1.5465
   0.7857
   0.3055
   0.9639
   0.7779
   0.7065
   0.9484
   0.5792
   0.3997
   0.4698
   1.3421
   0.7306
   0.3956
   0.4721
   0.5562
   0.7519
   0.4325
   1.5272
   0.8793
   0.7720
   3.1146
   0.4191
   0.8044
   0.8373
   1.1735
   0.7381
   3.0139
   1.3933
   0.9416
   0.2950
   0.8689
   2.6971
   2.1135
   1.0209
   0.4012
   0.2886
   2.2626
   0.9648
   0.7877
   2.7723
   0.8227
   0.7983
   1.4280
   0.4691
   0.6487
   0.8290
   0.5673
   1.4231
   0.5319
   0.3779
   0.7353
   0.7681
   1.1330
   2.6653
   1.1227
   0.9190
   0.4832
   1.2290
   2.6817
   0.3394
   3.8469
   1.1083
   0.8079
   0.7555
   0.5432
   0.6412
   0.5379
   0.3949
   0.2706
   0.9938
   0.5594
   1.8101
   1.2234
   0.2911
   0.9457
   0.5096
   0.3395
   1.5708
   1.5481
   0.4827
   0.9229
   1.3760
   1.0010
   0.8284
   0.8238
   0.5308
   0.6062
   0.7294
   0.7656
   0.8425
   0.7463
   1.3381
   1.2837
   0.8828
   0.8853
   0.9462
   0.8457
   1.0694
   0.9139
   0.8788
   0.5534
   0.3065
   0.3862
   0.4743
   0.4301
   0.2424
   0.4994
   0.7344
   1.7520
   0.4896
   0.8463
   2.0358
   2.3503
   1.6461
   0.6526
   0.1203
   1.5394
   0.9663
   1.3621
   2.5410
   1.1034
   2.7216
   0.6788
   0.9720
   0.9535
   1.8731
   1.7994
   0.4756
   0.9576
   1.3205
   0.9875
   0.7237
   0.9191
   1.7910
   0.6431
   1.0347

