   1.2079
   1.2253
   0.4957
   0.4502
   1.6912
   0.6143
   0.3421
   1.0453
   0.2085
   1.2566
   1.7975
   0.9981
   0.8631
   1.7132
   0.6681
   1.0773
   1.3204
   1.3615
   1.6049
   0.6685
   1.0243
   0.3651
   0.3288
   0.5306
   0.4535
   0.4691
   0.4892
   0.8631
   0.3191
   1.0482
   1.2452
   0.9313
   2.0306
   0.9056
   0.8372
   1.2022
   0.4161
   0.8918
   0.7861
   0.1714
   0.2877
   0.7744
   0.8758
   2.1664
   1.0128
   0.7930
   0.6008
   0.5199
   0.9674
   0.7143
   0.6071
   1.4241
   1.3203
   0.6920
   0.6497
   0.3911
   0.6809
   1.2587
   1.4943
   0.4654
   0.8564
   0.4933
   0.5060
   0.3971
   0.6949
   1.4033
   1.9949
   0.9463
   0.8865
   0.7505
   1.1794
   1.3485
   1.1441
   1.6372
   0.9846
   0.3697
   1.2146
   0.8110
   1.3522
   0.2243
   3.4471
   0.6549
   0.6129
   0.5589
   1.0977
   0.9786
   0.4770
   1.4596
   1.1729
   0.4255
   0.3303
   1.9184
   0.0909
   0.8655
   0.8861
   0.6693
   0.9921
   1.3291
   0.6106
   1.4034
   1.1254
   0.2297
   1.7419
   2.2356
   1.6144
   1.4664
   0.8206
   0.9232
   1.0978
   0.8195
   3.7462
   1.2916
   2.1789
   0.8830
   3.2365
   2.1067
   0.6703
   0.6799
   1.0532
   0.5502
   1.2922
   0.7667
   0.6475
   0.5475
   0.2772
   0.6528
   1.9543
   0.7363
   0.5506
   0.8816
   0.7158
   1.1293
   0.9625
   1.1124
   0.6820
   0.4771
   0.5990
   0.2634
   1.2429
   0.6660
   0.5290
   1.1549
   1.5851
   0.7462
   0.4455
   0.7815
   0.8261
   0.6175
   0.3172
   1.7210
   0.7115
   0.5101
   1.0581
   2.1829
   0.3002
   0.9519
   3.2564
   1.1611
   2.0553
   0.7848
   1.2077
   1.4399
   0.3531
   1.2508
   1.1338
   0.2916
   1.3034
   1.6439
   1.8600
   0.8228
   1.7759
   1.0300
   0.9309
   0.2838
   1.4692
   0.2274
   1.6001
   1.1007
   2.8130
   1.2081
   0.9412
   0.1528
   0.9324
   1.5634
   0.9247
   2.2699
   1.0299
   1.0754
   0.1362
   0.7548
   1.7374
   1.3331
   0.9777
   0.5601
   0.9597
   0.8682
   0.3457
   0.7566
   0.9716
   1.0297
   0.6815
   0.9871
   0.8354
   0.7610
   1.3676
   1.0427
   0.6135
   1.1465
   1.0321
   1.9463
   0.6936
   0.9224
   0.6059
   0.4904
   0.8025
   0.8589
   0.8779
   0.4074
   0.3538
   0.3676
   2.2437
   0.7334
   0.4510
   0.5806
   1.0958
   1.2809
   0.9547
   0.5197
   3.3886
   1.9550
   0.4063
   0.9036
   0.4041
   1.3339
   0.4446
   0.6505
   0.2218
   1.4065
   3.1018
   1.2543
   0.9334
   1.1258
   1.0426
   1.2023
   0.3146
   1.1322
   0.2669
   0.3348
   0.7557
   1.8756
   0.6417
   0.8304
   0.4771
   0.7219
   0.9163
   1.8694
   1.4423
   1.6272
   2.2036
   0.7055
   0.5595
   1.1132
   0.8730
   0.1901
   1.3877
   0.2734
   0.2366
   0.3835
   1.1338
   0.1687
   0.1288
   0.9647
   0.6358
   1.2460
   0.7513
   0.5715
   0.7000
   0.9117
   0.8098
   0.5398
   1.9321
   1.0050
   0.8958
   0.7481
   1.8464
   0.7900
   1.3501
   1.3861
   0.8436
   0.8584
   1.2910
   0.8137
   1.1398
   0.9131
   2.0384
   0.7014
   1.1923
   1.4625
   1.0595
   1.3852
   0.6243
   1.1026
   0.6492
   0.6753
   0.7271
   1.5581
   0.8672
   1.1590
   0.6085
   0.4263
   1.1499
   0.2487
   0.7462
   0.8459
   2.1709
   0.9603
   1.7361
   0.8637
   0.8766
   0.8366
   1.0345
   0.4002
   0.2684
   0.3238
   0.5147
   1.1251
   1.1331
   1.7293
   0.9244
   1.0473
   1.2655
   1.0268
   0.7981
   3.0573
   0.8127
   0.6749
   1.4802
   1.9569
   0.5616
   0.3870
   0.6934
   2.4191
   0.4626
   0.8410
   0.4187
   0.6753
   2.3359
   0.6231
   0.6826
   1.6104
   1.7358
   0.5809
   1.5144
   1.7101
   1.7067
   0.2989
   2.0074
   0.9896
   0.7804
   0.6468
   0.4052
   0.1463
   0.6087
   0.6030
   1.5606
   0.0738
   0.5560
   1.0075
   0.4949
   1.1842
   0.9648
   1.2097
   0.7693
   0.7543
   0.4902
   0.6563
   0.4600
   0.3628
   1.1904
   0.5579
   1.0981
   0.7516
   0.9304
   0.8990
   0.5369
   1.2326
   1.0146
   0.3782
   1.6602
   1.1446
   0.9745
   0.5416
   1.2006
   2.6294
   1.0287
   1.0807
   0.6752
   1.6262
   0.7160
   1.2660
   0.8040
   0.4795
   1.4002
   1.3099
   1.7388
   2.3513
   0.3918
   1.0799
   0.4290
   1.0770
   0.8688
   0.3369
   0.4524
   1.2804
   1.7879
   0.9141
   0.5932
   0.8306
   1.5953
   1.2180
   1.2404
   1.0042
   1.2458
   0.4229
   1.0313
   0.8414
   0.8529
   0.8318
   1.4970
   2.1272
   0.3964
   0.3329
   0.6193
   1.0519
   1.5554
   0.4192
   0.8101
   0.6079
   1.7049
   1.4204
   0.4399
   0.9703
   0.5854
   0.1898
   0.7580
   0.3655
   1.0915
   1.6008
   1.1263
   1.6223
   1.0020
   0.5092
   0.8772
   2.3190
   1.3623
   2.2468
   0.4673
   1.5632
   0.5258
   0.6604
   3.0334
   0.6196
   0.8341
   1.6642
   0.7413
   0.7892
   1.0980
   0.3127
   1.5564
   1.4953
   0.5844
   1.0530
   0.5913
   0.4846
   0.9107
   1.2820
   1.5475
   0.3342
   0.6789
   0.4987
   2.2058
   1.6430
   1.6624
   1.0490
   0.5520
   1.4990
   0.4596
   0.9345
   0.4908
   0.8041
   0.8822
   1.2785
   0.4576
   1.1117
   0.5678
   1.4364
   1.1876
   0.7984
   1.2704
   0.5334
   0.5461
   2.2643
   0.6376
   0.4126
   0.6587
   1.1252
   0.7966
   1.0918
   0.6541
   0.7076
   1.2229
   1.8895
   1.0519
   1.1625
   0.4585
   0.5982
   2.0359
   1.7691
   0.6433
   0.8132
   2.2167
   0.9789
   1.4457
   1.1570
   0.9327
   2.0500
   0.4331
   1.0445
   0.7697
   1.1363
   0.8544
   0.7901
   0.5766
   0.9375
   1.3611
   0.7889
   1.6870
   0.5932
   4.5997
   0.7940
   1.0819
   1.5480
   0.6572
   1.0942
   0.8446
   0.9110
   0.4901
   1.4524
   0.4684
   0.5862
   0.8787
   0.8361
   0.6069
   0.8055
   0.5170
   0.6393
   0.3219
   0.2400
   0.5444
   0.6487
   0.5075
   0.3019
   0.6778
   0.8195
   2.3681
   1.2343
   0.6133
   0.4154
   0.3346
   0.9694
   1.1193
   1.3034
   0.5259
   0.7761
   0.6917
   0.9141
   1.0869
   0.7649
   1.5009
   0.9774
   0.8955
   1.7771
   1.9953
   0.7577
   1.4425
   1.0110
   0.2413
   0.3589
   2.9421
   0.7026
   1.3783
   0.9025
   1.5898
   0.4853
   1.4521
   0.9614
   0.8164
   0.6152
   0.9961
   0.8322
   0.5358
   0.2857
   0.5551
   0.3683
   0.4071
   1.5662
   0.5759
   0.5361
   1.8673
   0.4857
   3.4980
   1.6367
   0.7621
   0.4382
   1.3997
   1.0144
   0.4173
   3.5707
   0.5141
   0.9645
   1.3570
   2.7571
   1.2006
   0.3259
   2.0916
   0.5346
   1.0296
   0.6352
   0.9186
   0.4910
   0.2344
   0.7740
   0.5192
   1.5140
   1.7935
   0.9409
   0.6184
   0.9960
   0.5501
   0.5769
   1.2050
   1.5109
   1.0084
   2.0403
   0.7611
   0.8516
   0.5452
   0.4744
   1.6202
   0.5630
   1.1071
   0.6273
   0.9105
   0.6977
   1.1853
   0.2401
   1.7199
   1.3681
   0.7247
   0.8877
   0.3971
   0.5979
   1.9207
   1.0359
   2.3646
   1.4613
   0.6816
   1.0288
   1.6744
   0.5241
   0.4963
   0.2997
   0.6058
   0.2705
   0.6760
   2.3285
   0.6208
   0.9758
   2.4505
   0.5794
   0.3641
   2.0468
   1.0292
   0.9554
   0.7666
   2.3379
   1.1834
   1.0367
   0.5189
   0.6273
   0.5882
   2.4715
   1.0600
   0.9116
   0.7765
   2.1255
   1.1516
   0.9023
   0.3152
   1.0371
   0.9766
   1.0039
   0.5955
   0.5620
   1.7541
   0.9490
   1.5079
   0.5062
   1.6921
   0.7230
   1.9184
   0.4334
   0.5474
   0.3973
   0.4823
   0.6315
   1.8090
   0.4088
   0.7788
   0.4058
   0.6661
   0.9032
   1.2544
   1.4723
   0.5409
   0.7869
   0.2704
   3.7776
   0.7259
   1.7350
   0.4698
   1.2896
   1.5106
   0.4638
   1.1526
   0.6091
   1.5193
   2.4796
   1.5359
   0.6680
   0.9727
   1.2001
   0.6663
   0.9486
   0.5101
   0.6706
   1.3900
   0.9560
   0.8384
   0.3989
   1.0704
   0.7543
   0.1837
   0.7441
   0.8465
   0.6388
   1.2047
   0.5367
   0.7960
   1.1399
   1.1273
   0.5000
   0.4456
   0.1847
   0.4750
   0.9280
   0.5535
   1.4242
   1.2304
   1.1568
   0.5935
   1.2113
   1.8691
   0.6497
   3.5879
   1.3766
   1.0067
   1.2523
   2.7404
   1.7736
   0.8615
   0.5538
   0.9600
   0.5149
   0.4831
   3.0771
   0.4397
   0.7106
   0.4026
   0.5689
   0.1584
   0.3912
   0.6443
   1.5646
   0.8507
   1.3164
   0.3141
   1.9497
   0.7145
   0.7996
   0.4727
   0.5458
   0.8100
   0.9574
   0.5513
   0.1099
   1.5027
   0.5210
   0.5973
   0.6797
   1.0421
   0.7882
   0.7605
   0.8064
   0.9011
   0.7199
   1.3180
   2.1924
   0.6957
   0.8447
   0.5881
   2.7896
   0.2437
   0.6664
   0.6057
   0.5598
   0.7417
   0.3190
   1.2203
   1.7520
   0.9037
   0.2462
   2.8317
   0.5934
   0.4053
   0.9578
   0.8364
   0.6989
   1.1706
   0.5804
   0.7743
   0.7833
   0.6704
   1.3065
   0.9290
   0.7519
   1.7264
   3.3186
   0.7479
   0.4728
   1.2434
   0.8907
   0.7055
   1.9099
   0.7216
   0.4767
   0.4355
   0.3289
   0.2889
   1.3327
   0.6532
   1.7541
   0.8736
   0.6504
   0.5502
   1.0762
   1.3453
   0.3836
   0.8421
   0.2727
   1.6275
   0.8944
   1.7497
   0.1556
   0.6381
   0.9005
   1.5493
   0.4046
   0.9192
   0.9513
   2.9218
   0.9670
   2.4334
   0.7131
   1.8378
   0.8858
   0.4866
   1.3749
   0.8287
   0.6217
   0.3946
   1.6985
   0.4226
   2.0987
   0.7923
   1.4097
   1.5888
   0.6103
   0.2469
   0.5985
   0.6753
   0.1778
   0.7924
   1.3922
   0.6534
   0.8791
   0.9975
   1.5953
   0.7387
   1.0518
   0.9964
   1.0766
   1.1420
   1.0055
   1.4687
   1.4398
   0.9000
   2.6607
   1.6694
   1.2682
   0.2549
   0.9561
   0.7347
   0.4863
   0.5836
   0.9302
   1.4991
   0.7017
   0.6782
   1.0119
   0.8243
   1.6685
   0.2612
   0.7242
   0.4975
   0.6993
   1.0654
   0.9845
   0.3696
   1.4024
   1.1426
   0.1699
   1.1459
   0.6889
   0.7896
   0.2715
   0.5817
   0.9250
   1.5295
   1.0275
   0.9997
   0.4011
   0.9934
   0.9979
   1.8468
   0.8194
   1.2217
   0.9488
   0.9575
   0.1845
   0.3984
   3.2377
   0.7028
   0.9578
   1.1369
   1.0982
   0.8443
   1.0832
   0.9862
   0.8814
   1.4981
   0.9683
   0.6099
   1.9619
   0.7309
   1.2694
   1.1760
   0.3347
   0.8479
   0.6694
   0.6091
   1.0097
   0.9403
   3.6731
   0.7056
   0.7238
   0.6205
   0.6244
   1.3290
   0.7740
   0.5394
   1.5345
   0.5389
   0.3159
   1.3269
   1.0450
   1.4049
   1.1283
   0.5993
   1.3277

