   0.6058
   0.7036
   0.3910
   0.6091
   0.6840
   1.9540
   0.6994
   0.9436
   1.4072
   0.8151
   0.5712
   1.7859
   1.1762
   0.3838
   0.7023
   0.4386
   0.3357
   0.9109
   1.8731
   0.2612
   1.1626
   0.7300
   0.7889
   1.1111
   0.0810
   1.0493
   0.4465
   0.8465
   0.3486
   0.7292
   1.3057
   1.4869
   0.8833
   0.5168
   1.4437
   0.9774
   1.4036
   0.5359
   0.9994
   1.6088
   0.3851
   0.6933
   1.5730
   0.5194
   1.4164
   0.9693
   0.8467
   0.6393
   0.4129
   0.6544
   0.7552
   0.7798
   0.6137
   1.2114
   1.6998
   1.3751
   1.1722
   0.8885
   1.6696
   1.4229
   1.8913
   0.6202
   1.2964
   1.7171
   0.5865
   2.2748
   0.8694
   1.9884
   0.6605
   0.7395
   0.2987
   1.0139
   0.2794
   2.1338
   1.2844
   1.5285
   1.0040
   2.7158
   1.5952
   0.2218
   1.0931
   0.6695
   0.5097
   1.2759
   1.8567
   0.6558
   1.0245
   0.6511
   0.6758
   1.8501
   1.6739
   1.4462
   0.9901
   1.2165
   0.7444
   0.2657
   0.9309
   0.8296
   0.5442
   0.1891
   1.7629
   1.0407
   0.2302
   0.3970
   0.5266
   0.8880
   1.3384
   1.1212
   0.5561
   1.1356
   1.5976
   0.5335
   0.6352
   0.7025
   0.7319
   2.2233
   0.4565
   0.9880
   1.7356
   0.6072
   0.2262
   0.5545
   1.3187
   1.1517
   0.9207
   0.3668
   0.5483
   2.7769
   0.8525
   1.5365
   2.1289
   1.3461
   0.7906
   0.8272
   0.3953
   0.6079
   0.7184
   0.6872
   0.8851
   0.5934
   0.7946
   1.1414
   0.5315
   1.1618
   1.3978
   1.2539
   0.8364
   0.5250
   0.9828
   1.2192
   1.8122
   0.6163
   0.8040
   0.5630
   0.8480
   0.8595
   0.4687
   0.5787
   1.1494
   2.0174
   0.8794
   0.7424
   1.1230
   1.3713
   1.6832
   0.2737
   0.7340
   0.6530
   1.1984
   0.7064
   1.1192
   0.9544
   0.8413
   0.8378
   0.7003
   1.0884
   0.4467
   1.1488
   0.9334
   0.3498
   0.6524
   0.7482
   3.1185
   1.1678
   1.4164
   0.4625
   1.7009
   1.0221
   1.5949
   0.5706
   0.7643
   0.9026
   4.0311
   1.1548
   0.5221
   2.7848
   0.5510
   0.3633
   1.0052
   0.7164
   2.1372
   0.1212
   1.8527
   0.5981
   0.7142
   0.2563
   0.4966
   0.7024
   0.2661
   0.4256
   1.2829
   0.6646
   1.1633
   1.2285
   0.4283
   0.9584
   0.7923
   0.4453
   1.2400
   2.5888
   0.6686
   0.6192
   0.8115
   0.4053
   0.3044
   0.1629
   0.9213
   0.3721
   0.6417
   0.4898
   0.8451
   0.7636
   0.4570
   2.7970
   1.4018
   3.6040
   1.4314
   0.5870
   0.6113
   0.6614
   0.5546
   0.6844
   1.4487
   0.9277
   0.9950
   1.3007
   0.4881
   0.8630
   0.5069
   0.5106
   1.4258
   2.8599
   1.2048
   0.3525
   0.5154
   1.2798
   1.6667
   1.0344
   0.7744
   0.5276
   1.2227
   1.8152
   0.7068
   1.9678
   0.7171
   0.3217
   1.9202
   0.9632
   0.4758
   0.6988
   0.5582
   0.7017
   0.8620
   1.3258
   0.9069
   1.0083
   0.9814
   1.1488
   0.4755
   2.9612
   1.5127
   1.2535
   0.9296
   1.3011
   1.2926
   0.7959
   0.7345
   1.3443
   1.3854
   1.2979
   0.9782
   0.7507
   0.6919
   1.3132
   0.9631
   0.3520
   0.7820
   0.9379
   1.6557
   0.1664
   0.5100
   1.4963
   1.3371
   0.5160
   0.9131
   0.6535
   1.3213
   0.4323
   0.8080
   0.9375
   0.3889
   0.4187
   1.1846
   0.5017
   0.9568
   1.3847
   1.2642
   1.0691
   1.9786
   1.1001
   1.2288
   0.2055
   0.8306
   0.5957
   0.7342
   0.9441
   0.6692
   0.3956
   0.6928
   1.9825
   1.3387
   0.7056
   0.6818
   0.9206
   2.2274
   2.3861
   1.0601
   0.2829
   0.2428
   1.7403
   0.9716
   1.3179
   0.4287
   0.4988
   3.2555
   0.7536
   1.0522
   1.3703
   2.0844
   1.1226
   0.7017
   0.9808
   0.2839
   3.4616
   0.9352
   1.9715
   0.9757
   0.4426
   0.8064
   0.6436
   0.5656
   1.8374
   0.4158
   0.6898
   1.5273
   0.6358
   0.3028
   0.3750
   0.4368
   0.8971
   0.7815
   0.6680
   0.6420
   1.7291
   0.9855
   0.8481
   0.4865
   2.0253
   0.8340
   1.2366
   1.0111
   0.3826
   0.8845
   0.3463
   0.6539
   0.3851
   1.0753
   1.0140
   0.8479
   1.5793
   1.4306
   0.7238
   0.6822
   0.9194
   0.5577
   2.5300
   0.9543
   1.5473
   1.4492
   0.7835
   0.4925
   0.7695
   0.5444
   1.0556
   2.2551
   0.5830
   2.3561
   0.8192
   1.6361
   0.3389
   0.6583
   1.4739
   0.8407
   0.8234
   0.6937
   1.7264
   2.4604
   0.8598
   2.4461
   2.0785
   1.0967
   0.6674
   0.5550
   0.7041
   2.1687
   1.5542
   1.0139
   1.0304
   0.6580
   0.5844
   0.6971
   0.3254
   1.1204
   2.7251
   1.6010
   0.8786
   1.3294
   0.6794
   1.1511
   0.7846
   0.6239
   0.5305
   1.8583
   0.5720
   1.5630
   1.1347
   0.3875
   0.7752
   0.4634
   0.4226
   1.0272
   0.7359
   1.8486
   1.0083
   1.7704
   0.7509
   0.8352
   0.7607
   0.4249
   0.7943
   1.0694
   0.7336
   0.4296
   1.1815
   0.9323
   0.3523
   1.3284
   0.3216
   0.4693
   0.8644
   0.3463
   1.0463
   1.4049
   0.6425
   1.4657
   0.6898
   0.8352
   1.0361
   0.3583
   1.6366
   0.8148
   1.3602
   0.8057
   0.4606
   0.8313
   0.3302
   1.5630
   0.2522
   1.6198
   1.4572
   1.1106
   0.7010
   1.1636
   0.6501
   0.5823
   2.0353
   0.6766
   0.8869
   0.2656
   0.7179

