   0.6917
   4.8874
   0.1408
   2.5110
   0.1323
   0.2734
   0.1574
   0.2774
   0.9079
   2.6794
   1.0000
   1.0630
   0.2445
   2.8711
   0.0818
   1.1480
   0.7847
   1.4785
   1.3904
   0.7817
   1.0432
   0.7507
   0.9289
   0.7644
   1.3789
   1.3190
   1.8373
   0.1812
   1.1533
   0.2197
   0.5725
   0.0555
   0.4596
   2.2022
   0.7486
   0.8376
   2.8941
   1.2121
   1.9872
   2.0014
   0.5921
   0.1943
   0.6946
   0.7633
   0.3117
   0.2721
   0.1867
   1.9424
   0.9035
   0.6460
   1.1856
   0.0500
   0.4326
   1.0000
   0.1272
   0.5676
   3.8492
   0.4517
   2.5178
   0.8550
   0.4039
   1.2715
   0.1770
   0.6241
   0.8083
   0.1304
   1.4092
   0.6289
   0.6904
   0.6129
   0.6490
   0.0410
   0.2667
   0.5870
   0.6334
   0.1580
   0.8876
   0.3186
   0.6707
   0.1809
   0.5034
   0.9669
   0.4002
   0.3674
   1.4413
   0.3591
   1.1509
   0.1222
   2.0272
   1.0000
   0.7811
   2.1013
   1.0671
   0.4969
   0.1523
   0.6114
   1.4218
   1.3170
   0.9994
   0.4410
   3.2368
   0.6387
   1.5425
   0.8009
   0.5396
   4.4535
   1.0000
   1.1473
   0.1493
   0.0407
   1.0064
   1.0334
   0.2286
   0.9266
   1.0000
   0.6327
   1.3003
   2.0700
   0.5750
   1.2311
   4.1042
   0.4384
   1.1384
   0.8621
   0.0477
   0.1107
   2.3312
   0.3615
   0.3985
   0.0553
   0.1098
   0.1255
   0.1004
   1.1224
   0.1923
   3.3857
   2.2113
   2.0785
   0.4309
   1.5700
   0.2311
   1.3634
   0.9801
   0.0486
   1.1688
   0.1809
   0.7922
   0.2945
   1.1310
   0.8516
   0.2007
   0.7574
   1.3784
   0.2992
   0.4969
   1.4305
   0.0572
   1.4279
   0.5981
   0.4745
   0.2592
   1.6719
   0.1139
   0.6448
   0.5049
   0.0636
   0.2206
   1.2336
   2.6661
   0.9066
   2.0805
   1.5809
   0.1709
   0.6021
   0.7940
   1.6001
   0.2988
   0.5485
   0.1412
   1.0000
   0.7641
   0.8161
   2.3109
   1.0352
   0.3114
   0.4890
   0.4044
   0.0625
   1.6132
   2.5761
   0.2711
   1.0064
   0.5328
   3.0950
   0.1330
   1.3612
   0.3828
   1.3590
   0.1742
   4.0349
   0.4328
   0.1598
   0.7752
   0.4500
   0.7671
   1.0468
   0.1591
   0.5161
   0.9348
   3.8791
   6.1009
   0.7274
   1.4103
   0.9128
   1.7887
   2.0785
   0.0919
   0.0986
   1.2859
   1.5998
   0.1116
   1.4173
   0.4536
   2.1390
   0.8211
   4.3835
   1.2380
   0.7560
   0.0158
   4.4444
   2.0602
   0.1972
   0.0905
   0.3597
   2.2064
   2.9796
   1.5248
   1.0410
   1.5374
   0.1614
   0.0606
   0.2703
   1.4709
   0.0604
   0.2920
   0.8750
   0.0533
   1.4255
   0.8548
   0.1869
   1.2106
   0.0351
   2.7382
   0.8777
   0.7881
   0.8282
   0.4211
   1.5090
   3.5034
   0.4515
   1.7264
   0.3763
   2.4153
   0.5188
   0.1524
   0.5393
   0.7713
   0.1874
   0.8966
   3.1380
   2.4428
   0.1633
   0.7324
   0.1027
   0.6497
   1.0592
   1.6489
   0.1908
   0.0329
   0.2179
   0.8895
   0.8018
   1.5595
   1.7528
   0.2820
   0.0957
   0.5382
   0.9202
   2.6027
   0.9733
   0.7591
   1.3945
   0.2446
   3.5158
   0.7532
   0.4079
   0.7454
   0.0244
   1.6517
   1.0000
   0.4540
   0.9129
   0.8192
   1.8479
   0.8598
   2.3127
   0.4187
   2.0784
   0.4720
   3.5735
   0.2804
   0.4886
   1.0000
   0.0584
   0.3300
   1.5786
   0.3733
   0.1884
   0.6535
   0.6184
   1.1614
   0.0511
   0.5285
   0.6617
   0.8988
   0.1964
   0.3561
   0.7523
   0.4464
   0.1496
   2.6170
   0.3000
   0.1867
   1.0491
   0.3345
   0.3075
   1.5512
   0.1943
   2.1429
   0.8698
   2.1996
   0.5186
   0.2513
   0.5395
   0.1990
   2.5826
   0.1581
   0.1801
   0.9999
   0.0377
   0.7727
   0.2446
   0.1788
   2.0068
   1.0351
   0.1100
   0.6070
   0.0015
   0.9277
   0.0406
   0.1319
   1.2601
   1.0000
   0.4563
   2.5321
   4.7886
   1.5968
   1.0528
   0.1084
   0.3784
   0.1861
   2.5491
   0.3142
   0.4454
   1.0174
   0.2225
   2.0946
   0.3442
   0.7534
   0.5064
   1.3313
   1.5300
   0.8572
   0.8328
   0.6849
   0.2774
   0.1025
   0.8666
   0.2456
   1.0746
   0.2818
   0.6317
   3.3370
   1.5254
   0.1895
   0.3885
   1.6896
   1.0139
   0.9438
   0.6862
   2.1552
   2.0374
   0.3279
   0.0368
   2.7192
   5.7861
   0.5659
   0.0261
   1.5505
   0.0579
   2.3127
   0.1731
   0.5259
   0.5608
   0.1867
   0.6071
   3.1314
   0.9112
   1.3458
   0.1496
   0.0068
   0.0484
   2.0882
   0.2500
   2.1694
   0.4616
   0.2132
   3.6519
   1.2556
   1.9320
   2.5250
   0.1058
   1.6111
   0.9295
   1.4632
   0.4651
   3.0328
   0.3612
   0.1077
   1.0000
   1.5771
   1.9222
   0.6030
   0.1388
   0.1906
   3.7645
   0.1545
   1.2181
   1.0311
   1.6467
   1.9131
   0.2129
   3.9758
   2.3973
   1.4003
   0.6066
   3.0523
   0.8909
   1.3127
   2.3688
   1.1984
   0.1652
   0.0934
   0.6842
   0.6833
   2.0525
   2.8151
   0.4945
   1.4507
   0.1289
   0.8060
   1.5464
   0.8293
   0.2508
   0.1138
   0.9635
   1.1180
   0.4968
   0.9655
   1.5638
   0.7321
   0.5029
   1.6933
   0.5121
   0.3920
   0.0466
   0.0865
   1.7833
   0.0689
   0.3170
   0.6607
   2.9395
   0.0930
   0.1763
   0.2103
   1.2482
   0.9581
   0.1931
   0.1924
   0.5181

