   1.0000
   1.1292
   1.0000
   0.0723
   0.4161
   0.7726
   0.5588
   0.1894
   0.5682
   0.0353
   0.1507
   1.1684
   1.0993
   1.2458
   0.0396
   1.6633
   0.8176
   0.5162
   1.4896
   0.1282
   0.9250
   0.7373
   2.1999
   0.5735
   1.0000
   1.0276
   1.0000
   0.6531
   0.4267
   1.1600
   1.0000
   1.9843
   1.0000
   1.1515
   1.2636
   0.4208
   1.0000
   1.0000
   0.1906
   0.5303
   0.0419
   2.1801
   0.8581
   0.1126
   0.2707
   1.9827
   0.3127
   1.0000
   0.6885
   1.9367
   0.6059
   1.0000
   1.0000
   0.1372
   1.0000
   0.4682
   1.6157
   1.2362
   1.4333
   0.5341
   0.2649
   0.0728
   1.0430
   1.6045
   0.5707
   0.0344
   1.3463
   1.9656
   1.2419
   0.7440
   0.6595
   1.0000
   0.6901
   0.5133
   0.4493
   1.5094
   1.0000
   2.5821
   0.3973
   1.0000
   0.0583
   0.8946
   0.0591
   2.3519
   2.1496
   1.7005
   0.8019
   1.0000
   0.3439
   0.1002
   0.9271
   0.1374
   1.0000
   1.7854
   1.0000
   2.5328
   0.1281
   1.6804
   1.0000
   0.0047
   0.3427
   0.4480
   1.6462
   0.7276
   1.2153
   0.6856
   0.4343
   0.1680
   1.3338
   2.2735
   1.0000
   0.3855
   2.5895
   1.7147
   0.6534
   1.7680
   1.7568
   0.3141
   0.4478
   1.6516
   2.5665
   0.9936
   2.1823
   0.1284
   0.4399
   2.7648
   1.0000
   0.8896
   3.0571
   0.1368
   1.5265
   0.4150
   1.0963
   3.4604
   1.8472
   1.5459
   0.6882
   1.5450
   1.2343
   3.0284
   0.3828
   0.5580
   0.2813
   0.1664
   1.0000
   0.0845
   0.9588
   1.0000
   1.3953
   1.0000
   0.1414
   0.1417
   0.0511
   1.5268
   1.0943
   1.3929
   0.7764
   0.0312
   0.8767
   1.5367
   0.3027
   0.3595
   0.6292
   0.1376
   0.0945
   0.0012
   0.7487
   1.0338
   0.2034
   0.8022
   0.8501
   1.2255
   0.1705
   0.3144
   0.5450
   1.0000
   0.7301
   0.2727
   1.3974
   1.0000
   1.0000
   1.0052
   1.0000
   1.0000
   0.0681
   0.5150
   1.4696
   1.0000
   0.8957
   0.4439
   2.0763
   0.0430
   1.1210
   0.4270
   0.7951
   0.4676
   1.3816
   1.0488
   1.6144
   1.0000
   0.1296
   2.1822
   0.2220
   1.1876
   1.0000
   2.5849
   1.1614
   0.8580
   1.4294
   0.1057
   1.0000
   1.8284
   1.0000
   0.6958
   0.5467
   1.8177
   1.2937
   1.8071
   0.1051
   0.1530
   1.0367
   0.0252
   2.4882
   1.5236
   2.7405
   1.3566
   1.6234
   0.6109
   0.9461
   0.3895
   1.5555
   0.3837
   0.3676
   0.3394
   1.0768
   0.5021
   1.8349
   1.0000
   1.0000
   1.0000
   2.1514
   2.8327
   0.5371
   1.9210
   2.8860
   3.3113
   0.9937
   1.6673
   0.1234
   1.2586
   1.1728
   1.9280
   1.2556
   2.7406
   0.8213
   2.2420
   0.9309
   1.2311
   0.2247
   0.5293
   0.8116
   1.3947
   0.7983
   1.8307
   2.7710
   1.0000
   1.6405
   1.2273
   0.4811
   1.2040
   2.2090
   0.7616
   0.1032
   0.2995
   0.1541
   1.0000
   0.1327
   0.2758
   1.0000
   0.9891
   1.2661
   1.0000
   0.4420
   2.2289
   0.8649
   0.0009
   1.0000
   1.0000
   0.4222
   0.1176
   0.5090
   1.7997
   0.2230
   0.0409
   0.3067
   1.5948
   0.2795
   0.2525
   2.6785
   0.4067
   1.0000
   1.7581
   0.5972
   0.3941
   0.1346
   0.2054
   1.0000
   1.0000
   1.5909
   0.0810
   0.4713
   1.7481
   1.5180
   1.1593
   2.0517
   0.7059
   0.0053
   2.0587
   1.4251
   0.6210
   1.0840
   0.7305
   0.3584
   0.0400
   0.5215
   1.4752
   0.1302
   0.0469
   0.7286
   0.1928
   0.0392
   0.7405
   0.5197
   1.7998
   0.5036
   1.0000
   1.0179
   0.5783
   0.3849
   1.2622
   0.2174
   2.4940
   1.5861
   1.0000
   0.3668
   0.3901
   0.4974
   0.2722
   1.0000
   1.0049
   0.4359
   0.2769
   0.8829
   1.2378
   0.5135
   0.5086
   2.5514
   0.2916
   2.0994
   0.5719
   0.3969
   0.2625
   1.1802
   2.2581
   1.1070
   1.0000
   0.0160
   0.5132
   0.9407
   1.0365
   1.7475
   1.0000
   0.6958
   1.5387
   1.7293
   0.3918
   1.9774
   1.0000
   0.1018
   1.6109
   0.8716
   1.0205
   0.2730
   0.8762
   0.0785
   0.2336
   0.9189
   1.5282
   1.8828
   1.4000
   0.3661
   0.9353
   3.0570
   1.0000
   0.1367
   0.1213
   0.3244
   1.0000
   0.2656
   1.0741
   1.3985
   0.3275
   0.3910
   1.0002
   1.9861
   1.5203
   0.3510
   0.0861
   0.1426
   0.4237
   1.5443
   1.0000
   0.4816
   0.3283
   0.2124
   2.1947
   0.0729
   0.8807
   0.2315
   0.9257
   3.4087
   0.4873
   0.0060
   1.0000
   0.5541
   0.6162
   1.6837
   0.3663
   1.2938
   1.4636
   1.0203
   1.7394
   1.0000
   2.1318
   1.5174
   0.1239
   1.2775
   1.0000
   0.0162
   1.9191
   1.0946
   1.0580
   1.3793
   1.6777
   0.4730
   1.1214
   0.4845
   1.2521
   0.8277
   1.0000
   0.7191
   0.6364
   0.1085
   0.6010
   0.8953
   0.1960
   0.1667
   0.7936
   2.8610
   1.2171
   1.0000
   0.7906
   1.2409
   0.4026
   1.6323
   0.8752
   1.0000
   0.5463
   2.9464
   2.3490
   0.5104
   0.0302
   0.2310
   1.5566
   0.3353
   1.4964
   0.4873
   1.4220
   2.0615
   1.0000
   1.1729
   0.9621
   0.2129
   0.0859
   2.7023
   0.3928
   0.6009
   0.2687
   0.3083
   1.2176
   1.3572
   0.1298
   0.1671
   1.9064
   1.2642
   1.1040
   2.1543
   0.2012
   0.1256
   1.7568
   0.6149
   1.3405
   0.8919
   0.3529
   1.3280
   0.5669
   1.5891
   2.1109
   0.4974
   0.4810
   0.1083
   0.2591
   1.5257
   1.0469
   2.0709
   0.2056
   0.4457
   0.9125
   0.4527
   1.2864
   1.5395
   0.4937
   1.0000
   1.0000
   1.0000
   1.6249
   1.5567
   1.7138
   0.9818
   0.1982
   0.6987
   0.7391
   1.5599
   0.7824
   1.0961
   0.7203
   1.6482
   1.0749
   1.8302
   1.9942
   0.9877
   0.8914
   0.5653
   0.5358
   0.6324
   0.7301
   0.0861
   1.5251
   1.0026
   1.0000
   1.1142
   0.3590
   0.6812
   0.6427
   2.4459
   1.0000
   0.5695
   2.4525
   1.1011
   0.1481
   1.0000
   0.0388
   1.0752
   2.7945
   1.7443
   1.0000
   1.0000
   0.0884
   0.4964
   0.4636
   0.3437
   1.5945
   0.8399
   0.1380
   0.7125
   1.0000
   0.1193
   0.4550
   1.1994
   0.6907
   1.0000
   1.0969
   0.6526
   1.4087
   0.7386
   4.1553
   0.3950
   1.4162
   0.8786
   0.5177
   1.1033
   0.2644
   1.0000
   0.5386
   0.2179
   1.0000
   1.0000
   0.5774
   0.8386
   1.0000
   1.3013
   0.8089
   0.2156
   2.1398
   0.4863
   1.2330
   0.4388
   1.3923
   3.5336
   0.3196
   0.2248
   0.2630
   0.7795
   1.0000
   0.6310
   2.1635
   0.9175
   1.0422
   0.6355
   0.5930
   1.3513
   0.6641
   0.8821
   0.6143
   0.4843
   1.1834
   2.4100
   1.8775
   1.6477
   1.4633
   0.3712
   1.2508
   1.2662
   1.2098
   2.0576
   0.4986
   1.2204
   1.0000
   0.7385
   1.0119
   1.9027
   1.7172
   1.2597
   0.5191
   1.0000
   2.5443
   2.2796
   1.0000
   2.9099
   1.5624
   1.4959
   0.1533
   1.2742
   1.0000
   0.7680
   0.0396
   1.3918
   0.0538
   2.5678
   0.8943
   3.6164
   0.6179
   0.5518
   1.0000
   0.0967
   1.7671
   1.0768
   1.4722
   1.4657
   1.0000
   0.9336
   0.8215
   0.1698
   2.1783
   1.1851
   1.4945
   0.9821
   0.7320
   0.3450
   1.1876
   1.3397
   1.0000
   1.0000
   1.5933
   0.4387
   0.9355
   1.0846
   1.1389
   1.1457
   1.1513
   0.8562
   1.3821
   1.0000
   1.0000
   0.5289
   0.8377
   0.5817
   1.3783
   1.6992
   2.0928
   0.8358
   1.0000
   0.3664
   1.0000
   0.6003
   0.3831
   1.9157
   0.8043
   1.9047
   0.7571
   2.1391
   1.0000
   1.0000
   0.6234
   0.9007
   0.3666
   0.1441
   0.6891
   0.3128
   1.8595
   0.0325
   1.0000
   0.6104
   0.3360
   0.0810
   0.2053
   0.7067
   0.2379
   0.5908
   0.5544
   1.8694
   0.0186
   0.7275
   0.3618
   0.2555
   0.6743
   1.0000
   1.0000
   1.6056
   1.0000
   1.7714
   1.0000
   0.9383
   1.0000
   0.8460
   0.2063
   1.9204
   0.0409
   1.5324
   1.0000
   1.0000
   0.2983
   0.5405
   1.1745
   1.0000
   1.5269
   1.2003
   1.0000
   1.0000
   1.9900
   0.5625
   2.3390
   1.8404
   2.9486
   3.6710
   0.0932
   0.9209
   2.4536
   1.0023
   1.7660
   0.1501
   1.5283
   0.2059
   2.0909
   0.4841
   0.7802
   1.6336
   0.3841
   1.0000
   1.3407
   0.8501
   1.6545
   1.9774
   0.1800
   1.0000
   1.3787
   2.2669
   1.0000
   1.8898
   1.0199
   2.5590
   1.3495
   0.9919
   1.0000
   1.0000
   0.0781
   0.1042
   0.2132
   1.0000
   1.3586
   1.0000
   1.3176
   0.7997
   0.9756
   1.5253
   1.3758
   0.4732
   0.2807
   1.9110
   2.2727
   0.4633
   0.3787
   0.0227
   1.2646
   1.8676
   0.6592
   0.7338
   0.2647
   1.1036
   0.8463
   2.5700
   0.7161
   0.3445
   1.9603
   1.6339
   0.3935
   1.9133
   0.1201
   1.0000
   1.7941
   0.7188
   1.0000
   3.1033
   0.1675
   0.5646
   0.0035
   1.0000
   1.8668
   0.2481
   0.9650
   0.2617
   0.7609
   0.8156
   0.8896
   1.7850
   1.0000
   1.1377
   2.8421
   0.1225
   1.4261
   0.0181
   0.4806
   0.1298
   0.9088
   1.0000
   0.7645
   0.5598
   0.1228
   1.6277
   0.1527
   1.1396
   0.7530
   1.0000
   1.4689
   1.1379
   0.5433
   0.0169
   1.7169
   0.6452
   1.0464
   1.5859
   2.1358
   0.9662
   0.0258
   1.3097
   1.3659
   0.8399
   1.4559
   1.4870
   1.0000
   1.0155
   2.1780
   0.5469
   1.0853
   1.8360
   4.3194
   0.2247
   0.6096
   1.3121
   1.4920
   1.0000
   1.5233
   1.9758
   0.8440
   1.3379
   0.2551
   2.3661
   0.1388
   1.1674
   1.9973
   0.9831
   1.1332
   0.5454
   0.7320
   1.1449
   1.5870
   0.9356
   0.3417
   0.4962
   0.1383
   0.0003
   2.2685
   0.5085
   0.8760
   1.8315
   1.0000
   3.2054
   0.8875
   0.7575
   0.5086
   0.7570
   0.8014
   1.0918
   1.2159
   1.0000
   0.3403
   0.5579
   1.5700
   0.0502
   0.7714
   2.1973
   1.0000
   1.0000
   0.1366
   0.5411
   0.6892
   1.3812
   1.5272
   1.0000
   1.7143
   1.5425
   1.0000
   1.3515
   1.4123
   0.7640
   0.3405
   1.0000
   0.7732
   0.1356
   0.1907
   0.2396
   1.0000
   0.0464
   1.0331
   0.7202
   0.4209
   2.0810
   1.0617
   1.5062
   1.3544
   1.2174
   1.0000
   1.0000
   0.8168
   1.2282
   0.6194
   1.5023
   0.1980
   1.5892
   0.2094
   1.9974
   0.3455
   0.5181
   0.3378
   1.4056
   0.8420
   1.0000
   1.0000
   0.5803
   0.7933
   1.0000
   1.0000
   0.0034
   1.6752
   2.8496
   0.9153
   0.3534
   1.2083
   0.2612
   1.1474
   1.0000
   0.8349
   2.7830
   1.0000
   0.9795
   1.0000
   1.1661
   1.0000
   0.2904
   1.0000

