    0.1574
    0.2366
    0.5743
    0.2512
    0.0068
    0.2341
    0.2110
    0.4102
    1.6213
    0.5481
    1.6233
    0.0441
    0.1251
    0.0378
    0.3677
    0.5551
    0.6442
    4.5100
    0.1299
    0.1269
    0.3111
    0.0203
    0.3803
    1.0956
    0.1375
    0.6777
    0.3273
    0.0556
    0.0082
    0.3776
    0.0920
    0.0019
    6.5458
    0.0056
    0.2697
    0.0828
    1.6726
    0.4349
    0.2820
    0.4804
    0.9438
    0.2659
    0.2438
    0.0277
    0.0751
    0.5052
    0.1112
    0.5011
    0.6610
    0.3812
    1.9605
    0.2712
    0.1523
    2.7159
    0.4604
    0.0710
    0.0438
    0.4505
    0.3337
    2.1480
    0.6591
    0.2443
    4.2384
    1.1054
    0.1716
    6.8965
    0.8112
    2.0846
    0.3400
    0.1391
    0.7918
    0.5006
    0.1852
    0.2486
    0.4842
    0.6126
    0.3340
    0.3539
    0.4639
    0.3759
    0.3670
    1.2564
    0.0020
    0.2462
    0.1879
    0.0279
    0.1184
    0.0794
    0.0280
    0.5797
    0.0268
    0.2453
    0.3404
    0.4544
   24.3962
    0.2283
    5.3533
    0.3545
    0.1073
    0.8481
    0.1868
    0.0021
    0.0359
    0.1670
    0.0478
    0.4003
    8.5021
    1.1779
    0.3231
    1.6001
    0.1681
    0.1785
    0.5205
    0.1548
    0.0629
    0.1634
    0.4321
    0.4659
    0.2517
    0.1346
    1.2665
    0.4703
    0.2440
    1.2773
    0.9666
    0.1895
    0.0716
    0.0193
    1.3535
    0.7560
    0.7636
    0.2769
    2.2181
    0.2338
    0.2425
    0.0198
    0.1388
    0.3581
    0.0950
    1.0855
    0.7747
    0.1412
    0.5398
    0.3992
    0.0024
    0.4927
    0.5699
    3.4616
    0.0116
    0.1967
    0.8874
    0.2629
    0.4657
    0.3178
    0.1916
    0.3794
    0.1928
    0.2113
    4.6227
    0.3826
    7.1631
    0.4348
    0.0721
    0.0418
    0.7244
    0.5845
    3.2572
    1.1292
    0.0001
    0.0166
    0.1513
    0.1961
    2.1479
    0.2473
    0.9823
    0.0779
    0.2910
    1.2017
    0.4605
    0.1847
    0.6360
    0.7809
    0.2867
    0.7547
    2.0210
    0.0710
    0.0283
    0.1955
    0.1493
    0.7249
    0.2283
    0.0612
    0.0778
    0.0770
    0.0672
    0.4279
    1.6369
    0.0562
    0.3311
    3.4381
    0.2370
    0.7617
    0.0385
    0.5007
    5.9857
    4.3166
    0.5467
   25.1860
    0.2306
    0.3407
    0.6053
    0.9123
    0.3222
    0.2027
    0.1446
    0.6359
    0.1987
    0.1315
    0.1228
    0.0239
    0.1081
    0.0695
    0.2572
    0.4572
    0.2636
    0.4339
    0.1324
    0.1478
    0.3648
    0.9052
    0.0718
    0.4403
    0.9998
    0.1344
    0.3108
    0.4046
    0.2279
    0.1950
    0.3036
    0.0873
    0.2104
    6.1049
    0.0620
    0.1836
    0.2291
    0.2258
    0.4293
    0.1019
    0.6466
    0.0095
    1.9523
    0.7555
    0.0782
    0.2693
    0.0889
    0.3772
    0.4941
    0.4275
    0.0557
    0.2021
    0.0599
    0.2827
    0.3709
    0.5684
    0.0579
    0.5316
    0.6219
    1.9825
    0.0680
    3.8908
    0.1125
    0.4863
    0.1163
    0.1414
   17.3930
    0.6871
    0.0770
    0.2176
    0.1314
    0.5535
    0.7613
    0.4637
    0.0417
    0.1992
    0.2400
    0.5631
    0.2473
    1.0763
    0.8239
    0.2769
    0.2500
    1.4778
    0.7664
    0.4455
    0.0266
    0.3896
    0.1062
    0.0453
    1.4763
    0.2399
    0.0402
    0.4368
    0.8348
    0.7080
    0.2456
    0.3474
    0.4846
    0.4665
    0.1108
    0.1402
    0.4003
    2.2374
    0.1261
    0.8886
    0.1529
    3.2102
    1.1034
    0.3668
    0.3717
    0.1888
    0.1201
    0.8314
    0.2489
    3.6694
    0.5633
    0.5483
    0.0910
    0.1205
    0.2968
    0.3530
    4.1381
    0.3636
    1.3622
    0.1180
    2.3296
    0.0188
    0.1678
    0.0871
    0.0617
    8.7170
    0.9560
    0.1624
    0.3319
    0.1127
    0.0049
    0.6851
   13.0479
    0.0138
    1.4907
    0.4430
    0.1788
    1.2300
    0.7435
    0.3391
    0.1262
    0.4034
    0.1864
    0.4765
    4.8238
    0.4217
    0.1094
    0.1523
    0.0485
    0.0962
    0.2217
    0.1269
    0.3759
    0.0124
    1.9300
    0.0842
    0.0891
    0.1848
    0.5337
    0.0127
    0.5247
    0.3974
    0.0426
    0.0639
    2.1181
    0.3311
    0.0616
    0.5963
    0.2774
    0.0670
    1.1212
    0.0848
    0.1328
    0.0762
    0.1305
    0.2775
    8.9433
    0.3306
   20.4683
    0.3237
    0.0889
    0.3076
    0.0487
    0.0693
    0.0187
    0.7908
    0.2921
   14.4152
    0.0578
    0.3852
    0.0585
    0.0920
    0.2778
    1.3872
    3.4636
    0.2442
    0.0557
    0.1671
    0.4641
    2.0272
    0.0829
   21.8866
    0.4064
    0.0206
    0.0150
    0.1261
    0.1804
    0.0810
    0.1502
   12.2884
    0.1501
    0.3704
    0.2202
    0.2186
    0.0513
    0.3433
    0.9496
    0.4004
    0.2934
    0.0828
    0.2952
   21.4424
   10.6170
    1.4139
    3.5763
    0.1094
    0.0494
    1.0055
    0.7761
    0.4541
    0.2050
    0.0808
    0.2279
    0.0511
    0.1650
    2.4765
    0.2839
    0.0206
    0.1147
    0.1253
    0.7359
    0.1697
    0.4588
    0.2546
    0.2742
    0.9054
    1.5740
    0.1566
    0.1057
    0.1446
    0.4636
    0.2345
    0.8828
    0.1210
    0.6552
    0.2949
    0.0450
    0.2094
    0.0013
    0.3132
    8.4246
    0.0740
    0.6056
    0.5203
    0.4772
    0.0059
    0.0207
    0.0111
    0.2325
    0.2905
    0.2512
    0.1789
    0.0409
    0.0435
    0.1966
    0.7718
    0.1427
    0.6965
    0.1347
    0.4701
    1.0707
    0.4361
    0.0159
    0.3369
    0.0121
    0.2683

