  2.3879e+001
  4.9098e+001
  5.2745e+001
  3.2189e+001
  1.0267e+002
  2.4860e+001
  1.9898e+001
  9.6846e+001
  7.7545e+001
  3.2327e+001
  6.9468e+001
  1.7880e+002
  2.4596e+002
  8.5906e+000
  5.6019e+001
  1.2110e+002
  8.5281e+001
  1.3827e+002
  1.7521e+002
  1.7341e+002
  1.2646e+002
  1.1282e+002
  6.0196e+001
  1.2492e+002
  5.5670e+001
  1.7088e+002
  9.5379e+001
  1.5533e+002
  6.0076e+001
  3.9880e+001
  1.3099e+001
  4.8548e+001
  3.2124e+001
  6.4793e+001
  8.2478e+001
  8.6099e+001
  1.2344e+002
  8.3717e+001
  4.5751e+001
  1.4892e+002
  1.1167e+002
  5.2255e+001
  8.1321e+001
  5.0853e+001
  1.1792e+002
  1.0498e+002
  2.6291e+001
  7.8664e+001
  1.0668e+002
  2.3666e+001
  1.6339e+002
  1.2226e+002
  1.0513e+002
  4.1112e+001
  6.8151e+001
  1.2441e+002
  5.8422e+001
  9.4659e+001
  2.6457e+002
  1.0749e+002
  6.2225e+001
  6.2878e+001
  1.5438e+001
  1.2554e+002
  1.9339e+002
  6.3684e+001
  1.4992e+002
  1.0297e+002
  1.5152e+002
  1.8557e+002
  1.4762e+002
  4.9913e+001
  7.0820e+001
  2.9077e+002
  3.5648e+002
  8.3000e+001
  5.4214e+001
  2.6490e+001
  1.3300e+002
  1.8380e+002
  5.0615e+001
  1.3126e+002
  2.3978e+002
  1.5063e+002
  6.5405e+001
  7.9291e+001
  5.5415e+001
  2.3734e+002
  6.1241e+001
  1.1571e+002
  8.3457e+001
  2.9794e+001
  2.2138e+002
  2.7912e+001
  1.5559e+002
  4.0127e+001
  1.7803e+002
  1.5534e+002
  4.1740e+001
  4.5452e+001
  9.4207e+001
  2.0277e+001
  5.1021e+001
  1.0338e+002
  6.4498e+001
  1.1068e+002
  5.5333e+001
  8.2979e+001
  3.8977e+001
  7.1544e+001
  6.4122e+001
  1.4305e+002
  1.5538e+002
  9.2116e+001
  2.1556e+001
  1.4840e+002
  7.9141e+001
  8.8810e+001
  1.0825e+002
  8.9559e+001
  1.1412e+002
  4.6658e+001
  7.5303e+001
  2.1418e+002
  9.0356e+001
  2.9108e+001
  1.1170e+002
  1.6024e+002
  4.3863e+001
  2.2826e+001
  3.0494e+002
  8.5644e+001
  3.6381e+002
  2.4877e+002
  1.0205e+002
  9.9793e+001
  1.5868e+002
  1.3416e+002
  6.4330e+001
  5.7275e+001
  2.3275e+001
  8.0200e+001
  1.6566e+002
  5.2459e+001
  3.2357e+001
  9.0533e+001
  9.1565e+001
  4.6052e+001
  9.0569e+001
  2.4711e+002
  1.8995e+001
  1.6324e+002
  2.9826e+001
  7.9620e+001
  4.2095e+001
  8.3030e+001
  4.3137e+001
  2.3796e+002
  2.9654e+001
  4.5617e+001
  4.4977e+001
  5.1574e+001
  1.2482e+002
  7.9885e+001
  1.3887e+002
  7.6186e+001
  7.8992e+001
  6.1098e+001
  3.2400e+001
  2.6703e+002
  3.8442e+001
  8.8599e+001
  2.4657e+001
  9.3789e+001
  2.6070e+002
  8.6034e+001
  1.6270e+002
  2.3608e+002
  3.0551e+001
  4.7990e+001
  1.5802e+002
  7.3444e+001
  3.2489e+002
  1.6332e+002
  1.6482e+002
  1.0076e+002
  5.4771e+001
  5.1829e+001
  4.3500e+001
  2.4306e+001
  1.4565e+002
  1.1551e+002
  5.5802e+001
  5.9933e+001
  1.4694e+002
  8.6498e+001
  6.9665e+001
  3.5542e+001
  4.7504e+001
  2.1447e+001
  9.2450e+001
  5.0167e+001
  1.2073e+002
  1.5648e+002
  8.9776e+001
  1.6255e+002
  1.4453e+002
  9.8497e+001
  4.6325e+001
  1.3238e+002
  4.7660e+001
  1.4029e+002
  3.5765e+001
  2.0794e+002
  1.3818e+002
  7.9380e+001
  2.4379e+002
  2.1766e+002
  2.8038e+002
  1.7869e+001
  1.2316e+002
  2.2720e+002
  5.5362e+001
  7.7783e+001
  3.8606e+001
  6.0486e+001
  5.1809e+001
  2.7537e+001
  3.0253e+002
  2.2440e+001
  9.0140e+001
  1.6328e+002
  8.3582e+001
  2.1896e+001
  9.9534e+001
  2.1507e+001
  8.0518e+001
  5.2997e+001
  1.8141e+002
  9.4891e+001
  5.3429e+001
  8.6043e+001
  7.1764e+001
  3.7634e+001
  3.4985e+001
  1.0129e+002
  6.0488e+001
  2.2531e+002
  1.3199e+002
  1.9699e+002
  2.9902e+001
  7.1935e+001
  3.4961e+002
  7.1094e+001
  1.9046e+002
  9.4211e+001
  2.0642e+001
  1.4437e+002
  9.8467e+001
  3.5453e+001
  2.2682e+002
  5.7398e+001
  9.2344e+001
  5.6331e+001
  4.9490e+001
  3.3996e+001
  1.5385e+001
  7.2654e+001
  6.0070e+001
  2.1774e+001
  2.0436e+002
  4.1706e+001
  1.5356e+002
  8.3054e+001
  3.8687e+001
  1.1238e+002
  1.7576e+002
  1.1089e+002
  1.4454e+002
  7.8811e+001
  1.1701e+002
  7.5466e+001
  1.5466e+002
  4.0492e+001
  8.4740e+001
  1.1140e+002
  7.5340e+001
  5.9233e+001
  4.5933e+001
  1.5768e+002
  1.5996e+001
  6.6228e+001
  5.2326e+001
  7.5387e+001
  6.5744e+001
  2.6901e+002
  9.5646e+001
  1.3288e+001
  3.1749e+001
  7.6735e+001
  8.1897e+001
  3.3702e+001
  4.3262e+001
  2.2989e+002
  1.0727e+001
  1.2474e+002
  6.3405e+001
  6.9799e+001
  3.0825e+002
  6.0810e+001
  7.9112e+001
  5.9808e+001
  8.4327e+001
  1.8034e+002
  7.6156e+001
  6.4142e+001
  3.1837e+002
  3.5964e+001
  2.3289e+001
  5.6889e+001
  1.4092e+001
  9.4925e+001
  1.8582e+001
  9.6012e+001
  9.9130e+001
  2.5846e+001
  1.4557e+002
  6.1786e+001
  3.5272e+001
  1.4652e+002
  5.0184e+001
  1.4213e+002
  1.0644e+002
  1.3656e+002
  3.1044e+001
  1.3223e+002
  7.3320e+001
  1.6985e+002
  1.1322e+002
  8.3524e+001
  1.0145e+002
  3.8070e+001
  5.2966e+001
  2.5575e+002
  3.2151e+001
  4.3602e+001
  6.9648e+001
  6.2881e+001
  9.2581e+001
  3.1868e+001
  1.1882e+002
  8.4429e+001
  7.2548e+001
  7.7903e+001
  1.6389e+002
  1.9995e+002
  3.1912e+001
  1.8234e+001
  2.4763e+002
  7.2402e+001
  1.1063e+002
  1.2862e+002
  3.2235e+001
  6.8184e+001
  1.8337e+002
  4.5842e+001
  1.7101e+002
  2.3919e+001
  1.0839e+002
  4.1627e+001
  1.3488e+002
  4.5778e+001
  1.0151e+002
  3.2198e+001
  2.3427e+002
  1.1618e+002
  2.5497e+001
  9.0322e+001
  3.5753e+001
  5.3953e+001
  9.4588e+001
  2.5623e+002
  9.0667e+001
  8.8853e+001
  7.3643e+001
  3.0703e+002
  7.9975e+001
  1.3084e+002
  4.2325e+001
  1.3125e+002
  1.2512e+002
  8.6865e+001
  9.3347e+001
  2.9379e+001
  8.7213e+001
  1.2082e+002
  2.1274e+002
  6.1539e+001
  7.8959e+001
  1.3219e+002
  8.7438e+001
  2.2080e+002
  2.5736e+002
  1.2937e+002
  5.0672e+001
  5.9487e+001
  2.5167e+001
  3.9275e+001
  1.2803e+002
  1.9556e+002
  1.1938e+002
  2.4138e+002
  3.5894e+001
  1.7366e+002
  7.8273e+001
  3.7918e+001
  4.1494e+001
  1.1339e+002
  4.8181e+001
  5.2962e+001
  1.0878e+002
  6.1859e+001
  1.2631e+002
  1.4425e+002
  8.6645e+001
  1.7910e+001
  4.4170e+001
  1.0731e+002
  1.2293e+002
  1.0100e+002
  4.2833e+001
  7.3658e+001
  1.7149e+002
  4.6190e+001
  1.2188e+002
  1.6456e+002
  1.0847e+002
  6.7645e+001
  3.5618e+001
  1.7293e+002
  3.1324e+002
  2.9739e+001
  1.7780e+002
  2.1354e+001
  2.3212e+001
  8.4907e+001
  8.8952e+001
  2.0632e+002
  1.0217e+002
  2.0448e+002
  4.9006e+001
  1.9911e+001
  2.9330e+001
  9.9066e+001
  6.8251e+001
  7.6268e+001
  3.4218e+001
  1.2282e+002
  1.7588e+001
  1.0172e+002
  9.3953e+001
  3.1406e+001
  4.6315e+001
  4.8373e+001
  5.5280e+001
  1.8417e+002
  1.9101e+002
  1.0762e+002
  5.1865e+001
  9.0561e+001
  6.4092e+001
  1.6748e+002
  9.3430e+001
  8.4749e+001
  6.5113e+001
  9.4692e+001
  5.4391e+001
  1.3456e+002
  9.3347e+001
  1.1262e+002
  2.3011e+002
  1.6491e+002
  7.6119e+001
  1.0405e+002
  2.4067e+001
  1.7564e+002
  6.5078e+001
  2.9302e+002
  1.3894e+001
  1.1353e+002
  9.0212e+001
  1.3489e+002
  2.1881e+002
  1.0977e+002
  8.8783e+001
  1.2682e+002
  1.6254e+002
  9.1052e+001
  6.9202e+001
  1.4584e+002

