   1.3610
   0.7231
   0.6992
   0.7850
   0.2286
   0.6058
   0.7632
   2.0613
   1.3230
   0.7356
   1.4354
   0.2313
   0.6489
   1.5576
   1.0144
   1.1244
   0.3188
   0.9446
   0.4264
   0.9888
   0.5649
   0.3084
   2.7760
   1.2324
   0.9605
   1.3646
   0.7291
   1.9017
   1.3730
   0.4624
   1.1617
   0.5943
   0.7074
   0.9645
   1.4465
   0.5058
   1.6455
   1.4143
   0.8452
   0.7543
   1.1837
   1.0165
   0.6783
   1.3400
   0.9912
   0.8120
   0.9190
   0.9475
   0.6695
   1.1935
   1.2810
   1.3306
   1.9553
   1.3590
   0.8257
   0.6202
   0.8157
   0.8074
   2.0647
   1.2123
   1.1977
   0.5314
   1.1489
   0.9324
   1.6115
   0.4396
   1.5405
   0.5482
   0.4415
   0.6730
   0.2795
   0.5215
   0.4172
   0.6688
   0.3593
   0.8496
   1.5428
   0.7365
   0.2961
   2.2948
   0.6407
   1.0866
   1.3026
   1.2777
   1.0364
   0.9777
   0.4994
   0.5088
   0.3480
   0.8070
   0.7299
   0.9289
   1.2618
   0.2563
   1.3920
   1.2194
   0.4751
   1.5572
   0.8299
   0.6554
   2.7504
   1.1807
   0.7038
   0.8213
   0.8521
   1.1883
   0.3484
   0.8195
   1.5274
   1.9068
   0.5618
   2.0291
   1.0918
   1.0619
   0.6311
   0.8681
   1.4155
   2.3069
   0.5107
   0.7241
   1.7713
   0.2900
   0.8483
   0.3702
   0.4742
   0.4716
   1.6505
   0.7768
   0.9527
   0.7404
   1.5715
   0.7396
   0.9047
   0.3631
   0.7251
   0.8928
   1.7139
   0.9902
   1.2735
   1.1249
   1.5219
   0.4450
   0.4390
   0.7537
   1.3168
   0.6017
   1.1763
   2.2668
   1.1597
   1.7458
   0.5722
   1.0187
   1.7303
   0.6283
   0.6693
   1.7110
   1.0539
   0.3454
   0.4420
   0.4691
   3.0075
   1.1649
   0.4070
   1.2013
   0.2975
   1.5445
   1.5771
   0.6381
   1.3787
   1.0450
   1.4016
   1.2771
   1.1595
   0.8107
   0.2691
   0.6153
   4.4430
   0.6763
   0.7342
   2.4886
   0.8057
   0.8455
   0.9011
   1.1149
   0.6091
   0.9223
   2.0003
   1.2565
   0.3709
   0.9567
   1.0153
   0.6507
   1.5237
   0.5759
   1.6577
   1.3247
   1.1569
   0.9844
   0.3255
   0.3994
   1.3939
   0.7319
   0.7023
   0.5893
   0.6773
   0.5344
   0.3796
   0.5340
   1.5513
   0.7960
   1.5353
   1.8230
   0.5708
   0.4109
   0.4314
   2.4336
   0.6275
   0.3781
   2.1036
   0.6288
   0.8536
   1.3058
   1.1234
   1.3574
   0.9357
   0.9376
   0.3424
   1.0184
   0.2852
   1.1297
   0.4570
   0.7794
   1.3413
   2.2930
   1.7894
   3.4887
   2.6768
   0.9582
   0.7905
   1.9083
   0.4495
   0.4716
   0.6459
   1.7829
   1.2028
   0.5045
   0.5427
   1.3776
   0.7375
   1.0071
   0.6433
   1.3195
   0.8233
   1.5329
   0.3670
   0.4952
   1.3617
   0.7019
   1.3622
   2.0988
   1.5928
   1.6682
   0.6861
   0.9069
   1.3497
   0.6907
   0.9612
   0.7650
   1.4520
   1.8882
   0.5811
   1.2986
   1.4699
   0.2748
   1.0859
   0.5918
   0.9085
   0.1810
   0.6680
   0.6998
   2.1866
   1.9493
   0.4267
   1.6619
   0.8265
   0.6940
   0.6043
   1.0020
   1.6849
   0.5479
   0.5038
   1.0248
   0.8392
   0.6506
   1.1235
   0.6736
   1.4560
   0.9572
   0.7332
   0.7817
   0.7863
   0.3224
   0.9160
   1.0411
   0.6726
   1.1449
   0.4038
   0.6167
   0.7701
   0.3814
   0.4646
   0.4566
   1.3315
   1.3281
   0.4486
   1.3637
   0.5337
   0.5541
   0.9197
   0.5304
   0.2880
   1.0317
   0.7223
   0.4949
   0.8671
   0.2626
   1.7315
   1.1534
   0.7294
   1.0801
   2.0846
   1.3079
   0.8126
   0.7103
   0.6152
   0.6826
   0.2355
   2.2506
   0.9437
   1.6040
   0.9062
   0.4205
   1.2927
   0.5149
   0.4541
   0.4814
   0.7044
   1.6771
   0.5150
   0.5592
   0.6551
   0.8804
   1.2019
   0.9041
   0.4305
   0.6445
   0.4784
   0.2897
   0.5953
   0.7048
   0.6181
   0.5161
   1.6400
   1.8139
   1.7669
   1.9522
   0.1770
   0.7030
   1.8277
   0.5292
   1.1990
   0.3432
   1.1849
   0.3974
   0.2026
   1.2201
   1.3559
   1.8920
   1.4829
   0.3932
   1.4811
   1.2769
   1.7100
   2.2872
   1.2694
   1.4143
   0.4289
   0.5411
   0.6757
   1.8577
   1.2761
   0.4291
   0.1955
   0.9426
   0.9255
   0.8022
   0.7360
   1.6267
   0.7587
   0.4095
   0.9030
   1.1607
   0.7706
   0.3360
   2.5329
   0.6149
   1.5567
   0.5764
   0.8112
   1.1636
   1.3371
   0.7970
   0.4551
   1.0239
   0.3864
   1.0557
   0.6181
   0.8224
   1.3317
   0.5093
   0.2938
   0.4224
   0.7588
   0.6367
   1.0096
   0.4990
   1.2373
   0.4821
   1.4091
   0.6744
   0.4667
   1.0509
   1.5506
   0.9178
   1.2630
   0.5747
   0.7500
   0.4385
   0.6550
   0.7199
   2.7297
   2.4152
   3.7766
   0.8551
   0.7112
   0.6368
   1.1472
   0.8967
   0.4730
   0.7155
   1.0131
   0.6191
   1.0858
   1.0568
   1.3582
   0.7797
   2.4719
   1.2829
   0.9029
   1.7506
   0.6388
   0.3633
   0.9201
   1.5764
   1.6908
   0.5837
   0.5561
   0.8560
   0.6588
   0.5804
   0.6004
   0.4014
   1.5845
   2.0537
   0.3758
   0.4503
   1.3037
   1.9864
   1.1144
   1.1677
   1.6521
   0.6125
   0.8754
   0.5786
   2.9498
   1.8115
   0.9301
   0.4763
   0.7637
   0.7047
   0.8997
   1.5264
   0.2146
   0.7118
   0.6210
   2.4155
   1.0856
   0.4359
   1.7104
   0.5345
   0.3067
   0.5438
   0.9837
   0.3746
   1.7921
   2.4456
   0.8807
   0.3317
   0.9704
   0.5487
   0.3885
   1.0878
   1.0369
   0.4129
   0.9428
   0.4335
   0.5388
   1.1644
   1.7424
   1.0824
   2.1344
   1.0853
   0.7284
   1.7369
   1.5959
   2.0093
   1.1648
   1.3452
   1.1116
   0.5747
   2.1175
   0.8725
   0.8140
   0.5745
   0.5339
   0.7250
   0.4259
   2.3409
   0.4977
   0.8608
   2.6810
   0.9215
   0.3239
   0.4552
   1.3682
   1.7453
   1.6608
   0.7940
   1.5281
   1.1665
   0.7008
   0.7068
   0.7102
   1.3578
   1.6206
   0.1980
   0.1937
   0.5107
   1.1134
   1.2474
   0.5643
   0.5938
   1.0043
   0.4008
   3.1012
   1.6668
   0.6445
   1.3753
   1.6306
   0.8782
   0.6110
   1.1802
   0.8871
   0.4533
   2.2276
   0.4343
   0.5831
   0.6972
   0.9965
   1.9825
   0.8482
   0.5829
   0.9041
   0.8681
   1.5587
   0.7844
   0.5872
   0.8418
   1.2591
   1.1077
   1.1200
   0.5447
   1.3665
   1.1384
   0.2053
   0.7091
   0.9795
   1.0017
   0.8216
   1.4688
   0.5137
   0.1881
   1.4354
   0.4749
   0.2375
   0.4320
   2.1860
   1.4094
   1.6027
   0.9248
   0.9978
   1.5775
   0.6803
   0.9800
   0.5651
   0.9662
   0.8189
   1.2241
   0.4439
   0.5405
   0.5762
   1.7751
   0.6777
   0.2379
   1.1228
   2.0654
   0.4776
   0.2089
   0.2077
   1.3803
   0.2146
   1.2743
   0.5638
   0.6258
   1.0868
   1.2004
   0.9989
   1.2949
   1.4188
   0.8228
   1.6963
   1.2358
   1.9378
   1.4452
   1.5397
   0.2759
   1.3419
   2.0336
   0.9923
   0.6137
   0.9759
   1.5096
   0.9994
   1.7058
   0.3015
   0.6109
   0.8737
   0.9494
   1.1543
   0.7163
   1.5259
   0.8254
   1.0521
   1.0231
   1.1949
   0.8756
   0.6884
   0.6169
   0.9516
   0.4883
   1.6978
   0.6602
   2.5580
   1.5965
   0.7505
   2.1672
   1.1212
   0.9904
   0.7471
   0.5092
   0.8394
   1.3804
   1.3546
   0.6337
   0.5053
   1.2005
   0.3790
   0.8222
   0.4789
   4.2293
   1.4556
   0.6364
   0.2239
   0.4354
   1.1372
   1.1343
   0.6038
   1.1667
   0.3139
   1.6956
   2.2025
   0.3318
   1.1236
   1.7281
   0.7779
   1.6676
   0.8917
   0.3369
   1.8910
   1.3906
   1.7842
   0.8943
   1.3692
   0.7921
   0.8337
   0.6220
   1.2634
   0.7187
   2.2386
   0.3580
   0.5761
   0.3350
   0.9457
   0.5558
   1.8209
   0.7986
   0.5314
   2.4037
   2.5596
   0.6024
   1.1844
   1.4493
   2.1118
   0.8684
   0.9722
   0.5719
   0.5670
   0.9310
   1.2040
   1.3433
   2.5669
   1.4722
   0.5038
   0.8796
   0.9530
   0.9150
   0.9675
   1.2639
   1.5189
   1.4772
   0.6744
   0.7598
   0.7597
   0.9015
   1.2623
   2.1405
   0.8840
   1.4054
   0.3966
   1.3280
   0.1903
   1.3091
   0.4556
   1.4756
   0.6964
   0.4428
   0.6085
   2.5620
   0.3983
   0.8647
   1.1575
   0.8383
   1.1645
   0.3681
   1.0010
   0.9766
   1.6791
   0.2905
   2.1009
   0.2182
   1.3001
   1.5386
   0.6675
   0.9651
   0.3245
   1.5106
   0.7350
   3.3487
   0.2742
   0.6289
   0.7254
   1.1814
   2.5619
   0.1998
   0.6096
   0.5609
   1.9773
   1.9328
   0.8272
   1.7954
   0.4562
   0.2083
   0.6087
   1.0247
   1.1240
   2.0890
   0.9732
   0.4708
   0.3654
   1.6007
   0.9566
   1.3465
   1.1277
   2.2555
   0.3644
   1.5962
   1.9016
   0.6320
   0.3442
   0.5745
   1.0984
   0.4597
   0.7934
   1.1692
   1.3753
   1.0050
   0.4882
   0.4485
   0.5590
   0.8397
   1.0039
   0.5013
   0.6772
   1.1255
   0.6615
   1.2560
   1.3154
   0.2629
   0.9477
   1.0617
   0.8451
   0.7965
   2.1088
   1.1185
   0.7983
   0.9191
   0.9852
   0.3107
   1.4077
   0.5667
   2.5146
   0.9271
   0.9407
   0.9482
   0.7341
   1.1149
   0.6385
   3.5928
   1.0202
   1.2598
   0.4160
   0.6768
   0.6042
   1.3221
   1.1267
   0.9560
   0.3394
   0.6258
   0.5124
   1.0323
   0.9413
   1.4469
   0.8649
   1.0200
   0.5128
   0.4365
   0.1965
   1.0163
   0.8185
   0.2809
   0.5305
   1.5554
   1.8706
   1.5472
   0.7827
   1.5547
   0.9227
   0.2644
   1.5319
   1.8196
   0.5399
   0.7098
   1.0205
   0.7152
   0.8304
   0.8552
   1.1361
   0.8257
   1.4152
   0.3319
   1.3535
   1.4447
   0.6548
   1.8951
   0.8021
   0.8681
   0.6451
   1.2377
   1.4386
   0.6569
   1.9456
   1.3115
   0.6643
   0.3883
   1.4754
   0.4200
   0.7197
   0.4201
   0.9609
   0.3957
   0.4972
   1.6263
   0.3340
   0.2771
   0.2857
   0.9201
   0.7707
   0.3020
   0.8034
   0.8512
   0.8321
   0.6277
   1.0792
   1.7651
   1.2222
   2.1796
   1.2380
   0.3093
   0.6140
   0.1213
   0.4267
   0.4121
   0.7342
   1.1174
   0.4404
   0.6069
   0.6220
   1.2235
   0.7840
   1.2099
   0.8258
   1.5110
   1.0011
   0.6700
   2.6289
   0.8831
   1.1122
   1.3891
   0.2902
   1.1673
   0.2627
   0.9154
   0.2806
   1.7372
   0.4953
   0.2178
   0.8200
   0.5133
   0.9232
   0.9769
   0.9117
   1.3799
   0.5709
   0.7147
   1.0551
   0.3612
   0.3092
   0.9884
   0.6443
   0.7507
   1.0939
   0.9327
   0.8441
   0.6158
   0.9428
   0.7544
   0.3823
   0.3550
   0.3781
   1.1881
   1.6217
   0.9150
   1.1357
   1.5203
   0.3877
   0.2601
   0.5794
   0.7443
   0.6886
   0.4323

