   0.8653
   0.4780
   1.5477
   0.4429
   1.0000
   0.9239
   1.2773
   1.2261
   0.8295
   0.7014
   1.1440
   0.5619
   0.7202
   0.7579
   1.2982
   1.5778
   1.4896
   0.8881
   1.0166
   0.5122
   1.2537
   0.4834
   1.4506
   0.9586
   0.4408
   2.4781
   0.6735
   1.0170
   1.6694
   0.9749
   1.2721
   1.0549
   1.2797
   1.9181
   0.1491
   0.9113
   0.9313
   0.5962
   0.9105
   1.4726
   0.7026
   0.4977
   1.4500
   1.2898
   1.2518
   1.2069
   0.6522
   0.2658
   0.8237
   0.8003
   1.8036
   1.7927
   0.4423
   0.9659
   1.4492
   1.5999
   0.7280
   1.0683
   0.6420
   2.0664
   1.3323
   0.5307
   1.9894
   1.8342
   0.4869
   1.0549
   1.1116
   0.5822
   0.4603
   1.7853
   1.4721
   0.7138
   0.8789
   1.1595
   1.3334
   0.7161
   0.8745
   0.9209
   1.0908
   0.7520
   2.2656
   0.6364
   0.9977
   0.5554
   0.2957
   0.5660
   0.8795
   0.7197
   1.3910
   1.3004
   1.8044
   0.4752
   0.8805
   0.4230
   0.3897
   0.2683
   1.3279
   1.0138
   0.5368
   0.6032
   0.5885
   0.9240
   0.3906
   0.9194
   1.2011
   0.6457
   2.3852
   1.3880
   0.4362
   1.1378
   0.3632
   0.7989
   0.3320
   1.6371
   1.0532
   0.8366
   0.3049
   0.4887
   1.7732
   0.1793
   1.8970
   0.7918
   2.5948
   1.2125
   0.2782
   1.0234
   0.9455
   1.5363
   0.8797
   1.1010
   0.9457
   0.4794
   1.2404
   1.6103
   0.6710
   0.8399
   1.0821
   0.7467
   0.9893
   0.7196
   0.6184
   1.2051
   1.2546
   1.2392
   0.5896
   1.3800
   2.2695
   2.1520
   0.7969
   1.5472
   0.7819
   1.7828
   0.3757
   0.8694
   0.7445
   1.8024
   1.2806
   1.0875
   0.8172
   1.0021
   0.8283
   1.4050
   1.2354
   1.1212
   2.0858
   1.2444
   2.5179
   0.8772
   2.3299
   0.9840
   1.9219
   1.2548
   0.4750
   1.4016
   1.7581
   1.1083
   0.2988
   0.4417
   0.5785
   0.8223
   1.0796
   0.2165
   0.9241
   0.6164
   1.2323
   1.0562
   0.9504
   0.9869
   0.5079
   0.8276
   0.8995
   0.8451
   1.0034
   0.6761
   0.8812
   0.5320
   1.3548
   2.2190
   1.0189
   0.4370
   0.9020
   1.1845
   1.2662
   0.9894
   0.3791
   0.3445
   1.2468
   1.5731
   1.0245
   1.8911
   0.5440
   0.9604
   0.4343
   1.3136
   0.6018
   0.3852
   0.4775
   2.9511
   0.3861
   0.8556
   1.8185
   0.4330
   0.4837
   0.7889
   0.7005
   1.3805
   1.3312
   0.4114
   0.4860
   1.2620
   1.6746
   1.1830
   0.5540
   0.6478
   0.8600
   1.3885
   0.7783
   0.3914
   1.8267
   0.5414
   0.2276
   0.8378
   1.2002
   0.3982
   1.4808
   0.1776
   0.5594
   1.0924
   1.3235
   2.0263
   1.4843
   0.8332
   1.6868
   1.2622
   0.6991
   0.3573
   1.0580
   0.7050
   1.7823
   1.1851
   0.7918
   0.8173
   1.2923
   1.1613
   1.4067
   1.3671
   1.3568
   1.0369
   1.0001
   0.6225
   0.7280
   0.5484
   1.1384
   0.1414
   2.8308
   0.6777
   1.6546
   0.5166
   1.7599
   0.5761
   1.8083
   0.4522
   1.1521
   2.3864
   1.2351
   0.7363
   1.1425
   0.6874
   0.4854
   1.3351
   2.0614
   1.3023
   1.1034
   0.9647
   1.3676
   1.5403
   2.1897
   2.5139
   0.8838
   0.8054
   0.7714
   0.8587
   0.7834
   0.8500
   2.0961
   0.6539
   1.2523
   0.9859
   1.6712
   0.8621
   0.7967
   0.7232
   2.0493
   1.8526
   1.0122
   0.9226
   1.2644
   0.5579
   0.8364
   1.4031
   1.2915
   0.5725
   0.9555
   0.6796
   0.7220
   0.8595
   0.4779
   0.7933
   0.8472
   0.4076
   1.2677
   0.5765
   1.3007
   0.5484
   1.1633
   1.7636
   0.4149
   1.3789
   1.4734
   0.6090
   0.8728
   1.5266
   1.0572
   1.2534
   0.8155
   2.4944
   1.2712
   0.9471
   1.9105
   1.6604
   1.3023
   1.3946
   0.2084
   0.7306
   1.3704
   1.1168
   0.9756
   0.9782
   1.1851
   0.4325
   0.3773
   0.7858
   0.6939
   0.5711
   0.7267
   0.9627
   2.0735
   0.4337
   2.4286
   0.6376
   0.4798
   1.3113
   0.4783
   0.4474
   0.9895
   0.7071
   0.7200
   0.9829
   1.2115
   0.7167
   0.6317
   0.9922
   1.7751
   0.9626
   0.7863
   1.1607
   0.6928
   1.3509
   0.8335
   0.8404
   0.5530
   0.5789
   2.0984
   0.8350
   0.4294
   0.9670
   0.8329
   0.7745
   0.8207
   0.3917
   2.4905
   2.0746
   0.8748
   1.0281
   1.3892
   0.4640
   2.2217
   0.8440
   0.5629
   1.7310
   1.1312
   0.2991
   0.3472
   0.4934
   0.4481
   0.6690
   1.3968
   1.6690
   0.4731
   1.0736
   0.7015
   0.7548
   0.6040
   0.5670
   1.5273
   0.8043
   0.3622
   0.8942
   1.7560
   0.4463
   0.5739
   0.6563
   1.8456
   1.0217
   1.2458
   0.6934
   1.0409
   0.4041
   0.4567
   0.2896
   0.7510
   1.2400
   1.1431
   1.6602
   1.1485
   0.7818
   0.7020
   0.4470
   1.0354
   1.8566
   0.7340
   0.6562
   1.5675
   1.2980
   1.9306
   0.5179
   0.3843
   0.8593
   2.2172
   0.9759
   1.1335
   1.5145
   1.0642
   0.9454
   0.3199
   2.1921
   0.5307
   0.8249
   1.3470
   0.9845
   0.5449
   1.0853
   0.4673
   0.6815
   1.4848
   0.6058
   0.7555
   0.4015
   0.2780
   1.1266
   0.5760
   0.3883
   1.1492
   0.5032
   0.6971
   0.6378
   1.4211
   0.7553
   1.9597
   0.9668
   1.6282
   2.0350
   1.4749
   0.3098
   0.8440
   0.9345
   0.6964
   0.8241
   1.3738
   0.7462
   0.3677
   1.3326
   1.2916
   2.4642
   0.5173
   0.4433
   0.3248
   0.9320
   1.0426
   1.1465
   0.1427
   0.6629
   0.4096
   0.7135
   0.4879
   1.2832
   0.8563
   0.4692
   0.3369
   0.4397
   1.7508
   0.9309
   1.9227
   1.1284
   1.3957
   2.5452
   0.8731
   0.6556
   1.5450
   1.5546
   1.1350
   0.7223
   1.3373
   0.5837
   1.0895
   0.8923
   0.5607
   1.0034
   1.0875
   1.0372
   0.9514
   0.8467
   0.6241
   2.2087
   0.9784
   0.2658
   1.0057
   1.7850
   0.7889
   0.4102
   0.1789
   0.5543
   1.1356
   0.7776
   0.8768
   1.7799
   0.9339
   0.9454
   1.0225
   1.0789
   0.4118
   0.2769
   0.7821
   1.0532
   0.9294
   0.6006
   0.8365
   0.4027
   1.2263
   0.5604
   1.6547
   1.5569
   0.7517
   0.9903
   0.6654
   1.2889
   1.1320
   0.5471
   2.1565
   0.3835
   0.8727
   0.4075
   2.4024
   1.2310
   0.8946
   0.7536
   1.8177
   0.9184
   0.5550
   0.8775
   0.4940
   0.7411
   1.1531
   0.6942
   1.5007
   0.6023
   0.7745
   0.8939
   0.7223
   0.7553
   1.9934
   1.0874
   1.0196
   0.8600
   1.9212
   0.7086
   1.6280
   1.4574
   1.1676
   1.4972
   0.4696
   0.4216
   1.2816
   0.9876
   0.6873
   0.7227
   0.9070
   0.5085
   1.1640
   1.4385
   1.0567
   0.7027
   0.7559
   0.6897
   1.8318
   1.0001
   0.3564
   1.4757
   1.8700
   0.8276
   0.4791
   0.6411
   1.7305
   1.1088
   2.0757
   1.3007
   1.1534
   0.7163
   0.8220
   1.4993
   0.8337
   1.6824
   0.6994
   0.5890
   0.7042
   0.6101
   0.8543
   0.4348
   0.6166
   1.1262
   0.8990
   0.6644
   0.3081
   0.5139
   1.3711
   1.1853
   1.4568
   0.3981
   0.5501
   2.1672
   1.1867
   0.5343
   0.8748
   0.3505
   1.5430
   0.7157
   0.3381
   1.4383
   0.7229
   1.1244
   0.7896
   1.7708
   0.7270
   1.2049
   0.2361
   1.3832
   0.9793
   0.6570
   0.8367
   0.5933
   1.3444
   0.3486
   0.6026
   0.8468
   2.1835
   0.7674
   0.6084
   0.5135
   0.3274
   1.5166
   1.4181
   0.4663
   0.9893
   0.9763
   1.0748
   0.3354
   1.0098
   1.2017
   0.9029
   1.1033
   0.7787
   1.0820
   1.2743
   0.9858
   1.9488
   0.5036
   0.2548
   1.2048
   0.9597
   0.3705
   1.1029
   0.8050
   0.8891
   1.0583
   0.5679
   1.9186
   1.3969
   0.4954
   1.0222
   0.6238
   0.5772
   0.4268
   1.7945
   1.1467
   0.6863
   1.3243
   0.6692
   2.4279
   1.0217
   1.0626
   1.4957
   0.7473
   1.3096
   0.6922
   0.3560
   0.6757
   1.2259
   0.3479
   0.5158
   0.6942
   0.4326
   0.5008
   1.4965
   0.1685
   0.8498
   1.6925
   1.4518
   0.2571
   1.0948
   0.6974
   0.9269
   0.9290
   1.2364
   0.5868
   1.0220
   0.5593
   1.2595
   0.7911
   0.8122
   1.1250
   1.5293
   1.5103
   0.4937
   0.7557
   1.4980
   0.5142
   1.2285
   1.6489
   0.2664
   2.5193
   1.5830
   0.6091
   3.2607
   1.1457
   2.1277
   0.8494
   0.6093
   1.7270
   3.3606
   0.9346
   1.3938
   0.4245
   0.7963
   0.4513
   1.1562
   0.8655
   0.5379
   0.6564
   0.6557
   1.2249
   1.6578
   0.8692
   1.1348
   0.6244
   0.5228
   0.9074
   1.2400
   0.5249
   0.6530
   0.3998
   0.6683
   1.2171
   0.7599
   1.4674
   0.5882
   1.1160
   0.9192
   1.1365
   1.2201
   0.2392
   1.1045
   1.3357
   0.5791
   0.4919
   1.0540
   0.4694
   1.8075
   1.2466
   0.7475
   1.8123
   0.8983
   0.7946
   1.0297
   1.6325
   1.0574
   0.9612
   1.4402
   0.8121
   0.5699
   1.6883
   1.3975
   0.7393
   0.7609
   2.5617
   0.3450
   1.1612
   0.7734
   0.9470
   0.6717
   0.7302
   1.8083
   0.3298
   0.6749
   1.7491
   0.3166
   0.9019
   0.9067
   0.4401
   0.9407
   1.0671
   1.2640
   0.6216
   0.3397
   0.5015
   0.8886
   1.4150
   1.5225
   0.7686
   2.0700
   0.1145
   1.0330
   0.7312
   1.1699
   1.6309
   0.8573
   1.3816
   1.0009
   1.6152
   0.0562
   0.6212
   1.1636
   0.6497
   0.7449
   1.6545
   0.8560
   1.7268
   1.2384
   0.7577
   1.7396
   0.7696
   0.3776
   1.5858
   0.7035
   0.4225
   0.7076
   1.3949
   0.7469
   0.4303
   0.5380
   0.8640
   0.7183
   1.4009
   1.3443
   1.1680
   0.5597
   0.3131
   0.6766
   1.0894
   0.7194
   0.3545
   1.7733
   0.4982
   0.9085
   1.0441
   0.8440
   1.9090
   1.7617
   1.4528
   0.6046
   1.1423
   0.3918
   1.2920
   0.2463
   0.5846
   1.1566
   2.1425
   1.1844
   1.1254
   1.4901
   1.9824
   1.0996
   0.6411
   0.2191
   0.7125
   0.8088
   1.1190
   2.3023
   1.9016
   0.9356
   0.3928
   0.2424
   1.3804
   1.2165
   0.4404
   0.4228
   0.4995
   0.9179
   1.3270
   0.5674
   0.9397
   0.6949
   0.5804
   0.6587
   1.8566
   1.0653
   0.6303
   1.6517
   1.5346
   1.1234
   0.9879
   0.3855
   1.0743
   1.1492
   0.3629
   0.9333
   1.0659
   0.8231
   1.5534
   0.6668
   0.2919
   1.6378
   0.4901
   0.9549
   1.3183
   0.6687
   0.3905
   0.5720
   0.2060
   0.9131
   1.1097
   1.1766
   1.0945
   2.0106
   0.6361
   0.5426
   1.7118
   0.9446
   1.1237
   0.6854
   0.8492
   1.0897
   1.4203
   0.2347
   0.3925
   0.9837
   1.1371
   1.4052
   0.9944
   0.8917
   0.5829
   0.8045
   0.8025
   0.9680
   0.6006
   1.6142
   0.5187
   0.4897
   0.4330
   0.4252
   0.2070

