  1.0039e+002
  8.2178e+001
  2.1256e+002
  5.3979e+001
  3.0834e+001
  1.4024e+001
  7.0542e+001
  4.7603e+001
  2.1423e+002
  1.0644e+002
  1.1153e+002
  2.9182e+001
  5.8847e+000
  2.0781e+001
  2.7226e+002
  6.8182e+001
  1.7046e+002
  2.4209e+001
  7.0789e+001
  2.6695e+002
  1.0442e+002
  1.7751e+002
  7.6796e+001
  1.0490e+001
  7.3002e+001
  4.8161e-001
  2.0848e+001
  7.3411e+001
  3.3786e+001
  4.6602e+001
  1.2563e+002
  1.5278e+001
  3.1357e+001
  1.6302e+002
  4.4263e+001
  1.2089e+001
  4.4047e+001
  1.2849e+002
  3.4252e-001
  3.9443e+001
  1.2101e+001
  4.8308e+001
  2.6270e+001
  2.5017e+001
  5.6106e+001
  8.2162e+001
  9.9497e+001
  2.5569e+001
  1.8630e+001
  9.0043e+001
  5.6065e+001
  1.8913e-001
  6.3892e+000
  7.3279e+000
  4.5381e+001
  1.0192e+002
  1.2681e+002
  9.7692e+001
  1.3447e+001
  1.2266e+002
  2.1631e+002
  6.1165e+000
  3.4905e+001
  2.6665e+001
  1.6240e+001
  7.7272e-001
  7.7378e+001
  1.6579e+001
  4.0894e+000
  5.7200e+001
  4.1156e+001
  4.4027e+001
  2.3090e+001
  9.8041e+001
  3.7765e+002
  1.2602e+002
  2.0865e+001
  8.3725e+000
  1.0375e+002
  4.8246e+001
  1.1085e+001
  7.9663e+001
  9.7092e+001
  1.9984e+002
  8.3948e+001
  3.7882e+001
  4.2204e+001
  5.0606e+001
  7.9109e+001
  6.2948e+001
  4.5055e+002
  1.2210e+001
  9.5820e+001
  2.4216e+001
  1.6330e+002
  1.3392e+002
  1.9956e+001
  9.0504e+001
  2.7137e+000
  2.5333e+002
  2.8132e+000
  3.9294e+001
  8.5443e+001
  2.7718e+001
  4.0820e+001
  4.4696e+000
  7.8077e+000
  1.3919e+002
  2.8242e+002
  2.2863e+001
  1.2136e+001
  1.9388e+001
  1.6277e+002
  1.9364e+002
  5.2077e+001
  2.3470e+002
  2.9577e+002
  4.4945e+001
  6.2866e+001
  1.4405e+001
  1.2859e+002
  1.9020e+002
  1.8206e+002
  1.2950e+002
  8.3242e+001
  4.7907e+000
  1.7032e+002
  2.3894e+002
  7.4246e+000
  1.5061e+002
  3.0092e+001
  8.0934e+001
  2.9576e+002
  1.9513e+002
  2.3363e+002
  1.3289e+002
  1.5141e+002
  4.1910e+000
  1.4760e+002
  9.4271e+001
  3.2232e+002
  5.4876e+001
  4.4701e+001
  1.0889e+002
  3.4405e+001
  1.8158e+001
  6.9349e+001
  3.2292e+000
  2.7403e+000
  1.9199e+002
  1.3532e+001
  9.5727e+001
  4.0329e+000
  4.9126e+001
  2.7380e+002
  1.4357e+001
  2.8803e+001
  2.0155e+001
  5.7503e+001
  1.5305e+002
  2.6957e+002
  5.0682e+002
  1.0061e+002
  1.0649e+002
  1.2472e+003
  1.5145e+001
  2.4496e+001
  2.1368e+002
  3.3937e+000
  3.8886e+001
  8.2372e+001
  7.6525e+001
  3.9433e+001
  1.7862e+002
  2.3138e+002
  2.3409e+001
  2.7589e+001
  2.0315e+001
  3.6868e+001
  9.3173e+001
  1.1712e+002
  3.5734e+001
  4.0353e+002
  1.5807e+002
  1.3009e+002
  5.1090e+000
  4.4015e+001
  5.1478e+001
  3.3628e+002
  1.1004e+001
  5.0231e+001
  2.2276e+002
  1.4955e+002
  2.2467e+001
  8.3253e+001
  2.9798e+001
  3.4397e+001
  4.5763e+001
  1.0318e+002
  1.2826e+002
  5.7290e+001
  1.1842e+002
  5.5807e+000
  6.6476e+001
  8.7161e+001
  7.1891e+001
  6.7047e+001
  1.0047e+001
  3.8071e+001
  1.1879e+001
  1.3395e+002
  2.6528e+001
  4.7901e+002
  7.5438e+001
  4.4845e+000
  1.2483e+002
  1.6793e+002
  1.7426e+001
  8.3407e+001
  1.5453e+002
  1.1225e+001
  1.9253e+002
  7.1489e+001
  1.0549e+002
  5.9362e+001
  1.1660e+002
  3.6354e+002
  8.5372e+001
  2.0487e+001
  6.5413e+001
  1.2483e+002
  1.6084e+001
  5.6834e+000
  1.0530e+002
  2.0110e+000
  5.6700e-001
  3.7121e+001
  8.2746e+000
  1.8012e+002
  1.7876e+001
  1.3867e+002
  1.9076e+002
  2.1370e+002
  1.0741e+002
  4.8991e+001
  5.5292e+001
  1.2372e+002
  4.1389e+001
  1.1103e+002
  4.3973e+002
  4.5068e+001
  2.9562e+001
  1.0138e+002
  3.4354e+002
  2.2382e+002
  1.8097e+001
  5.7334e+002
  3.5163e+001
  5.6736e+000
  7.9633e+001
  1.6029e+002
  1.8748e+002
  4.3987e+001
  4.5839e+001
  5.2795e+001
  3.6366e+002
  3.6936e+001
  8.7568e+001
  1.2258e+001
  7.1152e-001
  1.5655e+002
  2.0487e+001
  1.7591e+002
  1.0043e+001
  8.6653e+001
  2.5497e+001
  1.2144e+001
  8.8895e+001
  5.8340e+000
  1.5748e+002
  3.3185e+002
  7.4075e+001
  3.3382e+002
  6.2280e+001
  2.0382e+002
  4.2373e+001
  3.6416e+001
  1.2951e+002
  5.0608e+001
  1.5262e+002
  4.9752e+002
  3.1526e+001
  1.0141e+002
  3.8232e+001
  1.9547e+002
  8.7408e+001
  5.4874e+001
  6.2252e+001
  2.0935e+001
  4.9492e+001
  1.4527e+001
  5.6735e+001
  3.8142e+000
  3.3634e+001
  1.6860e+001
  2.8205e+002
  7.6297e+001
  1.7072e+002
  6.5557e+001
  4.3799e+001
  2.5708e+002
  2.1097e+002
  2.2792e+000
  1.3923e+000
  2.7078e+002
  8.2534e+001
  8.4875e+001
  5.5607e+000
  1.0358e+002
  1.5849e+000
  1.9728e+001
  2.1141e+002
  8.3583e+002
  9.8000e+001
  4.8860e+001
  1.5267e+001
  1.8008e+002
  7.3817e+000
  1.1678e+001
  5.0464e+000
  1.2854e+002
  2.1215e+002
  2.1100e+002
  9.3258e+001
  1.1977e+002
  1.4467e+002
  1.4030e+002
  2.5652e+001
  1.3058e+001
  2.7891e+001
  1.4845e+001
  3.2605e+001
  1.1526e+002
  3.9724e+001
  6.6521e+001
  4.3766e+002
  1.0525e+001
  1.0020e+002
  8.1327e+001
  1.5737e+002
  9.6059e+001
  1.5835e+002
  3.4184e+001
  3.3693e+001
  3.7916e+001
  6.5187e+001
  1.9257e+001
  1.6003e+002
  1.5139e+002
  1.1730e+002
  8.4467e+000
  8.6445e+001
  7.5315e+001
  2.4670e+001
  3.1113e+001
  2.6332e+002
  2.8731e+001
  2.2756e+002
  3.0642e+001
  2.8153e+000
  1.2126e+001
  6.8618e+001
  1.1306e+002
  4.8736e+001
  2.8333e+001
  8.4680e+001
  8.3772e+001
  5.9279e+001
  1.7298e+002
  1.8481e+001
  7.8270e+001
  3.6633e+002
  2.5212e+002
  2.1832e+001
  3.1339e+001
  1.4749e+002
  5.1286e+000
  1.9449e+001
  1.3379e+002
  8.9062e+001
  5.7055e+001
  1.7594e+002
  1.9609e+002
  2.9294e+001
  4.0136e+002
  1.5988e+002
  5.5447e+000
  2.8879e+002
  6.8990e+001
  1.5965e+001
  1.5057e+001
  1.8000e+002
  6.6149e+001
  1.2489e+001
  1.1321e+002
  2.6054e+002
  7.9930e+001
  2.3514e+002
  2.4534e+002
  1.5956e+002
  1.3313e+002
  2.2965e+002
  2.5265e+001
  5.3332e+001
  9.0697e+000
  3.0831e+002
  4.5684e+000
  1.2662e+001
  8.4136e+001
  3.1719e+001
  9.4518e+001
  9.3723e+000
  1.1631e+002
  2.4984e+001
  1.1088e+001
  6.3695e+001
  3.9383e+001
  2.0276e+001
  7.4766e+001
  1.3249e+001
  3.1820e+001
  8.4509e+000
  4.0707e+002
  1.6540e+002
  3.4654e+001
  2.2155e+002
  8.8017e+001
  4.0326e+002
  4.4283e+001
  3.1285e+001
  3.0992e+001
  2.4081e+001
  4.2501e+001
  1.2620e+002
  5.0853e+001
  4.1598e+002
  1.3359e+001
  2.0887e+000
  1.7996e+001
  1.3574e+001
  1.4571e+002
  4.5991e+001
  1.0369e+001
  8.6130e+001
  1.0799e+001
  4.6806e+000
  4.4508e+001
  1.9585e+002
  1.5137e+002
  2.1132e+001
  2.1226e+002
  1.5385e+002
  2.0755e+001
  1.2138e+002
  8.7633e+001
  3.7112e+001
  1.2225e+002
  1.2696e+002
  7.6470e+001
  3.3482e+001
  1.3226e+001
  2.7431e+001
  1.0005e+002
  4.1937e+001
  1.3245e+001
  7.7280e+001
  4.0523e+002
  6.0649e+002
  6.6984e+000
  2.8311e+002
  5.1951e+001
  1.2581e+002
  1.8991e+000
  3.6014e+001
  1.7552e+002
  2.6590e+001
  1.2154e+002
  4.4697e+001
  1.3995e+002
  1.7863e+002
  3.3010e+002
  1.8402e+002
  3.8961e+001
  1.3461e+001
  2.2767e+002
  3.4885e+001
  3.5658e+001
  8.8199e+001
  1.2875e+001
  1.6974e+001

