   0.8338
   1.0223
   1.2650
   1.1603
   0.6612
   1.4731
   1.2500
   0.8020
   1.6304
   1.0992
   0.6294
   1.0000
   1.4582
   1.3345
   1.3886
   0.8211
   1.2009
   1.1069
   0.3481
   0.7864
   0.9554
   0.6012
   1.0493
   1.0330
   1.0000
   0.4067
   1.4877
   0.6067
   1.1586
   0.6198
   0.9832
   1.0390
   1.2094
   0.3384
   0.7825
   1.1379
   1.1576
   1.0271
   0.2335
   1.0674
   0.4483
   1.4183
   0.7142
   1.1068
   1.1483
   1.3697
   1.2644
   1.2115
   1.8632
   1.0000
   0.9113
   1.3599
   0.6571
   1.0000
   1.0000
   1.0048
   0.6557
   0.8620
   1.5368
   0.2213
   1.4564
   1.2576
   1.5354
   1.5448
   0.8299
   0.5400
   0.6165
   1.0000
   0.5605
   0.7828
   1.0102
   1.1856
   1.0000
   0.9166
   1.1076
   1.0000
   0.6256
   0.9316
   0.7390
   1.1027
   0.9050
   0.6764
   1.9548
   1.3701
   0.7244
   1.0687
   1.0000
   1.0000
   1.3824
   0.9500
   1.1824
   1.3224
   1.3728
   1.4402
   1.0000
   0.6398
   1.0742
   1.0000
   0.7596
   1.1468
   1.3792
   1.1279
   1.0000
   1.0000
   1.0000
   0.5840
   1.0720
   0.5118
   1.1530
   0.8107
   1.5720
   0.8755
   0.8323
   1.1825
   1.0000
   1.2566
   0.5249
   1.0000
   1.0497
   0.7349
   1.3996
   0.8984
   0.9962
   1.1364
   1.0701
   1.0000
   0.6115
   0.7058
   1.0000
   1.0000
   0.9386
   1.3391
   0.9013
   1.0000
   1.1474
   0.6815
   1.1158
   1.1526
   0.5470
   0.6732
   0.4174
   0.8725
   0.5269
   1.4823
   2.0039
   0.6475
   1.0000
   0.6262
   0.7253
   1.5062
   0.3871
   0.9721
   1.9219
   1.6292
   1.0000
   0.7819
   0.5939
   0.7799
   1.3466
   1.2921
   1.1144
   1.0000
   1.0337
   1.2282
   1.0000
   0.7369
   0.8860
   0.6501
   0.4090
   1.2395
   1.0000
   0.5947
   1.1134
   1.4055
   0.5017
   0.7550
   1.0000
   1.2390
   1.2410
   0.5876
   0.5345
   1.9063
   1.0665
   1.4427
   0.9963
   1.1325
   1.3614
   1.7867
   1.1579
   0.7471
   1.0000
   0.5259
   0.6958
   0.5744
   1.0000
   0.6805
   1.2811
   1.6811
   0.7905
   0.8146
   1.1759
   1.0000
   1.2470
   1.0000
   1.6837
   0.6932
   1.3408
   1.2640
   1.0171
   1.0716
   1.1592
   0.4925
   1.0000
   1.0000
   0.6864
   1.2253
   0.7330
   0.3976
   1.4289
   0.6376
   0.4370
   0.7327
   1.0000
   1.3591
   0.4508
   1.4476
   1.5953
   1.0022
   0.9167
   1.0289
   0.5517
   0.9566
   0.8827
   0.9677
   1.4494
   1.1923
   1.0000
   0.7392
   1.2168
   1.4500
   1.0452
   1.4734
   0.7899
   1.2656
   1.0361
   0.3326
   1.1320
   0.9042
   1.3842
   1.0000
   0.7043
   1.0000
   1.0001
   0.7468
   0.6399
   1.0906
   1.0000
   1.3547
   1.1620
   1.1497
   1.4752
   0.5758
   1.0238
   0.7431
   1.3769
   1.3242
   1.1448
   1.0000
   0.6310
   1.1855
   1.4302
   1.5496
   0.9095
   1.0950
   2.0288
   1.0000
   0.9403
   1.0000
   1.0000
   1.0058
   1.0051
   0.8872
   1.0000
   1.3908
   1.5360
   1.0340
   1.0000
   1.1091
   1.6232
   0.6740
   1.3497
   1.2998
   1.8940
   1.1555
   1.0238
   1.0000
   1.2043
   1.0000
   1.0000
   0.7083
   0.9217
   1.0716
   1.0000
   0.4531
   0.9846
   0.6366
   0.5262
   0.7457
   1.5200
   0.3918
   1.0000
   0.7477
   0.1763
   0.8767
   1.1258
   1.3429
   1.1070
   1.5801
   0.9124
   1.0368
   0.8634
   0.9411
   0.5413
   0.7934
   0.8920
   0.8458
   0.5598
   0.9311
   0.9136
   1.0173
   0.5004
   0.5884
   2.5322
   0.9508
   1.0000
   0.5028
   0.6025
   0.7897
   0.6804
   1.2974
   0.4280
   0.7066
   0.6754
   1.2519
   0.8265
   0.9187
   1.2751
   0.5153
   1.3773
   1.0288
   0.9550
   1.1040
   1.8042
   0.7928
   1.2705
   0.7010
   1.5125
   0.9131
   1.0597
   1.0738
   1.3521
   1.0080
   1.3410
   0.8874
   1.2994
   0.4237
   0.8112
   0.4493
   1.3118
   0.6072
   1.1263
   0.9308
   0.9705
   1.0339
   0.7873
   0.7118
   0.6282
   0.7518
   0.9229
   1.9025
   0.9631
   0.6657
   0.8962
   1.7777
   1.1514
   1.0204
   0.2711
   0.8949
   0.7464
   0.9314
   0.6202
   1.3142
   1.1506
   1.0000
   0.4938
   1.0000
   1.5019
   0.5177
   1.0900
   0.5316
   0.7856
   0.8687
   1.0000
   1.4322
   1.0000
   0.8531
   1.0821
   0.8643
   0.6380
   1.3960
   0.7264
   1.1219
   0.9871
   0.5817
   1.2372
   0.5605
   1.0414
   1.0436
   0.9996
   0.8922
   0.8122
   0.6434
   1.0275
   1.7330
   1.3116
   0.5168
   0.5966
   1.1571
   0.6791
   1.4017
   1.3994
   1.3056
   0.8887
   1.0122
   0.6743
   0.7830
   0.8053
   1.0000
   1.5381
   0.9468
   1.7242
   1.0174
   1.0000
   0.8646
   1.2869
   1.3363
   0.6457
   1.1315
   0.5822
   1.1218
   0.4150
   1.1465
   0.9555
   0.7422
   1.2684
   1.1527
   1.1364
   1.3136
   0.7822
   0.9801
   1.2934
   1.5011
   1.0000
   1.1507
   1.5745
   1.6225
   0.8779
   1.0578
   1.2430
   0.5088
   1.6021
   0.7094
   0.6991
   1.2694
   0.8113
   1.0000
   0.8201
   1.4404
   1.1713
   1.0000
   0.8370
   0.4817
   0.5667
   1.0000
   0.6377
   0.5125
   1.3568
   0.6427
   0.9821
   1.8447
   0.7554
   1.0618
   1.5394
   0.7776
   0.8742
   1.1034
   1.0000
   1.3625
   0.3548
   1.2112
   0.9207
   1.4156
   1.3586
   1.2274
   1.1165
   1.1512
   0.9850
   1.4600
   1.1040
   2.1233
   0.7394
   1.2036
   0.8338
   1.7131
   1.0371
   0.6201
   1.0000
   0.9983
   1.1919
   0.7428
   0.4807
   0.8374
   1.0593
   1.0821
   1.6489
   0.8796
   1.5803
   0.4678
   0.5217
   1.0357
   0.5449
   0.6113
   1.0000
   1.5291
   1.0000
   1.0000
   1.7950
   1.0000
   0.8078
   0.3930
   1.3324
   0.7483
   1.0000
   0.5422
   1.3400
   0.6517
   0.6529
   1.2730
   0.4331
   1.0000
   1.1623
   0.9476
   0.7452
   1.6587
   1.4495
   1.6044
   0.8307
   0.7995
   1.6619
   1.3568
   0.5435
   1.0892
   0.3526
   1.7493
   0.2798
   0.5006
   1.1343
   1.0000
   0.8728
   1.0824
   0.7618
   0.5510
   0.7797
   1.0000
   0.4347
   1.2491
   0.6432
   0.9833
   1.0230
   0.7270
   1.1084
   1.1098
   0.7743
   1.0000
   0.9771
   1.0669
   1.9320
   1.1475
   1.4260
   0.8317
   1.0000
   0.9523
   1.0000
   0.6444
   1.9584
   0.6275
   0.4930
   0.7645
   0.5500
   0.5035
   0.6148
   1.8389
   0.8367
   1.0000
   0.9262
   0.6445
   1.2852
   1.7935
   0.7685
   1.0563
   1.0000
   1.5182
   1.0000
   0.9628
   0.4526
   1.2621
   1.0000
   1.1031
   0.5815
   0.8250
   1.2555
   1.5305
   1.2954
   1.0671
   1.4033
   1.0384
   1.2510
   0.8823
   0.4063
   0.7415
   1.6712
   1.0143
   1.1271
   0.6001
   1.0000
   1.0000
   1.8507
   0.7222
   1.0392
   1.0000
   1.2266
   1.0000
   0.8610
   0.7727
   0.5570
   0.5383
   1.2218
   1.1001
   1.3438
   0.8517
   1.3167
   0.8908
   0.9319
   1.0000
   1.0000
   1.4096
   0.5107
   0.8994
   1.0000
   0.7926
   1.0476
   1.0028
   1.2068
   0.5980
   0.8429
   1.3897
   0.9111
   0.9246
   0.9292
   1.3823
   1.0000
   1.0000
   0.7468
   1.0049
   0.7852
   0.6814
   1.3837
   0.7117
   1.0000
   0.9349
   0.7438
   0.9127
   1.1837
   1.1290
   0.7870
   0.6928
   0.9095
   1.4136
   1.1385
   0.9112
   0.8277
   0.7190
   0.7132
   0.6724
   0.8214
   0.9640
   0.9088
   1.0000
   1.1421
   0.7248
   1.2530
   1.3456
   1.0000
   1.5254
   0.9008
   1.2442
   1.0000
   1.0000
   1.2545
   0.3188
   1.2398
   0.6932
   0.5698
   1.0251
   1.2405
   1.0000
   0.9877
   1.1957
   1.7680
   0.8693
   1.1390
   1.2546
   1.1433
   1.4299
   1.5954
   0.5433
   1.1082
   0.9291
   1.4827
   0.4994
   1.0000
   1.0000
   0.9335
   1.3458
   1.0000
   0.5904
   2.0617
   1.0000
   1.3476
   1.1567
   1.0636
   1.2241
   0.9132
   0.8111
   1.0000
   0.7231
   1.1190
   1.0000
   0.5388
   0.5395
   1.0065
   0.8058
   0.9196
   0.7047
   1.1601
   1.0921
   0.6671
   1.0000
   1.6189
   1.0000
   0.6085
   0.4348
   0.7003
   1.0000
   1.3641
   0.9216
   1.3617
   1.0000
   1.0000
   1.7922
   1.0000
   0.9942
   1.0000
   1.3622
   0.5265
   1.1921
   1.0554
   1.6230
   1.7567
   1.0673
   1.0074
   1.1427
   0.9503
   1.5781
   1.0000
   1.1156
   1.1786
   0.5692
   0.5752
   1.1524
   1.3096
   0.8797
   0.3788
   0.5300
   0.8163
   1.0000
   0.6231
   1.7413
   0.7713
   1.1767
   0.7342
   0.6885
   1.4591
   0.8830
   0.5815
   1.0000
   1.2481
   0.6183
   1.6147
   1.6439
   0.7894
   1.0560
   0.7350
   1.1127
   0.3451
   1.1111
   1.0020
   0.5768
   0.5603
   0.7705
   0.7739
   0.5610
   1.5626
   0.7401
   1.1034
   0.5255
   0.4023
   1.1801
   0.6279
   0.2985
   0.6432
   0.6060
   0.8575
   1.7122
   1.0000
   0.8856
   0.8275
   0.1970
   0.6370
   0.6373
   0.8911
   1.2987
   1.5710
   1.0000
   1.3572
   0.9177
   0.7544
   1.7187
   0.7852
   0.8470
   1.0000
   0.5974
   1.3770
   1.1968
   1.0161
   1.0000
   1.3276
   1.2445
   0.5227
   0.9405
   1.1030
   0.5352
   0.9181
   1.2283
   0.6529
   1.4432
   0.3646
   0.7981
   0.3773
   1.0000
   1.0000
   0.7892
   0.6251
   0.5333
   1.5829
   1.0000
   0.8374
   1.1173
   0.4405
   1.0000
   0.5774
   1.0000
   1.0000
   1.3225
   0.7679
   1.3593
   0.9301
   1.4192
   1.3889
   1.3111
   1.4661
   1.1838
   1.0000
   0.6667
   0.4056
   0.8536
   1.6698
   1.0000
   0.7180
   1.2053
   0.8595
   1.0000
   0.6798
   0.8333
   1.3948
   1.2743
   1.3349
   0.8014
   0.6573
   1.0701
   0.5708
   0.9667
   0.7637
   1.3928
   0.5555
   1.0000
   1.0259
   1.3964
   0.4592
   0.8295
   0.5496
   1.0702
   1.6358
   1.0000
   1.0000
   0.6633
   1.1277
   1.0000
   1.0992
   0.4502
   1.4566
   0.7311
   1.3816
   1.3787
   1.0000
   0.9837
   0.9573
   0.7707
   0.8747
   0.9215
   0.8984
   0.7950
   1.6067
   1.0000
   1.7580
   0.9593
   1.2601
   1.2050
   0.6960
   1.0000
   0.6943
   0.8110
   0.9178
   0.5743
   1.0000
   0.8205
   1.3710
   1.0000
   1.6505
   1.0134
   0.6461
   1.0000
   0.9098
   1.4551
   0.3745
   0.6205
   1.0000
   0.8926
   0.6208
   0.6635
   1.0000
   1.4030
   0.6345
   0.9898
   0.8542
   1.0000
   1.2987
   0.8838
   1.3068
   1.0407
   1.1062
   1.3223
   1.0209
   1.0000
   1.5287
   1.0121
   1.8010
   1.3546
   0.8708
   1.0000
   1.1192
   0.7784
   0.5929
   1.4345
   0.7832
   1.0000
   1.6989
   0.4699
   0.9015
   0.5172

