    1.4601
    0.2148
    0.7723
    0.5815
    1.1791
    2.0910
    0.1433
    0.4865
    0.6958
    0.0642
    0.9694
    1.1128
    0.9391
    4.8729
    7.0546
    0.0439
    0.2817
    0.0146
    1.9898
    0.6176
    1.9266
    1.1585
    0.1939
    0.7188
    0.1725
    0.4626
    0.9843
    0.6076
    0.0116
    0.2731
    1.0561
    1.0425
    0.5931
    0.5634
    0.3791
    1.3127
    0.9927
    3.5780
    0.5753
    0.2325
    1.5428
    0.0622
    0.1274
    0.3298
    0.2906
    0.0150
    1.5059
    1.4038
    0.0055
    0.0597
    0.8107
    2.3518
    0.1594
    2.4171
    0.2803
    0.2041
    3.6028
    0.3386
    0.0832
    0.5601
    0.1791
    0.0457
    2.6356
    0.0977
    0.1383
    0.4349
    0.7516
    0.0967
    0.5052
    0.5058
    0.9877
    0.2276
    0.4671
    1.5032
    0.1312
    0.3297
    0.0273
    0.9424
    0.0219
    0.1596
    0.0820
    1.0526
    0.0310
    4.9549
    0.5611
    1.0543
    0.3657
    0.8609
    0.2788
    0.0213
    0.0862
    0.5981
    0.0235
    1.7159
    0.1559
    0.2631
    0.7949
    0.4035
    0.2021
    0.6321
    1.9942
    0.4064
    0.1228
    0.0973
    2.6435
    0.1254
    0.6296
    0.4018
    0.1326
    0.1135
    1.2093
    0.7686
    0.2253
    0.6770
    3.9034
    0.0152
    3.3905
    0.1794
    0.1193
    0.1843
    0.0328
    5.9094
    0.1778
    0.5468
    3.4255
    0.1184
    1.1817
    3.1021
    1.4791
    0.4122
    1.7554
    0.1366
    0.2447
    0.0354
    2.5975
    0.0588
    0.4208
    1.0940
    0.1851
    0.4875
    0.0224
    0.3521
    0.0228
    0.4062
    0.1444
    0.2140
    0.4845
    0.2554
    0.0732
    1.0927
    2.7289
    1.5806
    0.4569
    1.0288
    0.9992
    1.6044
    2.9961
    0.6687
    0.0029
    0.1296
    0.7933
    0.6413
    0.6958
    0.4692
    0.2020
    0.0452
    0.0136
    0.8308
    1.2658
    0.0418
    0.0242
    0.4788
    0.0171
    0.9564
    1.0204
    0.7567
    0.1436
    0.1153
    0.0120
    0.3357
    5.7682
    0.1719
    1.1460
    0.4992
    0.4798
    0.0085
   10.2235
    0.6170
    0.4228
    0.3322
    0.1826
    0.1136
    0.4528
    0.0063
    2.5862
    1.4050
    0.2927
    0.1467
    0.1327
    4.4609
    0.0532
    0.4034
    0.5176
    0.9894
    0.2158
    2.3979
    0.9200
    0.3906
    0.3107
    4.8841
    0.1590
    0.0366
    3.5554
    0.0182
    2.3808
    0.3151
    3.5105
    0.0554
    2.5396
    0.5370
    0.0220
    0.6282
    1.3834
    1.7958
    0.1617
    0.0508
    0.3352
    2.0350
    0.6436
    0.6831
    0.8133
    1.1264
    0.2700
    0.8303
    0.4594
    0.4412
    0.9304
    0.2800
    4.1697
    0.3216
    0.3051
    1.1752
    0.2551
    1.3497
    1.0824
    0.7139
    0.1353
    0.7022
    1.5958
    0.0193
    0.6322
    2.3732
    0.4676
    0.1718
    0.1189
    0.6262
    0.8911
    0.1573
    0.1740
    0.0561
    7.6983
    1.0993
    0.8157
    0.9975
    0.1880
    0.7683
    0.5361
    1.4474
    3.4961
    0.3023
    0.6584
    1.0082
    0.3004
    5.0981
    0.4090
    0.8400
    0.1316
    0.0871
    0.1357
    0.2938
    0.0004
    0.1440
    3.2713
    0.5578
    0.3693
    0.3041
    0.1261
    4.7061
    0.5413
    0.7047
    2.6396
    0.2131
    0.0514
    0.2813
    0.7388
    0.1433
    0.2759
    0.2856
    0.8447
    4.6909
    0.0761
    0.2180
   11.1138
    0.2773
    1.0005
    0.0618
    0.5211
    0.6483
    1.0133
    0.1784
    7.3305
    0.2428
    1.0402
    0.4415
    0.6966
    0.9886
    2.9184
    1.5586
    1.0706
    1.2521
    1.0985
    0.8391
    4.6841
    0.7409
    0.6556
    0.8777
    0.5665
    0.0808
    0.1708
    0.9116
    0.2296
    4.2573
    1.7985
    0.0863
    0.6989
    0.1817
    0.4864
    1.8264
    0.3050
    0.0616
    0.4944
    1.9950
    2.7809
    0.7746
    5.3695
    1.3303
    1.3254
    0.9650
    0.2776
    0.4387
    0.9233
    0.2694
    0.4243
    0.7832
    0.4954
    0.1543
    0.0126
    3.0605
    0.0032
    3.3419
    3.0664
    0.5236
    0.3830
    0.3614
    0.2445
    0.0032
    4.4892
    0.2652
    0.4217
    0.7749
    0.0684
    0.1417
    0.3267
    0.0511
    0.2016
    0.3363
    1.2718
    0.0888
    0.5624
    0.1907
    0.2871
    0.4653
    0.0213
    0.0458
    0.1027
    0.2231
    2.3682
    1.3293
    0.2599
    0.8673
    0.0778
    1.4027
    1.6030
    3.5108
    0.5977
    1.3020
    3.1506
    0.0704
    2.6584
    0.2878
    2.4408
    0.5096
    0.1666
    0.0498
    0.6771
    2.8227
    0.0291
    1.8178
    0.2146
    0.8317
    0.0036
    1.2313
    0.1262
    0.5349
    0.1781
    0.7988
    0.5338
    0.0437
    2.3897
    0.0745
    0.2990
    0.0383
    0.0551
    0.4056
    0.6497
    1.3472
    0.2303
    0.3584
    0.8791
    0.0260
    3.5708
    0.3080
    0.2877
    0.4851
    0.2303
    0.1072
    0.4292
    1.2430
    0.4422
    1.0390
    0.5553
    0.0910
    0.4070
    0.4946
    0.5101
    0.0152
    0.4488
    0.5871
    0.6701
    1.2393
    0.1006
    1.1254
    1.6488
    0.4688
    0.7909
    0.0431
    0.3090
    4.0444
    0.2471
    0.3592
    0.2589
    0.0365
    0.1585
    0.0498
    0.3665
    0.7521
    2.6399
    1.2390
    1.3920
    1.1277
    0.2163
    0.4666
    0.6978
    0.0634
    0.5893
    0.0705
    0.8396
    0.9846
    2.5026
    1.6249
    1.6475
    0.0782
    0.0179
    0.0274
    0.0828
    0.0729
    0.6908
    0.9777
    0.1603
    0.0786
    0.2447
    1.3744
    1.3293
    0.4925
    0.3235
    0.9335
    0.4495
    0.0735
    0.0485
    1.3480
    0.0447
    0.8050
    1.0207
    1.0260
    0.1015
    0.2296
    0.1030
    2.8430
    2.7428
    1.2779
    4.7209
    0.2808
    1.4073
    0.1327
    2.5980
    0.1915
    0.4255
    1.2645
    0.0454
    0.1345
    0.1104
    0.2247
    0.2687
    0.4229
    0.0813
    0.3417
    0.3888
    0.3073
    0.3568
    4.7888
    2.6074
    0.0777
    0.4104
    0.4129
    0.1616
    0.3668
    4.7493
    1.4552
    0.2505
    0.0767
    0.2303
    0.6629
    0.7973
    1.1066
    1.8893
    0.8665
    0.7901
    0.0149
    0.1727
    0.3143
    0.9179
    0.0656
    0.0245
    5.2013
    0.9726
    0.5047
    0.8927
    0.2337
    0.2605
    0.0608
    0.0628
    6.4087
    0.2374
    0.4024
    0.8960
    4.9682
    0.2460
    0.5019
    1.3640
    1.2427
    0.1032
    0.5427
    4.3730
    4.8548
    0.2318
    0.2379
    0.2130
    0.7909
    4.0646
    0.0079
    0.5691
    0.8600
    0.2640
    0.3357
    0.0478
    2.0052
    0.6516
    0.6877
    0.0643
    0.9527
    0.3379
    1.7610
    4.6975
    0.3646
    0.6828
    0.7713
    2.8457
    0.5122
    2.1420
    0.1972
    0.0491
    0.1334
    0.7294
    0.3394
    7.1857
    0.1370
    2.8428
    0.2954
    1.2380
    1.7089
    0.3882
    3.6269
    2.0263
    0.9377
    0.3295
    2.2592
    0.5059
    0.0025
    0.6636
    0.0145
    0.0988
    0.4838
    0.1009
    0.1266
    0.6362
    0.6925
    0.6005
    0.0537
    0.1614
    1.5903
    1.0070
    2.0726
    0.5163
    0.2392
    2.3969
    3.9488
    0.6434
    0.1173
    0.1976
    0.2231
    0.0324
    3.2471
    0.1747
    1.5827
    0.0966
    0.1782
    1.2475
    0.6147
    0.4831
    0.1480
    1.7563
    0.1690
    0.4021
    0.2927
    0.8988
    0.0431
    0.0130
    3.7938
    3.4741
    1.1604
    0.5761
    0.1854
    0.1500
    0.4626
    0.4141
    0.3138
    0.0205
    0.4412
    0.4488
    1.6416
    2.5285
    0.2168
    1.8117
    0.2625
    0.3281
    4.2694
    1.3830
    0.4774
    0.1999
    0.1250
    0.4782
    0.3333
    0.0382
    0.8269
    2.7040
    1.3323
    0.3840
    0.5895
    2.5325
    1.1952
    0.5830
    1.5224
    2.6358
    0.0658
    1.2887
    2.3363
    0.1212
    0.4978
    0.2157
    0.8066
    2.3515
    0.1725
    0.8702
    4.2108
    0.5085
    0.6217
    0.5475
   10.8270
    0.6315
    1.2425
    0.1100
    0.0772
    2.8722
    0.1393
    2.2961
    0.5008
    0.9900
    0.7922
    0.5253
    0.8585
    0.1888
    0.2332
    0.0209
    1.1598
    0.2878
    1.3120
    0.2981
    1.3200
    1.9996
    0.1805
    0.9042
    1.7783
    0.7385
    0.5913
    0.1646
    2.6839
    0.0684
    0.3689
    0.6708
    1.2795
    0.5113
    0.0545
    0.0953
    1.3738
    1.8977
    1.4992
    1.1085
    0.3867
    0.0423
    5.4400
    0.1660
    2.7338
    0.3571
    0.0345
    1.0849
    1.2130
    0.1216
    0.2025
    4.7199
    0.7201
    0.6878
    0.5983
    0.1199
    0.0281
    1.5079
    0.4128
    0.3394
    0.5736
    8.3675
    0.0577
    1.8295
    0.0399
    0.8083
    0.3659
    0.1836
    0.3330
    0.0135
    0.6127
    2.2022
    4.5336
    0.3667
    2.2646
    0.2418
    0.0720
    0.9893
    0.3555
    0.1796
    1.6049
    0.1619
    1.1517
    0.4468
    0.3682
    1.5364
    3.7322
    0.0436
    0.0704
    0.1781
    1.4574
    0.8129
    5.3631
    0.7818
    0.3468
   10.3094
    0.6313
    4.0822
    0.1165
    0.2228
    0.5888
    0.5697
    0.5204
    2.6671
    0.4929
    0.2806
    0.8833
    0.1919
    0.1674
    1.0066
    0.1079
    0.9690
    0.2547
    2.9207
    0.2206
    0.6872
    0.0316
    0.1866
    0.1055
    0.1536
    1.0544
    0.3248
    0.3156
    0.2831
    0.5183
    0.8947
    0.7385
    0.8776
    7.2285
    1.5182
    2.3680
    0.0457
    0.2269
    0.0939
    0.0916
    0.5266
    0.0052
    2.2917
    3.4004
    0.1371
    0.0143
    0.3159
    0.0998
    0.0681
    0.1184
    0.3629
    0.1194
    7.4327
    0.6044
    0.3282
    7.3009
    0.0649
    3.6535
    2.3779
    1.6025
    0.2399
    0.1440
    5.1917
    0.3292
    0.0364
    0.7402
    0.6023
    0.6853
    0.0793
    0.2827
    0.1556
    1.2330
    1.9049
    1.4228
    0.1906
    0.8562
    0.6829
    2.9269
    1.5814
    1.0147
    0.3459
    0.8198
    1.7266
    1.1060
    1.0755
    0.1843
    0.4553
    9.1741
    0.8444
    3.3526
    1.4415
    0.5037
    0.0693
    0.1512
    0.1302
    2.2323
    5.5433
    0.8087
    0.3268
    0.4290
    1.9691
    0.0625
    1.5498
    1.4790
    0.4658
    0.0268
    0.1545
    0.2878
    1.0200
    2.3077
    0.1542
    1.3825
    1.2838
    0.3723
    0.8323
    0.9759
    0.4280
    3.0818
    0.6092
    0.2911
    0.1486
    0.0642
    0.7342
    0.2143
    0.5264
    0.1892
    0.0221
    0.9395
    1.8079
    0.3521
    0.1736
    1.6085
    0.8479
    0.0199
    0.0409
    0.0034
    2.8285
    1.0588
    0.0718
    0.0870
    0.7423
    0.3804
    0.4081
    0.1586
    0.4565
    1.3683
    3.9739
    0.3152
    0.2145
    0.2032
    0.6379
    0.3212
    0.5561
    0.6153
    0.0195
    1.8050
    3.2890
    3.3196
    0.1673
    0.3334
    0.2759
    0.0652
    1.6628
    0.3522
    0.7576
    0.2868
    0.1088
    0.2285
    0.2012
    0.5218
    0.2239
    1.1788
    1.0306
    0.1218
    1.4749
    0.0932
    0.1915
    1.0589
    1.5392
    1.0799
    0.2738
    0.6098
    0.1599
    4.0024
    1.0214
    1.7270
    0.5066
    0.0712
    2.3088
    3.6039
    2.0964
    0.1937
    0.1202
    0.4005
    0.4449
    0.0123
    0.3570
    9.7775

