   1.3342
   1.2585
   1.1109
   1.4191
   1.9828
   1.0998
   0.5898
   1.1799
   0.5528
   1.0938
   0.9443
   1.1274
   1.0000
   0.8001
   0.9189
   1.2902
   0.7256
   0.9055
   1.1637
   0.8243
   0.5017
   0.4991
   1.4255
   1.6191
   1.0000
   1.0796
   0.7941
   0.9180
   0.9024
   1.0000
   1.3870
   0.8935
   0.9857
   1.3209
   1.0000
   1.0000
   1.0233
   2.2513
   1.6106
   0.7274
   0.5404
   1.0361
   0.6971
   1.0000
   0.4390
   0.6138
   0.4463
   1.5976
   0.6036
   1.0000
   1.6116
   1.8229
   0.7762
   1.1489
   1.1716
   0.7378
   1.0000
   1.2967
   1.5855
   0.7505
   0.8383
   0.6125
   1.3145
   1.4696
   1.6087
   1.2072
   1.0885
   0.6123
   1.0000
   0.7950
   1.0000
   1.0000
   1.0000
   1.0000
   0.7876
   2.0305
   1.0000
   0.9487
   1.3460
   1.0121
   1.2165
   1.0000
   1.7351
   1.0593
   1.3573
   0.4739
   0.6945
   0.8115
   1.3182
   0.8066
   0.4757
   1.0000
   0.6951
   1.0000
   1.5714
   1.0000
   0.8064
   1.4975
   2.2182
   1.4887
   0.6389
   1.2424
   0.6686
   1.1832
   1.1078
   0.5536
   0.7123
   1.5700
   0.8904
   0.3461
   1.0000
   1.2758
   0.7484
   0.9901
   1.3111
   1.0000
   1.4076
   0.8721
   0.5539
   1.0000
   1.1099
   1.5917
   0.8605
   1.4162
   0.8834
   1.0000
   1.3292
   0.8907
   0.9410
   1.3299
   1.0000
   1.3432
   1.0000
   1.0791
   0.8607
   0.4213
   1.1482
   1.0023
   1.0000
   0.8138
   0.5252
   2.1010
   1.3919
   1.2242
   0.7676
   0.9786
   0.5128
   0.6515
   0.3770
   0.6243
   1.2823
   0.7473
   1.0238
   1.3846
   1.3473
   0.7887
   0.7327
   0.2313
   1.2628
   1.1065
   0.9065
   0.9514
   0.9326
   0.7026
   0.5203
   0.7258
   0.8878
   1.6021
   1.0000
   1.2032
   1.6150
   1.0530
   1.8711
   1.3969
   0.5669
   0.7325
   0.8671
   1.0000
   1.0000
   0.2936
   0.9381
   1.3390
   0.8716
   1.9369
   1.1662
   0.5106
   1.5473
   0.6117
   0.6694
   0.6188
   0.3496
   1.4282
   0.8813
   0.6230
   1.0000
   0.4183
   1.2318
   1.3236
   1.3493
   1.1568
   1.1521
   1.0447
   1.4514
   0.5673
   1.0000
   1.0753
   0.6129
   1.0972
   1.1403
   0.4067
   1.3184
   0.6294
   1.1765
   1.2393
   1.0000
   0.7501
   0.3506
   2.7550
   1.0000
   0.7332
   0.7092
   1.0581
   1.2626
   1.2052
   1.4022
   0.8880
   1.1971
   1.2334
   0.5783
   1.8770
   1.4301
   1.0000
   0.3753
   0.5113
   1.2460
   1.0176
   0.8813
   1.0000
   0.6881
   0.5342
   1.2816
   1.2882
   1.3731
   0.6453
   1.4417
   1.3609
   1.4438
   0.6508
   1.0000
   1.0000
   0.9693
   1.0000
   0.8298
   0.8796
   0.6212
   1.0499
   1.0000
   0.2707
   0.8267
   1.0000
   1.5838
   1.0000
   0.7316
   0.4134
   1.3634
   1.9411
   0.4742
   1.0000
   1.6958
   1.2202
   0.7417
   2.2423
   0.8655
   0.5473
   0.7598
   0.9295
   0.9227
   1.0000
   1.2100
   1.4658
   1.0000
   0.8843
   1.3887
   0.9589
   1.5850
   1.0000
   1.2852
   1.6117
   0.9637
   1.0317
   0.8737
   0.6068
   1.0000
   0.5683
   1.2878
   1.3331
   0.7512
   1.8227
   0.5381
   1.1048
   1.0000
   1.0074
   1.0000
   1.5310
   1.0000
   1.2736
   1.0770
   0.9244
   1.4803
   0.6991
   1.0000
   1.0421
   1.0733
   1.0000
   0.7448
   0.6760
   0.8272
   1.0000
   1.0000
   0.8399
   1.4139
   0.9253
   0.9472
   0.4925
   1.0000
   1.4433
   1.7511
   1.0000
   1.2639
   1.1472
   1.0000
   0.6750
   1.7914
   1.5983
   0.9317
   0.7388
   1.3701
   0.6453
   1.0000
   0.7421
   1.0000
   1.0722
   1.0319
   0.5348
   0.8984
   0.7593
   0.6262
   0.4978
   1.3636
   1.0000
   1.5146
   1.1737
   1.0000
   0.6434
   1.2744
   0.9907
   0.5892
   1.0869
   1.0000
   0.9184
   1.3333
   0.8658
   1.2804
   1.3075
   1.0324
   0.4614
   0.8145
   0.5583
   0.6253
   0.7507
   0.3502
   0.7269
   0.7549
   1.1232
   1.0971
   0.8976
   1.0648
   0.3816
   1.2337
   1.4777
   0.3497
   1.2942
   0.9014
   1.1330
   1.2072
   1.1512
   1.0000
   0.6125
   0.7403
   0.5242
   0.8809
   0.9337
   1.0105
   1.0402
   0.9012
   1.3356
   1.4294
   1.0000
   0.4835
   1.0000
   1.2458
   1.1561
   1.3707
   0.5763
   0.7046
   0.6078
   0.7249
   0.6338
   1.0000
   1.4097
   1.4466
   0.9965
   0.9113
   0.3958
   1.0000
   1.2684
   0.9891
   0.6610
   0.2994
   0.4791
   0.7582
   0.9484
   1.2184
   0.8004
   1.0000
   1.6908
   0.9578
   1.0053
   1.0415
   0.9301
   0.9515
   1.3892
   0.6776
   1.2741
   1.6438
   0.8187
   1.0000
   1.0000
   0.6798
   1.3974
   0.7804
   0.8014
   0.9402
   1.6666
   1.0000
   0.8567
   1.2161
   1.0000
   1.3727
   1.6609
   1.2047
   0.5617
   1.0000
   0.9421
   0.7811
   1.6408
   0.6722
   1.0000
   1.0938
   1.0000
   1.3967
   1.0000
   0.6783
   1.0741
   0.5769
   0.6568
   1.1224
   0.6209
   0.9392
   1.3623
   1.2536
   1.0000
   0.7986
   0.8477
   0.7945
   0.6993
   1.8381
   0.6891
   0.7154
   1.1428
   1.1925
   1.0000
   1.1939
   1.1907
   1.5849
   1.4558
   0.7120
   1.0000
   0.9831
   1.0640
   1.2203
   0.9017
   1.4671
   0.8567
   1.5073
   1.7857
   0.4195
   0.9251
   1.9253
   1.0015
   2.1303
   0.4972
   0.5534
   0.5249
   0.6701
   1.0612
   0.8115
   1.6343
   1.5419
   0.9945
   0.4297
   0.4550
   1.0000
   1.0000
   0.6210
   1.2505
   0.7783
   1.0000
   0.7801
   0.6357
   0.6533
   1.5617
   1.2220
   0.4986
   0.6197
   1.0000
   1.4771
   0.6084
   0.5254
   1.4269
   1.4447
   1.4595
   1.0000
   0.9349
   1.1165
   1.5454
   1.6736
   1.0000
   0.8517
   1.2287
   0.9744
   0.8988
   0.6428
   1.0000
   0.5323
   1.0875
   1.0000
   0.7324
   1.2338
   1.0000
   1.4338
   1.0000
   1.3119
   1.0000
   1.4656
   1.3852
   0.6822
   0.6354
   0.7226
   0.7885
   0.5049
   0.8170
   1.0619
   0.5647
   0.5937
   1.0000
   0.9478
   1.5407
   0.8806
   0.8448
   0.9642
   1.2510
   1.1876
   1.2558
   1.0000
   1.0000
   0.9411
   0.5111
   0.7167
   0.4780
   1.1464
   0.7667
   1.2905
   0.6674
   1.7522
   1.1162
   1.5921
   1.0246
   0.4906
   1.4438
   1.5418
   0.8197
   1.0000
   1.4126
   1.0240
   1.0000
   0.4595
   0.6951
   0.6774
   1.0731
   1.0000
   1.0306
   1.0995
   0.8747
   0.6848
   0.4972
   1.0000
   1.2918
   1.7575
   0.8943
   1.2441
   0.8011
   0.4869
   0.5932
   1.6773
   1.0480
   0.7287
   0.5421
   0.9573
   0.8803
   0.5225
   0.6925
   0.8260
   0.8122
   0.8097
   1.1851
   0.7151
   0.5594
   0.7128
   1.8873
   0.4913
   1.0000
   0.4154
   1.0000
   1.5974
   1.2760
   1.0000
   1.0000
   0.8134
   1.2847
   1.0614
   1.0000
   1.4238
   0.8312
   1.2667
   0.4809
   0.8554
   1.0712
   0.9072
   0.8277
   0.7622
   0.6324
   1.0000
   1.0000
   1.2497
   1.0420
   1.0000
   1.1573
   0.7285
   0.7618
   0.5009
   1.2234
   1.1045
   1.0000
   0.3413
   0.6846
   1.4921
   0.4287
   0.8639
   1.1351
   0.6739
   1.0659
   0.6148
   1.1214
   1.1323
   0.7074
   0.6002
   1.0503
   0.9348
   1.0000
   1.3167
   1.5675
   1.0051
   1.0000
   0.9528
   1.3676
   1.2897
   0.4133
   1.3659
   1.0484
   1.1501
   1.0000
   0.8768
   0.5407
   0.6264
   0.7892
   1.1064
   1.0000
   1.2211
   1.0000
   1.0881
   0.8780
   0.8095
   0.5185
   0.5250
   0.6295
   1.4650
   1.2894
   0.9078
   0.6007
   0.8148
   0.6203
   1.4789
   1.2558
   2.2272
   1.4883
   2.1015
   1.2023
   1.4395
   0.4729
   1.4310
   1.1993
   0.5838
   0.6145
   0.8214
   0.6850
   0.4548
   0.6962
   0.9033
   0.6846
   1.1673
   1.0000
   1.1936
   1.7313
   0.8725
   0.8383
   0.6220
   1.4061
   1.1505
   1.2858
   1.0802
   1.1894
   0.6708
   1.1817
   0.9725
   0.5214
   1.2009
   0.9843
   1.0000
   1.1498
   0.9615
   1.0194
   0.9710
   0.3224
   0.8129
   0.8509
   1.0000
   1.0000
   0.7243
   1.1761
   0.5780
   0.8176
   2.1952
   0.4103
   1.0000
   1.0000
   1.8900
   1.0711
   1.2844
   1.0000
   1.0000
   0.8564
   0.4501
   0.8639
   0.8730
   0.9136
   1.0000
   0.6547
   0.2146
   0.6668
   1.7907
   1.0152
   0.6737
   1.1157
   1.2099
   1.3034
   0.6586
   1.4194
   1.3077
   0.8303
   1.1299
   0.8467
   1.0000
   0.6831
   1.1245
   0.7379
   0.6229
   0.3029
   0.5767
   0.5949
   1.1018
   1.6172
   1.4940
   1.0641
   0.6034
   1.3120
   0.8255
   2.3265
   0.6705
   0.9629
   0.3220
   0.7303
   0.4657
   1.0000
   0.5205
   1.0000
   1.1586
   0.7940
   0.7997
   0.9474
   0.4017
   0.6201
   0.7478
   1.0000
   0.8305
   1.1133
   0.9538
   1.3173
   0.8553
   0.6397
   0.5155
   1.5569
   0.5862
   1.0433
   1.4375
   0.4917
   1.0000
   1.3453
   1.0000
   1.1573
   0.8351
   1.0000
   0.8458
   0.9194
   1.1820
   1.1459
   0.5999
   1.0000
   1.0164
   0.6330
   2.0661
   0.3316
   0.7994
   0.8843
   0.9550
   0.4371
   1.3719
   1.0379
   0.5987
   0.5523
   0.8754
   1.0999
   0.8068
   1.0000
   1.2250
   1.3501
   1.1458
   1.4893
   1.2934
   0.8251
   1.1570
   1.2502
   0.8780
   1.1115
   1.3429
   1.0000
   0.6916
   1.0827
   0.6900
   0.9553
   1.0712
   0.7900
   1.2250
   1.2986
   1.0000
   0.9349
   1.2753
   0.6538
   0.8619
   1.4725
   0.5937
   1.0329
   0.5390
   1.2469
   1.0000
   0.8251
   0.8845
   0.7363
   0.9250
   1.0000
   0.5637
   1.0647
   0.8582
   1.5771
   0.8586
   1.8344
   0.7925
   1.0000
   0.7830
   1.1671
   1.0757
   0.8115
   1.0522
   1.2323
   1.3683
   1.2812
   1.4001
   1.2253
   1.0251
   1.1292
   0.5525
   1.0000
   1.2580
   0.6987
   1.0000
   0.6825
   1.0000
   0.5341
   0.5207
   1.2377
   1.1165
   0.9600
   1.1709
   1.3348
   0.6715
   0.7354
   0.7449
   1.0933
   1.1615
   0.7268
   1.0000
   1.0585
   0.7852
   0.7715
   1.0000
   0.5960
   1.6655
   1.3233
   0.5941
   0.9758
   0.8173
   0.7832
   1.0996
   1.5451
   1.1653
   0.7800
   1.0683
   1.0000
   0.9850
   1.6511
   0.6694
   0.8873
   1.7282
   0.6138
   0.6961
   0.9198
   0.3780
   1.2146
   1.2199
   1.0000
   1.7430
   0.5275
   0.6105
   1.4946
   0.4250
   0.7373
   1.2226
   0.4882
   1.8379
   0.8401
   1.5607
   0.6194
   0.7074
   1.2212
   0.7474
   0.7942
   0.5628
   1.4543
   1.3745
   0.6611
   1.3969
   0.6791
   0.2745
   1.1954
   0.3303
   2.0301
   0.7631
   1.0000
   1.3411
   1.2193

