    1.0958
    1.6270
    0.0048
    0.9586
    1.1812
    0.1054
    1.7822
    1.3649
    1.8337
    2.2887
    0.4728
    0.6036
    0.7134
    0.2987
    1.8696
    0.2236
    0.5837
    4.7931
    0.4859
    0.9769
    0.5078
    0.1009
    0.3224
    0.1250
    0.2254
    1.9169
    1.3200
    0.0986
    2.5369
    0.0027
    2.8917
    0.0086
    0.2858
    0.2162
    1.0111
    1.1810
    0.3690
    0.0573
    2.2087
    2.4613
    0.3090
    0.0622
    0.1695
    0.2905
    0.5352
    0.1857
    0.1002
    0.1083
    1.9983
    0.4438
    0.4951
    0.2312
    0.5306
    1.3312
    0.5085
    2.5061
    0.0824
    0.6896
    0.5638
    0.1170
    0.5875
    1.2017
    2.8901
    0.8277
    1.0350
    0.4118
    0.8990
    0.4733
    1.9973
    1.0591
    0.3357
    0.3162
    3.9908
    0.3043
    1.6017
    3.0212
    0.1528
    1.4345
    6.6634
    3.4622
    0.2503
    0.0842
    0.0090
    1.0432
    0.4831
    0.3671
    1.0699
    0.2540
    7.2106
    0.1987
    0.1479
    0.4899
    0.3591
    3.6785
    0.1139
    0.4254
    3.8310
    0.1104
    0.2853
    0.1018
    0.0736
    0.8224
    0.0265
    0.8117
    0.3761
    0.1950
    0.0091
    3.7698
    0.4219
    0.0689
    0.2122
    0.6652
    7.5696
    2.5262
    0.7326
    1.9920
    0.1717
    1.2252
    0.3131
    0.0315
    0.0441
    3.7037
    0.6735
    0.9983
    2.2476
    4.7071
    0.2108
    0.0039
    0.0418
    0.1382
    0.0357
    0.2001
    0.5532
    1.4612
    0.8740
    0.4018
    0.5768
    1.4179
    0.1017
    0.1898
    2.2690
    0.3726
    1.4566
    0.1314
    0.3349
    0.1016
    0.0602
    0.0310
    1.0604
    0.3077
    0.0588
    0.2872
    1.9325
    0.8434
    2.0841
    0.8021
    1.8231
    0.1375
    0.6505
    0.1942
    0.8930
    0.1525
    0.1040
    0.3238
    0.4696
    1.6115
    0.4519
    0.2275
    0.6759
    0.0431
    0.9093
    0.0916
    0.0319
    0.1291
    0.0509
    1.7096
    0.2545
    0.5345
    0.1170
    3.1371
    7.3080
    1.2187
    0.5972
    1.0231
    0.9907
    1.7297
    2.2872
    0.5221
    0.1015
    0.0256
    0.2097
    0.0145
    0.0141
    0.5539
    1.2875
    0.2280
    0.8856
    0.2449
    0.2479
    1.6168
    1.5494
    0.2699
    2.0267
    0.3328
    0.0556
    0.1607
    0.1818
    0.2491
    6.9408
    0.4069
    0.3279
    0.0358
    0.0598
    0.2311
    0.2589
    0.0359
    0.2668
    7.4074
    0.1714
    0.1452
    0.1189
    0.2336
    0.6339
    0.6923
    0.0740
    2.9599
    0.3046
    0.9744
    0.0961
    1.1662
    0.1655
    1.1665
    1.0353
    2.0829
    3.4870
    0.2765
    0.2405
    0.2899
    1.4732
    2.3736
    1.2153
    0.9452
    1.6049
    0.4903
    2.1142
    0.0558
    0.0436
    0.6273
    1.3878
    0.0798
    0.4882
    2.9609
    0.4770
    1.5461
    1.3944
    1.7307
    0.9615
    0.3939
    2.7655
    0.4997
    0.0315
    0.3613
    0.2173
    0.1298
    0.7093
    0.5121
    0.8113
    0.0953
    1.5684
    1.9156
    0.1680
    0.0312
    0.4062
    1.1012
    1.9552
    0.2149
    3.6313
    0.4140
    0.7807
    3.6750
    0.9010
    1.1051
    0.0349
    0.3071
    0.6656
    0.1659
    0.2057
    0.9129
    1.7902
    1.4871
    1.0674
    1.4405
    0.1943
    2.6404
    0.5830
    4.0473
    0.0380
    0.0134
    2.9301
    0.3600
    2.1751
    0.4389
    1.1736
    0.1402
    0.1138
    6.3027
    0.3503
    0.2424
    0.5068
    1.8663
    0.5994
    0.5462
    0.9939
    3.5855
    0.3548
    0.2000
    0.1674
    0.5976
    0.3579
    0.1174
    0.4593
    0.3222
    0.1770
    0.4050
    0.3681
    0.3658
    0.3030
    0.5896
    0.1429
    0.1838
    0.3003
    5.0240
    0.8986
    0.0053
    0.3740
    2.4291
    0.2668
    0.0792
    0.0482
    5.4049
    0.5465
    0.2784
    1.4918
    0.1339
    0.2958
    1.4939
    5.1281
    0.0162
    0.5312
    0.9457
    0.4700
    1.3687
    1.6160
    0.2640
    0.0599
    2.6014
    0.0393
    0.1551
    0.4489
    0.0927
    2.5901
    0.8168
    0.8278
    0.2135
    0.1857
    0.7384
    1.4318
    0.0861
    0.1413
    3.1256
    0.5041
    0.1270
    2.3384
    0.3487
    0.6342
    1.4646
    6.2556
    0.4185
    0.3450
    0.0979
    0.4096
    2.2447
    0.3405
    0.4481
    1.3896
    1.4306
    0.8939
    0.3707
    0.1622
    0.0134
    1.6293
    0.1880
    0.3864
    0.4583
    1.4124
    0.3154
    0.6988
    0.4146
    1.3445
    0.4131
    0.2796
    0.6879
    0.9807
    3.6758
    0.1020
    1.3783
    0.2945
    0.2684
    1.8105
    1.0738
    4.0804
    1.2169
    0.0068
    0.0220
    1.9832
    0.0748
    0.0613
    0.6311
    0.1601
    4.3897
    1.5795
    0.4830
    2.3382
    0.0842
    1.3640
    0.5039
    0.0355
    0.0545
    2.2221
    0.4426
    1.9323
    1.7835
    0.0254
    0.1285
    0.1833
    1.2029
    0.7386
    0.2242
    0.3563
    0.5716
    0.7441
    1.4364
    0.7632
    0.3097
    0.1454
    2.0041
    0.7459
    3.2595
    0.1675
    1.0766
    0.0545
    0.0131
    2.0561
    0.6155
    0.1843
    0.4660
    0.3954
    0.5434
    0.6151
    3.7295
    0.3574
    2.5461
    1.1632
    0.6678
    0.1664
    0.2579
    0.6018
    0.0734
    2.2711
    0.5493
    1.6328
    0.1611
    0.9541
    1.5865
    0.6111
    0.2838
    0.2906
    0.7723
    1.3294
    6.3394
    1.0353
    0.1208
    1.1764
    0.4257
    5.3493
    0.2647
    0.1773
    0.1161
    1.2074
    0.6606
    0.8278
    0.7924
    0.1275
    5.3916
    0.8910
    0.9751
    0.8054
    0.1987
    0.3589
    2.8603
    0.2747
    0.5230
    0.0298
    0.1949
    2.1278
    0.1823
    0.3235
    0.8950
    1.0872
    0.9747
    0.1118
    0.8904
    0.0725
    0.9518
    0.4467
    0.4069
    0.0812
    3.5450
    4.8771
    3.4619
    0.4019
    0.8969
    0.9067
    0.5739
    0.2450
    0.4035
    0.2034
    0.5315
    0.0883
    0.1344
    0.4735
    0.8348
    3.4852
    1.5371
    1.4417
    0.3574
    0.1723
    0.3011
    4.9973
    0.4263
    0.3829
    2.2838
    0.1690
    0.3583
    1.0223
    0.5296
    0.5192
    1.3230
    0.0885
    2.6351
    0.7660
    0.0222
    0.0097
    3.3889
    0.2859
    0.1416
    0.0101
    0.2510
    0.1682
    2.7088
    0.7777
    0.0089
    0.5172
    0.5841
    0.5015
    1.0945
    2.5359
    0.3253
    1.4406
    0.3685
    0.8841
    4.2399
    0.6900
    2.8519
    0.3982
    0.0064
    0.0079
    0.1660
    1.6542
    0.0359
    1.0303
    0.6443
    0.1362
    0.5786
    1.4738
    0.0783
    1.1684
    1.0439
    0.3089
    0.1447
    0.2134
    3.1470
    1.5637
    0.0441
    4.0448
    0.3201
    4.6245
    0.6971
    0.8112
    0.9664
    0.1898
    0.0453
    0.1311
    0.4877
    1.3518
    0.0868
    1.4751
    2.1114
    0.1461
    2.0838
    0.0297
    0.8799
    0.6026
    0.2618
    0.4969
    0.1733
    2.2338
    1.9841
    0.9359
    0.1944
    0.0025
    4.8978
    0.8798
    0.1380
    0.2269
    0.1526
    0.4246
    0.6219
    1.5430
    0.0855
    0.0475
    0.7525
    6.2039
    0.0094
    1.9762
    0.8240
    0.2841
    1.1829
    4.7469
    2.6096
    0.1086
    0.7286
    0.1552
    5.8227
    2.0519
    0.1485
    0.1597
    0.0095
    0.1058
    0.2410
    0.1165
    2.9149
    3.9054
    0.0734
    0.1826
    0.7244
    0.5617
    0.3959
    0.3424
    0.7578
    0.7413
    0.5714
    1.8420
    0.7259
    2.9982
    0.1556
    1.8455
    0.1845
    2.1233
    0.6103
    1.5842
    0.5131
    0.3114
    1.0889
    0.0918
    2.6156
    0.1038
    0.1322
    0.6034
    1.0029
    0.4077
    0.7742
    2.9702
    0.9108
    0.0871
    0.2267
    0.0567
    0.0626
    0.2295
    0.5949
    1.0861
    0.0423
    0.6617
    0.0951
    0.2476
    1.1617
    0.9455
    0.4432
    0.6581
    0.1149
    0.1192
    0.5389
    1.4021
    0.2269
    0.5997
    3.7733
    0.5013
    0.0697
    4.7480
    0.2080
    0.3219
    1.5127
    0.7728
    0.0595
    0.0699
    0.2190
    0.0814
    0.3648
    6.1104
    0.6308
    1.4544
    3.4375
    1.2440
    0.1871
    1.5289
    0.4090
    0.0813
    0.2714
    0.2992
    1.7865
    1.0092
    0.2463
    2.8944
    2.3020
    0.0816
    1.5795
    0.3368
    0.5857
    0.5436
    3.0333
    0.0410
    2.2148
    0.5062
    2.8396
    0.1350
    0.1372
    0.1666
    0.2331
    2.3180
    1.0119
    1.2426
    0.2963
    0.1553
    0.0483
    2.9502
    0.2556
    1.1233
    0.1795
    0.5179
    0.1245
    1.8043
    2.1997
    0.2309
    0.4004
    3.1866
    0.6580
    0.9425
    0.3835
    0.0943
    2.4346
    0.7917
    0.5104
    3.0256
    2.6627
    1.0932
    0.5855
    0.3357
    0.0626
    0.7796
    0.0089
    1.2234
    0.5738
    5.1048
    0.4596
    0.0458
    0.4292
    0.8075
    2.0885
    3.2890
    1.2054
    2.4758
    0.0372
    1.3911
    0.6012
    0.4356
    1.4276
    0.7954
    0.2543
    0.9266
    1.3816
    0.0421
    1.0167
    1.1352
    0.1578
    1.0393
    0.0401
    0.0641
    1.2707
    0.6329
    1.4848
    0.3059
    0.1044
    5.3213
    0.3904
    0.2990
    2.0780
    1.0339
    1.5824
    0.1857
    4.1956
    0.1137
    0.5494
    3.0897
    0.1450
    0.8859
    0.5581
    0.0476
    1.8527
    1.2453
    0.7966
    0.3154
    0.9053
    2.2646
    0.3267
    0.0454
    0.4252
    1.8393
    0.0674
    0.1768
    0.3327
    1.0201
    0.0283
    0.2010
    3.7516
    0.2788
    0.8131
    0.5116
    0.3411
    0.0981
    0.1099
    0.0896
    0.6299
    0.2275
    0.1013
    0.2643
    0.8092
    0.5547
    0.3934
    0.0733
    0.7091
    0.3208
    1.9508
    0.3198
    0.0842
    0.5889
    0.1444
    0.7287
    0.0629
    0.3118
    0.1718
    0.7200
    0.0078
    0.0756
    1.8415
    0.8288
    0.0436
    2.3788
    0.3599
    0.6502
    0.2261
    1.3046
    0.4650
    2.8938
    0.2419
    1.3446
    0.3063
    6.7779
    4.9706
    0.6990
    0.3939
    1.2652
    0.1242
    0.0259
    0.3585
    1.1699
    0.7762
    0.5077
    1.9119
    0.4894
    0.5226
    1.5475
    1.3873
    1.1855
    0.8468
    0.1071
    0.2446
    0.3699
    0.9533
    0.5499
    4.1058
    0.6652
    0.2619
    3.0067
    2.5248
    0.5914
    3.5157
    0.9836
    4.9171
    0.0253
    2.5387
    0.0113
    0.2131
    0.2268
    1.5672
    0.0197
    0.1611
    1.0618
    0.2117
    0.1391
    3.5438
    0.0401
    0.7531
    0.0793
    0.7155
    0.3124
    0.9474
    0.4263
    0.4187
    0.0582
    0.4541
    1.3826
    0.5261
    1.8071
    0.8806
    0.2929
    0.1880
    0.0653
    0.2426
    0.4292
    1.0956
    3.3018
    0.0545
    0.6565
    2.1024
    0.1782
    1.7653
    0.2716
   12.4445
    0.6000
    0.3075
    0.0294
    0.2683
    4.8324
    1.1794
    0.3253
    2.2795
    0.2748
    0.1861
    0.0746
    0.3113
    0.0358
    1.5606
    1.5166
    0.1852
    0.4139
    1.0376
    0.7015
    0.5428
    1.8791
    1.0818
    2.1841
    0.5496
    0.2371
    5.5940
    0.2489
    0.5454
    0.2626
    1.2390
    0.0063
    1.4467
    1.3452
    3.0054
    0.2901
    0.2780
    2.3992
    2.0676
    0.5652
    0.0543
    0.3734
    1.3782

