   0.5507
   0.2243
   1.0876
   2.7476
   0.6517
   0.5466
   1.5757
   0.2378
   0.7655
   0.0003
   0.1941
   0.6952
   0.9818
   0.7458
   0.9090
   0.0077
   3.7008
   3.8049
   0.1911
   1.0333
   3.6533
   0.9145
   0.3319
   1.1568
   0.8316
   2.4310
   0.2731
   0.4497
   0.1053
   1.2850
   0.7713
   1.1244
   0.6098
   1.4931
   1.1478
   0.3588
   0.4124
   1.5796
   2.0776
   3.3111
   1.8589
   0.5415
   1.6062
   0.2266
   0.0562
   2.2332
   0.3696
   0.8213
   0.6676
   0.4457
   0.9485
   1.0495
   0.1004
   1.5052
   0.4166
   0.9001
   1.2512
   0.5960
   1.2764
   0.2259
   0.0224
   0.1877
   0.0313
   0.1730
   0.6450
   0.7829
   0.2549
   0.0682
   0.8269
   3.1517
   0.1378
   0.5900
   0.2815
   1.4973
   3.0405
   1.8381
   0.1041
   1.6634
   1.6579
   4.1167
   1.1973
   1.8818
   0.0322
   0.7792
   3.4769
   0.6305
   0.7524
   4.5691
   0.5250
   0.6032
   0.5093
   0.6182
   3.8845
   0.1433
   0.6904
   0.6130
   0.3766
   1.1866
   3.9360
   0.1219
   0.0282
   1.9218
   2.6002
   1.3197
   0.7613
   1.3912
   2.4605
   0.3535
   0.0241
   2.1956
   0.5956
   0.3164
   0.1726
   0.2483
   2.6700
   0.0923
   1.5673
   0.3788
   0.4218
   2.7215
   0.4481
   0.0423
   4.0187
   0.2716
   2.2532
   0.1610
   0.1657
   0.9602
   0.4031
   0.0207
   0.3428
   1.0294
   0.4721
   0.2654
   0.2641
   0.3065
   0.2427
   1.0220
   0.8205
   0.1451
   0.2935
   0.1122
   0.1389
   0.5464
   1.0541
   0.6008
   0.3134
   0.4933
   0.4598
   0.5056
   4.1692
   1.2768
   0.4449
   0.0258
   0.6597
   0.5020
   0.9163
   0.5546
   0.3011
   2.7726
   0.4664
   0.0223
   1.0629
   1.1532
   0.2682
   1.0414
   3.8764
   0.6620
   0.9011
   0.6368
   0.1080
   0.6710
   0.0283
   0.2224
   0.8416
   0.6967
   0.4266
   0.5213
   0.1845
   3.1866
   1.3937
   0.3320
   0.1858
   0.3004
   0.9086
   1.2487
   1.0625
   0.2563
   0.0070
   1.8298
   0.5900
   0.4100
   0.8137
   0.4657
   0.4587
   1.0610
   0.2444
   0.3555
   1.3381
   0.9306
   0.0724
   0.9251
   0.0696
   0.6629
   0.0224
   2.3203
   1.6084
   0.1070
   1.0031
   0.4658
   1.6888
   1.5078
   2.5014
   0.3825
   1.1603
   0.0662
   3.5901
   2.1518
   4.3928
   3.8342
   0.0611
   0.6750
   1.3844
   2.0482
   0.7764
   0.3134
   0.0238
   0.8887
   0.8764
   1.7618
   0.4863
   0.4847
   0.0384
   0.5242
   0.1117
   0.5053
   0.7564
   0.5605
   0.2621
   1.0141
   0.6786
   0.7264
   4.2982
   0.1829
   0.4921
   0.2680
   0.4672
   1.7478
   1.1961
   2.3169
   1.3531
   1.1765
   0.0184
   1.1014
   1.7149
   1.7486
   1.0678
   1.2214
   0.9380
   0.0463
   0.0306
   0.1433
   1.5447
   0.0042
   0.1255
   0.6223
   0.3963
   0.4625
   2.1781
   0.6927
   0.1551
   1.4938
   1.2151
   0.0842
   0.0703
   0.7179
   4.7943
   0.0762
   0.9118
   0.0197
   1.0034
   0.5300
   0.6421
   0.2477
   0.4374
   1.4293
   0.9920
   0.3338
   0.1601
   0.2039
   0.0601
   0.4717
   1.7010
   0.2473
   0.0411
   0.3590
   0.4393
   1.7715
   0.2970
   0.0966
   0.3956
   2.6780
   0.1616
   1.5623
   0.9012
   1.8294
   0.0376
   0.6920
   0.2143
   0.4815
   2.0721
   1.2272
   6.6532
   0.6197
   0.1198
   1.0480
   0.0793
   1.1816
   0.6901
   0.1405
   4.4555
   1.6258
   0.2766
   1.3189
   1.0815
   1.0301
   0.7898
   0.0574
   0.0371
   0.2235
   0.7434
   0.9777
   0.0377
   0.8333
   1.1069
   3.0022
   0.3200
   0.1805
   0.6020
   0.9327
   1.0269
   0.3165
   0.1925
   6.0947
   1.5046
   1.0382
   0.3617
   0.1881
   2.3126
   1.7713
   1.2733
   0.1601
   0.0866
   1.3554
   0.1415
   1.1272
   1.2683
   3.7105
   2.8014
   3.2127
   0.4788
   2.6858
   3.2254
   0.1344
   0.9471
   0.0591
   3.9529
   4.8737
   0.5154
   0.5153
   2.2705
   0.9495
   0.2748
   0.0617
   0.6627
   0.2233
   0.2067
   1.6900
   1.1260
   0.0281
   4.1538
   2.5219
   0.5749
   1.9456
   0.4906
   0.1894
   0.0661
   0.2286
   0.0447
   1.2166
   0.0005
   1.7669
   1.7019
   3.0699
   0.0133
   3.5605
   1.0557
   0.7782
   0.5185
   0.4470
   0.3411
   0.2945
   0.3666
   0.2048
   0.3866
   1.2103
   1.3792
   3.0245
   1.7339
   2.6394
   0.4158
   0.8097
   1.0779
   0.0979
   0.2206
   0.5161
   2.0826
   1.6150
   0.3848
   0.0405
   1.5434
   0.2219
   0.5098
   0.4503
   0.4092
   0.8475
   2.8691
   3.6416
   0.1020
   0.1941
   0.6891
   0.6834
   2.0187
   2.0790
   0.4551
   0.3843
   0.7533
   0.3410
   0.0973
   0.8896
   0.0983
   0.8069
   0.5986
   0.3511
   0.2750
   0.8900
   0.4007
   0.3832
   0.0474
   0.0045
   0.4005
   1.0717
   6.0502
   0.1237
   0.1151
   0.2790
   0.8611
   1.1131
   0.5443
   0.4822
   1.3738
   1.0946
   0.0339
   0.0319
   2.9060
   0.0868
   0.9784
   0.0206
   2.3490
   0.1442
   1.0558
   0.2109
   0.5742
   0.8274
   0.4536
   1.2173
   0.0857
   1.5210
   0.8848
   1.0343
   1.5344
   0.1335
   0.2857
   3.8617
   0.5764
   1.5370
   0.2488
   3.2558
   0.0650
   0.2575
   1.8097
   3.0290
   0.6772
   0.7941
   0.7638
   0.2921
   0.4376
   1.6568
   1.3330
   1.1405

