    1.0209
    0.2019
    1.0600
    0.6230
    0.6394
    4.0647
    0.0089
    0.5080
    0.0066
    1.2088
    0.0751
    0.6862
    0.2071
    1.7714
    0.3971
    0.4414
    0.6815
    0.2624
    1.0003
    0.0286
    0.7984
    0.1048
    0.1900
    0.1080
    0.3184
    0.0983
    0.3389
    0.6411
    0.4035
    1.0007
    0.2266
    0.1311
    3.6058
    0.5559
    0.8715
    3.9466
    9.3601
    0.4088
    0.1687
    0.0084
    0.4600
    0.7500
    0.2236
    0.9664
    0.2084
    0.3968
    0.1528
    0.3346
    0.0023
    0.5574
    1.9772
    0.0179
    0.8313
    0.4384
    0.4430
    0.5386
    1.8008
    0.1636
    0.0107
    0.2812
    0.1316
    3.7018
    0.2786
    0.7130
    0.1640
    0.6607
    3.8082
    0.0495
    0.0140
    0.0775
    0.1431
    0.7271
    0.6533
    0.1664
    0.1196
    1.7608
    0.3444
    0.0456
    0.2340
    0.0803
    0.1864
    0.3299
    0.1475
    1.5393
    0.2381
    0.1044
    0.0056
    0.3111
    3.0186
    0.2566
    0.8529
    0.0621
    0.2922
    4.5296
    0.2362
    0.5298
    0.5803
    0.8149
    0.1886
    1.8278
    0.2378
    0.1925
    2.5407
    0.0662
    0.1566
    0.5902
    0.4682
    0.0701
    0.0569
    0.5040
    0.8997
    2.4242
    0.1315
    0.0323
    2.2086
    1.5915
    0.2328
    0.0755
    0.4733
    0.1554
    0.3019
    0.7038
    1.0798
    0.7444
    0.2261
    0.0913
    1.1567
    0.4317
    0.3136
    0.3338
    1.1604
    0.7091
    0.0669
    1.4313
    6.4755
    0.4347
    0.3927
    0.0322
    0.4572
    0.1784
    7.0695
    0.1963
    0.1988
    0.1049
    0.8952
    0.0342
    1.9890
    0.7155
    0.6143
    0.4536
    0.0844
    0.1689
    0.0793
    0.0989
    0.7192
    0.3700
    0.3527
    0.2745
    0.0002
    0.0350
    0.5087
    2.3514
    0.1245
    0.1519
    0.2313
    0.4095
    0.4549
    0.4765
    0.0194
    0.0150
    1.5854
    0.8483
    0.4339
    0.5038
    0.0320
    0.2976
    0.0393
    0.1418
    1.2091
    0.6041
    0.1317
    1.0445
    0.1996
    0.5582
    1.5767
    0.2865
    0.0591
    0.2880
    0.0462
    0.2007
    0.2585
    0.2230
    5.4533
    0.0528
    4.0502
   27.4654
    0.0712
    0.2190
    0.3408
    0.4523
    4.0397
    0.6834
    0.9353
    0.4209
    3.0661
    0.2298
    0.3700
    0.3808
    9.3911
    0.4174
    0.0275
    0.4260
   18.3890
    0.3703
    0.1045
    0.1205
    0.0275
    0.1347
    0.0887
    0.5774
    0.0857
    0.3584
    0.6251
    0.3480
    0.1256
    0.2038
    0.2035
    1.3783
    3.2874
    0.0350
    0.2452
    0.8766
    6.7071
    0.2150
    1.5198
    0.4105
    1.3511
    0.0075
    0.3092
    0.5150
    1.4054
    0.2532
    0.0075
    0.3179
    0.1719
    0.5282
    0.0881
    0.2026
   17.4189
    0.0019
    0.2631
    0.0475
    0.1776
    0.0223
    0.0796
    4.4590
    0.2776
    0.1188
    0.2775
    0.7880
    0.0209
    0.6432
    0.1588
    0.0893
    1.4632
    0.3652
    0.4075
    1.2326
    0.2149
    0.5162
    0.3178
    0.3127
    0.0230
    1.5073
    0.1392
    0.2914
    0.2801
    1.0355
    5.9867
    1.4571
    0.4804
    0.0376
    0.1573
    0.0710
    0.0759
    0.2142
    1.4026
    0.9526
    0.9969
    0.5460
    0.1628
    0.5761
    0.1231
    0.2456
    0.0482
    1.6669
    0.4643
    0.1005
    0.3409
    0.4469
    1.3744
    0.3354
    1.7174
    9.7918
    3.6867
    0.2696
    0.6746
    0.4569
    0.9396
    0.3641
    2.8438
    0.3003
    0.4102
    0.0254
    2.8280
    1.5030
    1.5625
    0.0498
    0.7117
    0.0854
    0.2903
    2.1047
    0.0674
    0.0720
    0.0937
    0.1406
    0.0485
    0.3214
    0.0145
    1.5367
    2.5505
    0.1135
    7.2268
    0.9677
    0.7182
    0.6249
    1.2260
    1.8240
    0.6343
    0.3259
    1.2501
    0.0798
    0.0059
    1.3724
    0.5483
    2.1395
    0.2647
    0.7611
    0.0252
    0.0360
    0.5124
    0.0380
    1.3691
    0.0537
    0.4968
    1.2778
    0.8281
    3.0975
    0.8352
    0.9568
    6.6985
    0.8909
    0.2278
    0.0475
    0.4903
    0.4676
    2.0783
    0.4904
    0.0732
    0.8026
    0.1145
    0.0076
    0.4711
    0.7030
    0.0885
    0.4289
    0.0168
    0.1519
    0.1081
    0.2121
    0.1087
    0.0655
    1.8920
    0.0034
    0.1902
    1.8766
    0.2395
    0.9426
    2.2818
    0.6012
    0.5086
    0.4331
    0.2486
    0.8444
    4.6695
    0.2452
    1.9356
    0.3332
    0.0113
    0.0632
    0.6907
    1.9568
    0.1769
    0.3699
    1.2879
    0.0809
    1.0684
    0.5563
    1.0570
    0.0304
    1.0787
    0.2764
    0.5583
    1.7802
    0.1430
    0.0663
    2.0733
    0.1933
    0.6118
    2.1905
    7.4420
    0.0843
    0.1220
    0.4495
    0.1554
    0.2246
    0.9170
    3.7469
    0.1213
    0.3195
    0.2932
    3.3816
    0.8769
    0.3599
    0.4462
    0.2046
    0.2500
    0.6865
    0.5332
    0.2956
    0.5469
    0.4119
    0.2261
    0.1925
    0.2830
    0.0363
    2.7818
    0.4378
    0.5885
    0.8363
   14.2969
    0.1089
    0.8870
    0.3492
    0.2850
    4.1671
    2.9681
    0.6889
    0.9603
    3.8229
    1.6344
    0.1501
    0.2154
    1.8206
    0.1065
    0.5122
    0.4901
    0.1902
    0.0316
    0.1775
    0.0606
    0.2901
    6.0014
   12.4244
    0.7476
    0.1042
    0.1800
    0.2224
    0.4695
    1.1393
    0.0326
    2.2798
    2.6332
    0.2760
    0.1909
    0.3844
    0.5584
    1.2187
    0.2739
    0.1041
    0.1427
    1.3197
    2.0264
    0.1248
    0.3046
    0.8435
    0.2252
    0.5077
    0.1388
    0.7233

