    0.1340
    0.6447
    0.3824
    0.2413
    0.3016
    0.8457
    0.0269
    0.3890
    0.8372
    0.6302
    0.4481
    0.5571
    0.9250
    1.6908
    1.8023
    1.5584
    1.3549
    5.5086
    0.1190
    0.0489
    0.3464
    0.6692
    0.1877
    0.2704
    0.0709
    0.5429
    0.4070
    0.1662
    0.0622
    2.8353
    0.6154
    0.0766
    0.3278
    0.7037
    1.4132
    2.6614
    0.5396
    0.5407
    2.4222
    0.3305
    0.1043
    2.6885
    0.1246
    0.0267
    0.3740
    0.1801
    1.2926
    0.6743
    0.4054
    0.8065
    0.0026
    0.3554
    0.4780
    2.3404
    5.2516
    2.9376
    2.4979
    0.0258
    1.1385
    4.5140
    0.0419
    0.0555
    2.7495
    1.2249
    0.0401
    1.5692
    0.0666
    0.9337
    0.4750
    0.4049
    0.4872
    1.5551
    0.5971
    0.1682
    0.0388
    0.0362
    0.0537
    0.1451
    0.1546
    0.9739
    1.2162
    0.4023
    0.0512
    0.3318
    0.1992
    0.7383
    1.2919
    0.5375
    0.0229
    0.5600
    0.3011
    0.4834
    0.1805
    1.0868
    0.3764
    0.1912
    1.2432
    0.0646
    0.3917
    0.4550
    0.6588
    0.2223
    0.8257
    0.1538
    0.7562
    1.6378
    0.0219
    0.1670
    0.1282
    0.7428
    2.9570
    0.0576
    0.0413
    0.2930
    0.0129
    1.6607
    0.0744
    0.0753
    0.3353
    0.2091
    0.2559
    0.1442
    0.2565
    0.0790
    0.3598
    0.3684
    0.0421
    6.2540
    0.6273
    0.1134
    5.3937
    0.0462
    8.9671
    0.4533
    4.8312
    0.0117
    7.4399
    0.7626
    0.4508
    0.2656
    2.9988
    0.1532
    0.4996
    0.5472
    0.5470
    1.8778
    0.4236
    0.6279
    0.0038
    0.5692
    0.3254
    0.4031
    0.3294
    2.2764
    1.0665
    0.4214
    2.9073
    0.0487
    0.0788
    4.4908
    0.5366
    0.4709
    0.0917
    0.0836
    0.5499
    0.4230
    0.0553
    0.4992
    0.0463
    0.0712
    1.2581
    0.3003
    0.2327
    0.1738
    4.3118
    0.0328
    0.0797
    0.2568
    0.0521
    0.7421
    3.6596
    0.2694
    0.0288
    3.1537
    0.7079
    0.2119
   16.2792
    2.4888
    0.1382
    0.2359
    0.5905
    0.1600
    0.5355
    0.0946
    0.5219
    0.2696
    1.1139
    0.2974
    0.1450
    0.1437
    0.1738
    8.0951
    1.2903
    4.0319
    1.1144
    6.9395
    2.6436
    0.3090
    1.3061
    4.4893
    0.0959
    0.1095
    1.5604
    0.2934
    5.2984
    0.3529
    2.5649
    0.4309
    0.0985
    0.8458
    0.1282
    0.5443
    0.1748
    0.5426
    0.3706
    0.3542
    0.0283
    0.2654
    0.7721
    1.8456
    0.0443
    0.1116
    3.1784
    0.2449
    0.1090
    0.4061
    0.0474
    0.6544
    0.5847
    0.2712
    0.4642
    0.4997
    0.7226
    0.4342
    0.5689
    2.7622
    0.4016
    0.3293
    0.0957
    0.0411
    0.2367
    0.1712
    0.0401
    0.1940
    1.3532
    0.2355
    2.6861
    2.6659
    0.2929
    1.2683
    0.3007
    0.2072
    0.0175
    0.0013
    1.9268
    0.5842
    0.2605
    0.5593
    0.4061
    0.3453
    0.1518
    0.8835
    0.3300
    0.0372
    0.6212
    0.4707
    0.0319
    0.5896
    0.3432
    0.4268
    0.3345
    0.7627
    0.9335
    0.3021
    0.3271
    0.5505
    0.2712
    0.2943
    0.0070
    0.4633
    0.2388
    0.2938
    3.1150
    2.9334
    0.3194
    0.5304
    0.0584
    0.9827
    0.9675
    0.0842
    0.2123
    0.8142
    0.0971
    0.0450
    0.4377
    0.4776
    0.1184
    1.1922
    0.0258
    0.0231
    4.2556
    3.7024
    0.4226
    0.0234
    3.9893
    0.1534
    0.3240
    1.3648
    0.9116
    1.3272
    0.1079
    0.0275
    1.7196
    0.3399
    0.8026
    0.2518
    4.3376
    0.4690
    0.2096
    0.7672
    0.0287
    0.0598
    0.6008
    0.2695
    0.2851
    0.5035
    0.0851
    0.2314
    0.2523
    0.7447
    0.3868
    3.6112
    0.1930
    0.3747
    0.3111
    0.5001
    0.1902
    0.9239
    1.2230
    0.1673
    2.3146
    1.2477
    0.2588
    0.2784
    4.0513
    0.5070
    0.2033
    1.3884
    2.5277
    1.4595
    1.3397
    0.5248
    0.6159
    1.0929
    0.2501
    0.0005
    0.2290
   13.7061
    1.1295
    0.0251
    0.3552
    0.8385
    0.4409
    1.8300
    1.7690
    0.2019
    0.2486
    0.0411
    3.5822
    0.1887
    9.5722
    0.1080
    0.6824
    0.7026
    0.2642
    0.0060
    0.2601
    0.0135
    0.1781
    0.9066
    0.4109
    0.2970
    0.6920
    0.5343
    0.2172
    1.1648
    0.3483
    0.2471
    0.0546
    0.8165
    0.6270
    1.2659
    0.2418
    5.8503
    0.3232
    0.0235
    0.0345
    0.4548
    8.3586
    0.4161
    0.6308
    0.3808
    2.4564
    1.8680
    0.2555
    0.6989
    0.4314
    1.1542
    0.4262
    0.9509
    0.3534
    1.8011
    0.5921
    0.0725
    0.4508
    1.2187
    0.6467
    0.5139
    0.3333
    0.1010
    0.5481
    0.4529
    0.6307
    0.0391
    0.5289
    0.3733
    0.8918
    0.2485
    0.1080
    1.2625
    1.2181
    0.1854
    0.4650
    0.0553
    0.1837
    3.1611
    6.9368
    0.6888
    2.2220
    0.5261
    1.5786
    0.4945
    0.4716
    0.1592
    0.1920
    0.5384
    0.2414
    0.1447
    0.1078
    1.7261
    1.7888
    0.9444
    0.1018
    6.0202
    0.5252
    0.0694
    0.2666
    0.2340
    0.1765
    0.0687
    0.4673
    0.6581
    0.0500
    0.6480
    0.3587
    5.2754
    0.5754
    1.8333
    0.3297
    0.0842
    2.3170
    0.5743
    0.3107
    0.2781
    1.0242
    0.9052
    0.4544
    0.0745
    0.0315
    0.0704
    0.8102
    0.0667
    4.9046
    0.2319
    3.1607
    0.8972
    0.0412
    0.8256
    0.0494
    1.5846
    0.0617
    0.4092
    0.0299
    0.0465
    0.6314
    0.3529
    0.1667
    0.0548
    0.0584
    1.5906
    0.2267
    0.3503
    0.0086
    1.2592
    0.1735
    2.9157
    2.2199
    3.8332
    4.3143
    0.3970
    0.1527
    0.2737
    0.5128
    0.5296
    1.5775
    0.0195
    0.3927
    0.6802
    0.4599
    0.1500
    0.4477
    0.7063
    0.1815
    2.0796
    0.1160
    0.5509
    0.0269
    0.3533
    0.4499
    0.0404
    0.2469
    0.1307
    0.7018
    2.3702
    0.0660
    4.6675
    0.4812
    0.1945
    0.4854
    0.0598
    0.0489
    0.6862
    0.6385
    0.1419
    1.4716
    1.2132
    0.0978
    0.5624
    0.7851
    0.0417
    0.0196
    0.3470
    0.1832
    0.0946
    0.0054
    0.8972
    0.1137
    0.5745
    0.0728
    1.2897
    4.4407
    4.9768
    3.3471
    1.0209
    1.2622
    0.9018
    2.2992
    0.0486
    1.9902
    0.2918
    0.0431
    0.2647
    0.2161
    7.8579
    1.5512
    0.4287
    0.0144
    1.1422
    0.0746
    0.2380
    0.1528
    0.1102
    0.5360
    5.0425
    0.7160
    0.2812
    0.6151
    0.1187
    0.4704
    0.2598
    0.1276
    0.2843
    0.4591
    0.2828
    0.2188
    1.2593
    0.3310
    3.1969
    0.8450
    0.9065
    0.1575
    0.9474
    0.4755
    0.6979
    0.0835
    0.0719
    1.3588
    0.0596
    0.0982
    1.9038
    0.1737
    0.0116
    0.2172
    0.0814
    5.7519
    0.8037
    0.2564
    0.0083
    2.1328
    0.0719
    1.6106
    0.4907
    0.3598
    1.2208
    0.6725
    0.9315
   10.1483
    0.0044
    1.9830
    0.9950
    0.0179
    6.2105
    0.0289
    0.1471
    0.6164
    1.1707
    0.9060
    0.4038
    1.3106
    0.0317
    2.0334
    0.0302
    0.5734
    1.6065
    0.1418
    0.4872
    0.2131
    1.9125
    0.3083
    0.0539
    4.9927
    0.2267
    0.2976
    0.3934
    1.8723
    0.0548
    0.1757
    4.5078
    0.0454
    0.1981
    0.0389
    0.3842
    2.3783
    0.5294
    6.2557
    0.1719
    0.9248
    4.7519
    0.4035
    5.0468
    0.0966
    1.5152
    0.6578
    0.0335
    2.2053
    0.0143
    2.5262
    0.2084
    0.7803
    2.3496
    0.0990
    1.6730
    0.0672
    1.6133
    0.4473
    0.0045
    0.2110
    0.7470
    0.1398
    0.1036
    0.0564
    1.0247
    0.2877
    0.3196
    0.4743
    0.0352
    0.6528
    0.3918
    3.8434
   10.4692
    0.4514
    0.0648
    0.6959
    1.3140
    0.5674
    0.9625
    2.0151
    0.0198
    0.6220
    0.3749
    0.0974
    0.7630
    0.6970
    0.5844
    2.4487
    0.7596
    0.1003
    0.3673
    0.2688
    0.1822
    3.6244
    2.7099
    0.2619
    6.5496
    1.0139
    0.1992
    0.6077
    6.8412
    2.1042
    0.5154
    3.0667
    0.5350
    0.6797
    0.3671
    0.8306
    5.1416
    0.2437
    0.2429
    4.2105
    0.5045
    0.2837
    0.3066
    0.2494
    0.1466
    0.4955
    0.3932
    0.4494
    0.1866
    0.2256
    0.2041
    0.4202
    4.0299
    0.1865
    1.3299
    4.9921
    9.7883
    0.1137
    3.6697
    0.3425
    3.2183
    0.2526
    0.0337
    0.0461
    0.4922
    2.0395
    0.1567
    0.2305
    0.2769
    0.6347
    0.2808
    0.3538
    0.0520
    0.2191
    1.5792
    1.2046
    0.4435
    0.1916
    0.1101
    1.7380
    0.1684
    6.2506
    0.5045
    0.0862
    0.0821
    0.5893
    0.1392
    4.5142
    2.8544
    0.0748
    0.0869
    2.4444
    0.5303
    0.1011
    1.1446
    1.5034
    4.9583
    0.7930
    0.5989
    0.2881
    0.1156
    0.4799
    0.6740
    0.1023
    0.3054
    0.3111
    1.4697
    0.2997
    0.4198
    2.0384
    0.0300
    0.0193
    2.0636
    0.5220
    1.4740
    0.1971
    0.6459
    0.3110
    0.3785
    0.3055
    0.5210
    1.1390
    0.2076
    4.7265
    0.0985
    0.2695
    0.5739
    0.2546
    2.9065
    0.1896
    0.6540
    0.0385
    4.5682
    0.5359
    7.0034
    0.4034
    0.6284
    0.3355
    0.3823
    0.1912
    5.5477
    0.5720
    0.6657
    0.8735
    0.2882
    0.4793
    0.0685
    1.3091
    0.1364
    0.4428
    0.1647
    0.2971
    0.4671
    0.2649
    1.6216
    0.0450
    2.1144
    0.0117
    0.2246
    4.0820
    0.8199
    0.0386
    0.2355
    0.2536
    0.2626
    0.2951
    2.8626
    0.1774
    0.2622
    2.4265
    0.5789
    1.8510
    0.1223
    0.7746
    0.1544
    0.2076
    0.1403
    0.2115
    1.3500
    0.3245
    0.5201
    0.1667
    5.5878
    6.8701
    0.1251
    0.0872
    0.7813
    0.1358
    0.2833
    0.0889
    0.6265
    0.1112
    0.0674
    2.4905
    1.7894
    0.8393
    0.0757
    0.5052
    0.2241
    0.0373
    0.0477
    0.2934
    0.1066
    0.1371
    0.0765
    0.0230
    0.4514
    0.6235
    1.2111
    0.1520
    0.3245
    0.0705
    0.7291
    0.4676
    1.1556
    0.0147
    0.2920
    0.0718
    0.2109
    0.2578
    0.1273
    0.2814
    0.2027
    0.0404
    0.2195
    9.6645
    0.3033
    0.0855
    4.0650
    0.1239
    0.6593
    0.4017
    0.0493
    0.5239
    1.0970
    3.8394
    2.6794
    6.0145
    3.3243
    0.2282
    0.0567
    2.9552
    6.0175
    0.0017
    0.5062
    0.1046
    4.4982
    0.6772
    0.3204
    0.4972
    1.9287
    0.3765
    1.1305
    0.7393
    0.6364
    4.0932
    0.3282
    0.0785
    0.0640
    0.1196
    0.5161
    0.0712
    0.4232
    0.0284
    0.4139
    0.9429
    0.6414
    0.3077
    0.0677
    1.5590
    0.3682
    1.8942
    0.0057
    0.0401
    0.0122
    0.0667
    3.3652
    0.1987
    4.3330
    0.0587
    0.2807
    1.0156
    0.0671
    0.0558
    0.2491
    1.6374
    0.0288
    2.1989
    0.0259
    2.9466
    0.0111

