   1.5116
   1.0353
   0.3254
   1.5582
   0.2557
   0.4995
   1.6856
   2.4377
   0.3688
   2.2410
   0.9529
   4.2558
   1.7087
   1.8685
   0.1689
   1.4333
   2.0754
   0.0720
   0.7085
   0.3816
   0.1207
   0.7777
   0.1412
   1.2320
   0.1516
   2.3549
   1.4768
   0.0415
   1.4750
   1.7724
   0.8529
   1.5436
   2.0766
   0.4866
   0.6733
   7.5025
   0.6845
   0.5581
   0.1588
   1.1011
   0.1663
   0.5754
   0.0486
   1.7174
   1.2340
   0.2250
   1.3793
   2.0188
   1.0996
   2.6882
   0.7575
   0.0359
   0.1951
   4.1301
   0.0949
   0.3231
   0.2169
   1.5873
   1.1474
   0.4273
   0.7556
   0.5952
   0.1549
   0.1710
   0.0873
   0.8771
   0.0688
   1.6230
   1.7033
   0.5748
   1.6200
   0.3591
   0.3244
   1.8239
   0.2864
   0.2996
   0.4162
   0.4666
   0.0010
   0.0344
   2.0486
   0.1492
   1.2085
   0.2211
   0.4415
   0.0744
   0.1710
   1.5918
   0.4706
   0.5523
   0.2334
   1.9830
   2.0850
   0.3243
   1.3190
   0.6305
   1.1364
   2.4061
   0.9801
   0.4412
   0.1842
   0.3109
   0.1441
   1.7470
   0.1434
   2.8328
   0.3473
   0.7562
   0.3767
   0.2227
   0.7728
   1.1240
   2.0375
   0.3748
   0.6601
   1.2646
   0.6193
   0.4829
   0.2034
   0.2791
   0.3966
   0.9006
   1.4562
   3.0787
   0.5449
   0.6267
   0.1598
   2.1781
   0.1928
   3.3285
   1.6292
   2.1344
   1.8988
   0.8794
   0.2339
   1.0208
   2.0351
   1.9743
   3.6554
   0.4678
   1.1363
   0.1514
   0.2535
   0.3470
   2.5585
   0.0829
   0.4989
   3.2197
   0.1926
   0.8797
   2.2850
   0.6753
   0.3824
   0.9049
   0.2915
   0.2041
   1.6791
   1.9366
   0.4688
   0.1824
   0.5643
   1.7030
   1.1937
   0.1519
   1.7286
   1.4122
   0.3539
   0.5926
   4.3353
   0.4013
   5.1069
   0.6008
   1.4708
   0.0330
   0.6778
   0.1064
   1.9261
   0.0986
   0.0603
   0.3219
   0.5444
   0.2700
   0.5673
   0.0545
   0.6927
   0.2286
   2.0909
   3.4651
   5.2064
   0.7491
   1.7895
   1.0185
   0.0004
   2.3193
   0.1846
   1.4430
   0.8031
   0.2206
   0.1954
   0.1643
   0.7438
   0.4652
   0.5310
   2.1015
   0.0974
   2.8320
   2.4372
   0.6741
   0.0627
   2.2879
   0.2424
   0.1283
   0.8329
   0.4020
   0.6250
   0.4765
   0.4072
   0.5328
   0.7143
   0.5273
   0.0510
   0.4597
   1.6463
   0.5095
   0.6071
   1.1273
   0.1412
   0.0234
   0.7535
   0.6839
   0.7951
   0.0181
   2.2299
   0.7842
   0.8015
   0.9902
   2.8540
   2.3344
   0.0402
   1.1382
   0.8475
   0.1284
   0.4141
   0.5703
   0.4367
   0.4698
   1.9316
   0.4367
   0.5194
   2.6446
   0.7154
   0.5405
   0.5257
   0.1342
   1.3482
   0.5678
   0.3260
   0.9563
   0.7464
   0.4030
   2.1020
   0.3143
   1.2840
   0.5927
   1.2000
   1.1651
   0.6838
   2.9099
   1.2912
   0.7148
   0.1841
   0.1582
   1.1536
   1.2613
   0.3101
   0.5962
   3.7475
   1.4007
   2.2074
   0.8171
   0.7934
   0.4081
   0.6948
   2.8011
   1.1129
   1.0399
   0.5134
   0.6271
   0.0356
   0.4586
   1.5849
   0.0479
   1.2079
   0.8279
   0.1508
   2.0878
   2.3135
   1.7796
   3.1123
   0.3761
   0.1212
   0.0792
   0.5822
   0.1725
   1.6600
   1.1887
   0.7638
   0.6730
   1.5924
   0.5657
   0.5071
   1.5870
   0.3889
   0.2208
   1.1304
   0.9932
   0.6953
   0.3961
   0.1668
   3.3796
   0.0593
   0.5169
   0.0171
   1.6152
   0.6399
   0.6488
   1.8026
   2.7373
   0.0936
   2.5982
   0.4169
   0.7906
   0.9978
   1.2120
   1.2026
   1.5633
   0.4049
   0.4054
   0.2547
   5.4268
   1.2167
   2.4757
   0.8173
   0.2275
   0.6466
   1.5078
   0.2502
   0.5067
   0.3917
   0.3875
   0.4928
   0.1032
   0.5008
   2.7079
   2.5796
   0.0814
   0.1365
   0.0310
   0.7601
   0.3380
   0.1770
   0.5507
   0.3778
   0.3889
   0.2310
   0.9344
   0.0978
   1.9669
   4.0100
   0.2430
   1.0661
   0.1873
   0.0206
   1.2076
   0.5497
   0.3681
   0.5205
   0.0044
   0.8687
   0.3479
   1.1269
   0.6139
   2.6744
   0.7226
   0.8481
   3.4315
   0.3860
   0.1071
   0.6934
   1.7006
   2.7033
   2.6054
   0.1457
   0.5787
   0.4045
   0.1867
   0.2064
   0.3826
   4.5152
   0.5066
   0.7548
   0.5019
   1.7916
   0.1329
   0.4890
   0.2661
   0.7152
   2.4924
   0.3589
   2.2107
   0.9170
   0.0964
   0.5675
   2.0888
   0.6386
   0.6236
   0.7855
   3.0540
   0.1200
   0.4597
   0.2987
   2.8815
   0.5173
   0.2162
   0.2536
   0.3999
   1.8994
   2.2696
   0.2305
   3.7253
   0.0244
   1.2526
   0.8077
   0.4110
   0.1577
   0.5935
   0.0946
   0.4382
   1.1074
   0.2514
   0.6923
   2.1367
   0.2063
   0.4012
   0.2674
   2.0728
   0.8290
   0.7300
   0.1851
   0.3045
   0.1005
   0.7052
   2.8853
   0.7686
   0.6082
   0.4624
   0.6026
   0.6998
   2.8356
   0.6562
   0.4414
   0.1391
   2.6915
   0.4870
   9.5845
   0.8441
   1.6934
   1.7815
   2.1500
   0.8452
   0.2434
   0.1368
   0.6639
   0.5993
   1.4499
   1.5974
   0.4000
   0.0201
   0.4403
   0.5461
   0.0545
   0.2837
   0.7400
   5.8709
   0.7278
   1.5649
   2.5919
   0.0466
   0.2547
   0.1709
   0.0672
   1.6755
   0.2684
   1.2622
   0.7782
   0.9389
   0.2537
   2.5369
   4.1827
   1.9471
   2.5202
   1.5795
   3.0255
   0.9137
   2.1976
   0.6060
   0.0335
   0.1524
   3.6555
   0.9713
   3.1355
   3.0201
   0.0387
   0.3381
   1.4221
   1.2658
   0.6034
   1.1829
   0.5046
   2.4107
   1.9335
   0.2073
   0.4431
   0.5905
   1.5283
   2.2247
   0.4895
   0.7957
   0.8474
   0.1626
   1.3029
   3.1277
   0.5870
   1.4243
   0.0153
   0.0955
   1.7316
   1.3632
   0.1194
   0.7795
   0.9779
   1.1280
   0.8585
   1.5944
   0.1442
   0.0865
   0.3476
   0.3092
   0.0007
   0.7557
   1.9150
   1.6872
   0.6977
   1.2558
   0.4308
   0.3082
   1.2616
   0.2238
   1.2064
   0.0903
   0.5501
   1.1488
   0.6115
   0.7257
   3.2088
   2.6025
   1.9116
   0.0871
   0.0979
   2.6071
   1.4304
   1.4112
   3.1100
   0.6472
   0.2999
   0.0439
   0.2692
   0.6257
   1.4161
   1.1790
   0.5913
   1.2218
   0.2801
   0.0378
   1.2016
   3.8293
   0.3863
   0.2256
   0.2099
   0.5289
   1.3518
   1.5058
   0.3750
   0.8716
   0.3462
   1.0675
   1.1873
   6.2044
   1.1465
   0.3950
   0.1871
   1.6886
   2.0695
   5.0449
   0.5852
   0.1440
   2.9164
   0.8165
   1.9689
   0.4597
   0.9956
   0.7761
   2.0310
   1.1875
   2.1644
   0.1302
   0.7068
   0.5410
   1.3453
   0.8299
   0.3694
   2.4655
   0.8002
   0.1933
   3.9337
   0.4432
   1.9945
   0.1144
   0.2258
   2.6641
   0.9129
   2.6455
   0.3711
   1.9759
   0.1489
   1.8702
   2.5364
   0.9083
   0.5397
   0.5611
   0.0248
   0.2544
   0.2408
   0.0221
   0.2131
   1.3953
   1.2879
   0.0947
   0.4161
   1.9731
   1.4805
   0.1727
   0.6633
   2.5372
   0.3524
   1.7212
   0.5588
   0.4066
   0.1495
   1.9602
   1.8225
   0.4387
   1.5178
   0.8457
   1.1633
   0.1676
   0.3225
   0.0537
   0.4366
   0.9708
   0.1114
   0.9114
   0.5888
   1.3400
   1.7529
   0.8467
   0.2097
   0.2433
   0.3961
   0.6130
   1.4116
   0.0019
   0.2568
   1.2542
   0.6423
   2.1366
   0.4291
   0.8780
   2.4366
   1.3441
   0.1608
   0.7662
   0.0737
   2.2738
   0.9037
   0.5398
   0.3980
   0.3795
   0.7116
   0.4805
   1.1754
   0.2268
   3.6526
   0.4458
   2.5152
   0.3354
   1.0004
   0.1438
   1.7161
   1.6435
   1.3713
   0.2474
   0.1266
   0.5649
   2.2157
   0.7786
   1.1889
   0.3302
   0.1909
   1.0297
   0.3223
   0.8442
   3.0787
   0.5752
   1.6935
   0.5068
   0.0988
   0.5175
   0.8376
   0.9155
   2.9490
   0.4130
   0.8499
   1.9107
   0.6804
   0.0082
   1.1737
   2.4200
   0.1869
   0.8780
   0.3625
   0.6350
   0.0747
   1.2158
   0.7891
   0.6735
   0.1698
   0.3035
   3.0294
   0.0895
   5.9713
   1.7155
   0.0056
   0.2274
   0.0564
   0.1236
   0.9494
   2.1239
   0.1713
   0.8876
   1.3294
   0.6665
   0.9446
   0.5361
   0.6241
   0.9648
   0.3428
   0.1545
   1.0850
   4.6652
   0.1132
   1.7764
   0.2478
   0.3713
   0.1296
   0.2334
   1.0905
   0.1715
   3.0340
   2.0922
   0.5052
   0.2662
   0.1137
   0.0315
   2.5785
   1.3170
   0.5726
   0.8511
   0.6186
   4.6938
   1.9528
   0.1811
   0.4630
   1.2401
   1.5559
   1.2124
   0.0707
   0.4523
   1.7548
   0.4383
   0.0662
   0.2678
   2.1646
   0.1072
   0.5327
   0.0277
   0.9837
   0.4873
   0.1175
   0.3706
   1.0282
   1.1584
   0.2683
   1.2411
   1.2890
   0.1638
   0.4301
   0.2564
   0.6929
   0.6588
   0.2316
   0.4496
   0.3808
   1.1550
   0.8695
   3.1508
   1.2628
   0.0089
   0.7305
   0.2087
   0.1925
   0.8357
   1.5526
   0.0281
   0.9890
   0.0341
   1.0885
   3.2273
   0.4885
   1.0105
   1.3163
   2.2255
   0.2424
   0.7916
   0.4517
   0.8104
   0.5171
   2.0096
   0.4318
   0.8757
   0.1601
   0.8775
   0.3653
   0.3029
   0.1373
   0.4527
   0.4476
   0.5284
   0.4543
   0.2036
   1.3204
   0.6033
   0.7428
   0.0289
   0.2016
   1.0742
   2.2772
   0.2145
   0.0167
   0.3022
   2.1502
   0.1862
   0.2929
   2.6927
   0.4802
   5.3320
   0.4067
   0.6688
   0.1301
   1.5917
   0.3297
   0.2759
   4.7778
   1.5186
   1.1574
   0.1522
   0.3804
   0.3601
   1.2407
   0.4076
   0.0150
   0.7605
   0.1346
   1.1368
   0.0766
   0.0194
   0.5698
   1.6305
   0.0735
   0.6321
   0.8320
   1.2511
   0.4172
   0.9681
   0.1617
   0.1557
   2.0936
   1.3641
   2.1643
   0.0724
   0.6494
   3.7564
   1.5426
   0.3695
   0.1155
   0.0623
   1.2379
   0.8806
   0.4089
   0.0846
   1.0714
   0.5091
   0.1403
   0.1586
   0.2310
   0.0833
   1.4931
   0.2537
   1.1052
   0.3018
   0.7383
   0.3724
   0.1684
   0.7228
   1.0057
   0.7086
   1.5665
   2.4535
   0.5390
   3.8130
   1.3108
   1.7564
   0.1827
   1.0784
   0.3842
   0.9381
   0.7207
   0.0605
   0.2571
   1.8514
   0.5652
   1.6698
   0.1982
   0.2863
   0.5455
   0.2798
   2.5361
   0.7341
   1.2437
   0.0075
   2.1318
   0.5527
   0.7049
   0.2329
   0.4960
   0.5211
   0.6355
   0.8135
   0.1727
   0.8202
   0.2472
   4.4765
   0.0157
   0.9186
   5.0720
   3.3041
   0.1464
   2.0620
   0.9568
   0.5493
   3.2084
   0.2634
   1.3964
   0.3350
   1.5772
   0.5711
   0.8817
   1.0751
   0.0165
   3.1556
   0.5486
   1.5699
   0.4892
   0.2089
   0.6692
   0.4263
   0.6108
   0.0894
   3.1475
   0.0607

