    0.0391
    1.1387
    0.6705
    0.0750
    0.1831
    0.4241
    0.2447
    6.3224
    0.0671
    0.3355
    0.2128
    0.0821
    0.6771
    0.0527
    2.4925
    0.3492
    0.7240
    0.9505
    0.7089
    0.1698
    0.1050
    0.6071
    0.2140
    0.0929
    0.3706
    0.2186
    0.5959
    0.0189
    0.4782
    0.4687
    0.4846
    1.7874
    0.0622
    4.6392
    0.3735
    0.0963
    0.1463
    0.4937
    0.1218
    8.2651
    0.2191
    0.0299
    0.2538
    0.3211
    0.3682
    0.1824
    0.2446
    0.3283
    5.3134
    0.0950
    0.7270
    0.1914
    0.1242
    0.0771
    2.0793
    0.2103
    3.2745
    4.5931
    2.4226
    0.9447
    0.5139
    1.4684
    0.0636
    0.2044
    0.6788
    0.4497
    2.4163
    0.1102
    1.7125
    1.0625
    0.3814
    0.0563
    1.5063
    0.0913
    0.5175
    0.0229
    4.2762
    0.2386
    1.8039
    2.1908
    2.2701
    0.7797
    0.3399
    0.8544
    0.1920
    0.0069
    0.4748
    0.2810
    0.3834
    1.1259
    0.8188
    1.0867
    0.1479
    3.2551
    0.2201
    0.2247
    1.0261
    0.3227
    1.1951
    2.0416
    0.1390
    0.4894
    0.7468
   11.5399
    0.2112
    3.0361
    0.1176
    2.1118
    0.0688
    0.3217
    0.0975
    0.1217
    0.3919
    0.9003
    0.6624
    0.2869
    0.0257
    3.9578
    0.1071
    0.1314
    0.2599
    0.6486
    0.3557
    0.2833
    0.2612
    1.2989
    2.2832
    0.1449
    0.6078
    0.2918
    0.9768
    1.1075
    0.8902
    0.1007
    1.0721
    0.4679
    0.0967
    0.3549
    0.6534
    0.6648
    0.1642
    4.0839
    0.6947
    0.0247
    0.0138
    0.3785
    0.9143
    7.0526
    0.0835
    0.7368
    0.0430
    0.3650
    0.0012
    0.7045
    2.1473
    0.7884
    0.3740
    0.8065
    0.4707
    2.0783
    0.4071
    0.1482
    0.1250
   22.5054
    0.0724
    1.7581
    0.2819
   20.7521
    0.0488
    1.1069
    8.3672
    0.0244
    0.9253
    0.4267
    0.8678
    0.1734
    5.2850
    0.3682
    0.0808
    0.1509
    0.0747
    0.2096
    0.6193
    0.5779
    1.1577
    0.1719
    0.3311
    1.1835
    0.0666
    0.2711
    0.1479
    0.3524
    0.0463
    0.1365
    0.0911
    0.9357
    0.7301
   24.7168
    0.1295
    3.4438
    0.0431
    0.0630
    0.1600
    0.2131
    0.8916
    0.3128
    1.6120
    1.2913
    0.0236
    0.2407
    0.0205
    0.3268
    2.3733
    1.5443
    0.4451
    0.4818
    0.9301
    0.0111
    0.2810
    0.6348
    0.1678
    0.1123
    0.6622
    0.1003
    0.1020
    0.3388
    0.0230
    1.4121
    0.0211
    0.9233
    0.3904
    0.0767
    0.3996
    1.0401
    5.1061
    0.2241
    0.4881
    0.5520
    0.0564
    1.6701
    0.6996
    0.2884
    0.1392
    1.0795
    0.2242
    0.6030
    0.9358
    0.4527
    2.6863
    1.1980
    0.3177
    0.2232
    1.9228
    0.0095
    0.3476
    1.3872
    0.2923
    0.3954
    1.1469
    0.2154
    0.1264
    8.9092
    1.4664
    0.1467
    2.5174
    1.6507
    0.1457
    0.5016
    1.2221
    0.8760
    0.2622
    0.1295
    0.4695
    2.1629
    0.3845
    0.4470
    0.1403
    1.4781
    1.0351
    1.5826
    0.6162
    0.2811
    0.3990
    0.8822
    0.1214
    0.7755
    0.0401
    0.9711
    0.6873
    0.1384
    2.4014
    0.7090
    0.8242
    0.2170
    1.2624
    0.3826
    0.5146
    0.8876
    0.1916
    1.3358
    0.3896
    0.1281
    0.4741
    6.0532
    0.0912
    0.0098
    0.2261
    0.8823
    0.2314
    0.4849
    2.4068
    1.6294
    0.0076
    0.1446
    0.7658
    0.1637
    2.4189
    0.3563
    0.1527
    0.0484
    0.9920
    0.4829
    0.2819
    4.8327
    0.2993
    0.1555
    0.1850
    0.6217
    0.2631
    0.1687
    0.1187
    1.7328
    0.0119
    0.6505
    0.7927
    0.7030
    0.0094
    4.3528
    0.2852
   11.1617
    2.6347
    0.0863
    0.2048
    0.0085
    0.0115
    1.1498
    0.2187
    1.7425
    0.4275
    0.0768
    0.2269
    1.1559
    0.6042
    1.2236
    0.9515
    0.1236
    0.4787
    0.0704
    0.6512
    3.7579
    0.3448
    2.2210
    2.1622
    0.0230
    0.5272
    0.1552
    0.7246
    0.1979
    0.1857
    0.9080
    0.0018
    1.2522
    0.0018
    0.4740
    0.7354
    1.3589
    0.5076
    0.1785
    0.2739
    0.8289
    1.6444
    0.1533
    0.7482
    0.0144
    0.0289
    1.2401
    0.0041
    0.1003
    0.4027
    0.1237
    0.8681
    0.0598
    0.5637
    0.0090
    0.0038
    0.6146
    1.5415
    0.7268
    3.6113
    2.5191
    2.6023
    0.2136
    3.1393
    2.5840
    0.9815
    2.0370
    0.3390
    1.4362
    0.6252
    1.1445
    0.1377
    0.0372
    0.7690
    0.0188
    0.2335
    0.0668
    1.1227
    0.0389
    0.9974
    1.0990
    0.2332
    0.5312
   10.2121
    1.0321
    0.3941
    0.2617
    0.1842
    0.3033
    0.0329
    0.0886
    0.1809
    0.6324
    0.0757
    3.1765
    0.9179
    0.3362
    1.0452
    1.0213
    0.0294
    0.0836
    0.2445
    0.0461
    0.4893
    1.6155
    0.5979
    0.1423
    0.2181
    0.0714
    0.5448
    0.1697
    0.2562
    0.1748
    3.1060
    0.2814
    0.7723
    0.4804
    1.1469
    2.1435
    0.5083
    0.1351
    0.0625
    0.7764
    0.3200
    0.3715
    0.0232
    0.0529
    2.2302
    0.1755
   11.2461
    0.4582
    0.0774
    0.0507
    0.6190
    0.1166
    0.3713
    0.3806
    0.1390
    0.1056
    0.4620
    7.5394
    0.0433
    3.8929
    0.5985
    0.0166
    0.3746
    0.9058
    0.3363
    0.0310
    0.7187
    0.0060
    0.2595
    0.1831
    0.3572
    1.2610
    0.1177
    1.1409
    0.2626
    0.4706
    2.2667
    3.3974
    0.0906
    0.2570
    0.0917
    0.0010
    0.5761
    1.1405
    0.8812
    0.2288
    0.0328
    1.5088
    1.5532
    0.8530
    0.0008
    1.0149
    0.5500
    0.1489
    0.3964
    1.2142
    0.2976
    0.8184
    0.5721
    0.0591
    0.5002
    0.2057
    0.6125
    0.1475
    0.0208
    0.5501
    0.3998
    0.6494
    0.8899
    0.0659
    0.2248
    0.0468
    2.6999
    0.7489
    0.4635
    0.0098
    0.3455
    0.3201
    0.2404
    0.2606
    0.6412
    0.3086
    0.4859
    0.3197
    8.3451
    0.5959
    0.4738
    0.1151
    0.0495
    6.7971
    0.2713
    0.5878
    0.2320
    0.1029
    0.0871
    0.2580
    3.9996
    0.5076
    0.7915
    0.2205
    1.3050
    1.1547
    0.0209
    0.2633
    0.8992
    3.5751
    0.1793
    0.3460
    0.1118
    0.7638
    0.1106
    0.3525
    0.2961
    0.5663
    4.2495
    1.3071
    0.2652
    0.1514
    0.4523
    0.3687
    0.0742
    0.0875
    0.3893
    0.7094
    0.0919
    0.4545
    3.7707
    0.9322
    0.0721
    1.0861
    0.9008
    0.5613
    0.4479
    0.5433
    0.2923
    0.4700
    0.4017
    0.1309
    0.3483
    0.2940
    2.0636
    0.4133
    0.2327
    0.7922
    0.3016
    0.0968
    0.0199
    0.9174
    0.1872
    0.0415
    0.6439
    0.1171
    0.4736
    0.0455
    0.0617
    0.7199
    2.9549
    0.5736
    1.5694
    2.6224
    0.5278
    6.4858
    1.2723
    6.1754
    2.1489
    0.2642
    1.0024
    0.5614
    0.5964
    0.1092
    0.7905
    0.3027
    0.0916
    0.2918
    0.5067
    0.2376
    0.6402
    0.6566
    0.0332
    0.0920
    0.0436
    0.2879
    1.1873
    0.4752
    1.1797
    0.0079
    0.4704
    0.2553
    0.3143
    0.0818
    0.7790
    0.4742
    0.1819
    0.1809
    0.0609
    0.7415
    2.1567
    5.6686
    2.9678
    2.2600
    1.3323
    0.7347
    0.4470
    0.6804
    0.8049
    0.3537
    1.1077
    0.8637
    3.0591
    0.3212
    0.0241
    0.0079
    2.6600
    2.6663
    0.1355
    0.0144
    1.9083
    2.7628
    1.2667
    0.3753
    0.0782
    0.3441
    1.9713
    0.2462
    2.1448
    0.0292
    0.3465
    0.0642
    0.3869
    0.0327
    0.1629
    0.5115
    0.1847
    1.2336
   10.2575
    0.4430
    0.0196
    0.4645
    2.1226
    0.0004
    0.8631
    0.4602
    0.3715
    0.9371
    1.1324
    5.3175
    1.6932
    0.0499
    0.1844
    0.0684
    0.2081
    1.0044
    1.0497
    0.2658
    0.4759
    0.1624
    0.3344
   13.6728
    7.9428
    0.1872
    0.2849
    1.8115
    6.4350
    0.1295
    0.5159
    0.7392
    0.8961
    2.4358
    0.0051
    0.3386
    0.5842
    0.0190
    2.0618
    0.0735
    1.4445
    0.1013
    0.0014
    0.1337
    0.9758
    0.4240
    0.3057
    6.6637
    0.2128
    0.1183
    0.8813
    0.1099
    7.3488
    0.4370
    0.8070
    1.0832
    0.2076
    1.2775
    0.0115
    0.0935
    0.6487
    1.0227
    2.4465
    0.1221
    0.1848
    1.0195
    0.9914
    0.6187
    0.5678
    0.0352
    8.0884
    0.1166
    0.4259
    0.2801
    0.1425
    0.1007
    2.2917
    1.1711
    0.9643
    0.1483
    0.2715
    1.7405
    0.2567
    0.0709
    0.3595
    0.5533
    0.2166
    0.3352
    0.5845
    0.2843
    0.3061
    0.2959
    0.0156
    0.0989
    5.2243
    0.0430
    1.0756
    0.0044
    1.0811
    0.2007
    0.6405
    0.0932
    0.2414
    0.8132
    2.2982
    0.2844
    0.7732
    0.7405
    3.1477
    0.4350
    0.7948
    2.7814
    1.5287
    0.4789
    0.1785
    0.4938
    0.4167
    0.0341
    0.4028
    0.1981
    0.9877
    0.0354
    0.2326
    0.5102
    0.6974
    0.8710
    0.7329
    0.5679
    0.4796
    0.1351
    0.1500
    0.2248
    1.2940
    0.9228
    0.1912
    0.0391
    1.7448
    5.2049
    0.9414
    0.3518
    0.0309
    0.5144
    1.1491
    1.0816
    1.8054
    1.0528
    0.1797
    0.3854
    0.0350
    0.1179
    0.0172
    0.4487
    1.2169
    0.8461
    0.1849
    1.5716
    0.0540
    0.4597
    0.0933
    0.1045
    0.2917
    0.1474
    0.1240
    4.9770
    0.0474
    0.6602
    0.1204
    0.6544
    3.2865
    0.4372
    0.4595
    3.3395
    0.3645
    0.4238
    0.5744
    0.0767
    0.2767
    0.7206
    0.3955
    2.4002
    1.1009
    0.4588
    0.5971
    1.4868
    0.3796
    0.0651
    0.1729
    1.0119
    0.2681
    0.7711
    0.4942
    0.5585
    0.5417
    0.0136
    0.5026
    0.0838
    8.6812
    0.3636
    0.0613
    0.0049
    4.1450
    0.5794
    0.3384
    0.8530
    0.4192
    0.0394
    0.4970
    0.2669
    6.6321
    7.5303
    0.1825
    0.2626
    0.0145
    0.2720
    0.0893
    0.1122
    0.6032
    0.7589
    2.7036
    0.3185
    0.7755
    0.9135
    0.0049
    0.1270
    0.3841
    1.6914
    0.4689
    0.3164
    0.1570
    2.6892
    0.1984
    0.3291
    0.2274
    0.1427
    0.0927
    0.4082
    0.3756
   11.2063
    0.0214
    0.3875
    1.8731
    0.1762
    0.2007
    0.0928
    4.1774
    0.1476
    0.3966
    0.0993
    1.5579
    0.3151
    0.4237
    0.6480
    0.5909
    0.1857
    0.1003
    0.0666
    2.0960
    0.0152
    0.9027
    7.3341
    0.3043
    2.7486
    0.7744
    0.1444
    0.1408
    0.1911
    0.1213
    0.2668
    0.1253
    0.4263
    0.1892
    0.3142
    0.0840
    0.5927
    0.4537
    0.6979
    3.5554
    0.2941
    0.7665
    8.8013
    5.5404
    5.2277
    1.0371
    0.1490
    0.5253
    0.1984
    0.3288
    2.4104
    0.9291
    0.6046
    0.1053
    0.0263
    0.6951
    0.5379
    0.8221
    0.3093
    0.4999
    0.0374
    0.2541
    0.4145
    0.0682
    0.2558
    0.1646
    3.4363

