   1.9255
   1.2688
   0.6509
   0.2654
   1.0067
   1.2550
   1.7778
   1.1182
   1.5228
   2.9805
   0.5080
   0.2206
   0.1947
   1.0000
   1.3216
   1.7295
   1.2059
   1.0289
   0.4427
   1.0000
   0.9702
   0.1712
   1.1829
   0.5218
   1.1363
   1.0000
   2.0881
   1.3187
   1.0000
   0.8228
   1.3127
   1.0000
   1.3564
   0.0001
   0.7677
   0.0042
   0.3946
   0.0333
   1.4708
   1.2064
   1.3722
   0.5531
   0.0271
   0.3976
   0.4440
   0.1999
   0.3369
   1.2840
   1.0143
   0.8211
   0.5995
   0.3028
   0.3231
   0.5692
   0.3654
   1.0000
   0.2044
   0.2799
   1.8476
   0.6699
   0.2950
   1.0000
   0.8375
   0.6220
   1.0659
   0.8240
   1.6660
   0.5720
   0.6587
   0.5053
   0.3690
   0.2689
   1.0230
   0.0994
   0.6077
   1.1099
   1.1353
   0.7199
   0.5693
   0.7409
   1.0000
   0.1025
   1.2134
   0.2514
   1.1625
   1.5000
   1.0000
   0.5706
   0.0553
   0.4202
   0.9025
   0.0311
   2.4047
   1.7145
   1.9860
   0.0449
   1.6360
   0.1507
   1.0000
   1.7419
   1.0000
   0.6584
   0.8225
   0.9949
   0.9954
   0.1966
   1.1325
   0.9453
   1.0000
   1.0000
   1.8811
   1.1835
   0.0680
   2.7082
   0.1679
   0.2650
   0.1579
   1.8169
   0.1773
   0.3726
   1.7029
   0.8514
   1.6170
   1.2930
   1.3663
   1.3369
   1.2504
   0.1606
   0.2010
   0.5758
   0.7706
   1.4015
   1.0000
   1.9801
   0.3904
   0.0323
   1.5280
   0.9487
   0.4504
   0.0558
   1.0000
   1.0533
   2.2422
   1.0672
   1.1373
   0.3072
   1.8909
   0.0595
   3.9527
   1.1602
   1.8318
   0.0040
   3.2255
   0.1793
   0.6859
   0.7926
   1.0000
   1.3981
   0.8538
   2.3633
   2.3651
   0.2396
   0.5747
   1.0000
   0.8527
   0.6130
   2.0257
   0.0091
   1.0000
   0.5441
   0.1859
   0.0048
   0.1961
   0.3163
   2.6937
   0.4993
   0.8889
   3.3323
   0.9752
   2.8305
   0.0563
   0.0527
   0.5985
   0.5201
   0.3035
   0.7665
   0.7120
   0.4185
   0.8472
   0.1585
   0.5304
   0.6485
   0.3020
   0.0184
   0.9165
   1.0596
   1.0682
   0.3053
   1.0681
   1.0753
   1.5369
   0.7742
   0.9341
   0.9066
   0.6807
   0.0714
   0.4072
   0.4612
   0.7254
   0.7631
   0.2356
   0.4623
   0.5245
   2.0169
   0.0470
   0.4992
   0.3768
   0.1904
   0.8520
   2.3793
   0.2736
   0.4728
   0.5023
   0.8954
   1.4385
   0.9434
   2.8434
   3.0899
   1.0000
   1.1226
   0.5821
   1.0000
   0.0806
   1.3229
   1.2569
   0.3305
   0.5149
   0.0344
   1.0026
   1.1931
   1.1412
   1.4017
   1.1944
   1.5810
   0.8458
   0.5143
   0.9291
   1.7918
   1.4219
   1.0000
   0.9959
   1.5281
   0.7961
   1.8499
   0.7974
   0.7932
   1.0000
   1.0000
   0.0307
   1.0000
   1.0000
   2.3085
   4.7183
   1.6812
   1.0000
   1.2097
   0.2077
   0.5127
   1.3095
   0.7949
   0.2258
   0.0232
   0.5321
   1.0000
   1.0000
   0.2789
   0.3768
   0.0761
   0.1314
   1.0000
   1.2266
   0.7067
   0.1532
   1.4349
   3.2467
   1.4314
   0.9138
   1.9744
   0.2724
   0.4281
   0.6311
   2.1378
   1.4231
   1.0000
   1.4592
   0.4924
   1.0326
   0.3493
   0.9234
   3.6068
   1.5181
   0.6258
   2.4845
   0.4370
   0.0747
   0.0083
   0.4080
   0.4476
   1.0000
   0.0987
   0.7601
   1.2522
   1.0000
   0.7917
   2.2865
   0.1869
   0.8715
   1.1838
   2.5882
   1.4782
   1.0000
   0.9671
   0.2775
   1.6606
   0.2836
   1.0000
   1.5535
   0.8122
   1.1318
   1.7121
   1.4269
   0.9912
   1.0002
   0.2467
   0.1630
   0.1448
   1.0065
   0.5454
   0.8810
   0.2471
   2.4996
   0.8721
   0.6960
   0.1087
   0.0053
   0.6436
   1.0314
   1.4154
   0.9757
   4.7125
   1.0000
   2.7991
   1.7589
   1.0000
   1.5224
   1.5326
   0.9690
   3.8161
   1.2083
   1.7882
   1.3831
   0.6286
   0.4698
   1.0092
   0.0433
   1.0000
   1.7226
   1.0000
   1.2008
   0.1681
   1.5582
   1.0000
   1.0000
   1.0931
   1.0000
   1.0000
   0.1072
   1.0000
   1.3317
   0.3999
   0.2269
   1.0000
   0.5580
   1.0939
   1.1698
   1.7091
   1.0000
   1.0000
   0.5100
   1.2403
   0.6279
   1.0000
   1.0000
   1.0162
   1.1121
   0.5005
   0.3795
   1.5674
   0.4118
   1.0896
   0.0423
   2.6946
   1.7628
   0.6280
   0.4606
   0.8344
   0.7139
   0.4688
   0.2222
   0.2923
   0.1755
   0.2017
   0.3942
   0.8691
   1.0000
   0.2284
   0.5077
   0.0879
   0.1486
   0.8056
   2.7914
   0.9589
   0.4948
   0.9897
   1.9801
   1.9253
   0.5587
   2.3321
   1.0492
   0.4458
   0.4239
   1.1744
   0.2886
   1.0000
   0.9481
   0.8071
   1.7667
   1.7162
   0.3128
   1.5291
   1.6011
   0.4784
   0.3585
   0.2916
   1.0000
   1.8619
   0.2293
   1.1372
   1.0000
   1.3205
   1.2992
   1.5894
   0.1404
   1.0000
   1.0126
   0.3131
   1.0000
   1.0651
   0.9740
   1.3105
   0.8452
   1.0000
   0.6640
   0.3865
   0.6220
   0.1572
   0.0370
   0.2159
   0.3281
   1.0456
   1.0000
   1.4898
   1.0000
   0.8656
   1.3741
   0.9712
   1.6195
   0.0012
   0.0135
   0.8416
   0.0169
   0.4976
   0.0083
   0.4330
   0.0148
   1.3711
   1.0000
   0.4446
   1.8493
   0.1165
   1.0000
   0.8498
   2.3355
   0.9069
   2.8497
   0.4951
   0.6361
   0.0734
   2.3357
   1.6848
   0.9959
   1.0000
   1.0100
   1.0000
   1.0288
   0.9301
   0.4780
   1.2069
   1.3627
   2.1263
   0.9433
   0.0661
   1.0243
   1.0000
   1.0000
   0.3223
   1.0000
   0.6741
   1.0146
   0.1955
   0.2755
   1.0000
   0.4922
   1.0000
   1.3990
   1.2328
   2.0264
   0.2145
   0.2188
   1.0000
   0.1844
   0.6726
   0.3144
   0.0340
   0.3334
   0.3220
   1.6690
   2.1497
   1.0000
   1.0000
   1.1272
   0.8592
   1.8239
   1.0000
   1.0000
   1.9159
   0.4358
   1.0000
   0.7164
   0.4602
   0.5636
   0.4067
   1.8934
   0.0424
   0.0954
   0.1069
   1.3140
   2.0121
   2.0323
   1.1075
   1.0000
   0.3312
   0.8585
   2.4065
   2.6070
   1.0000
   1.0000
   1.0000
   0.1410
   0.3763
   1.0873
   1.1985
   1.0000
   0.5108
   2.0217
   1.5000
   1.8664
   0.0472
   0.2149
   0.6637
   1.5368
   2.0038
   1.8944
   1.3347
   0.8324
   1.2793
   0.5984
   0.1032
   0.7960
   0.2723
   0.7633
   1.2127
   0.3582
   2.1240
   0.0811
   1.9986
   1.0000
   0.7760
   0.3866
   1.3359
   1.3972
   1.4313
   0.6061
   0.1013
   0.2679
   1.0000
   1.0000
   1.0898
   0.6550
   0.9253
   1.0439
   1.1820
   1.3859
   1.1740
   0.0117
   1.2213
   1.0000
   0.0541
   0.2287
   0.3492
   0.2211
   0.5627
   1.3936
   2.2518
   0.7976
   1.8270
   0.5987
   2.9167
   0.0446
   0.7767
   0.7798
   0.5086
   1.8636
   0.4767
   0.5664
   2.1494
   0.1737
   0.5912
   0.6019
   0.3303
   0.4835
   0.0209
   2.2612
   0.4698
   0.5726
   1.0000
   2.7058
   2.1391
   0.1772
   2.4109
   0.4106
   1.1555
   1.0000
   1.0000
   1.0000
   0.2070
   1.0000
   1.0000
   0.2213
   0.8679
   1.2849
   1.0000
   1.0000
   0.3311
   3.4896
   0.5264
   0.0568
   0.4366
   0.9426
   1.0000
   1.0000
   0.4249
   0.4683
   1.1064
   0.1765
   1.9917
   1.0538
   0.7023
   1.2560
   1.0446
   0.7657
   1.0000
   1.0000
   0.2121
   0.7266
   0.0013
   1.0000
   0.1263
   1.0000
   1.8735
   1.0000
   0.8712
   1.6287
   0.2745
   1.0000
   0.0923
   0.0266
   2.1868
   1.1655
   0.4088
   0.7053
   1.4969
   0.8879
   2.1831
   1.0000
   0.0539
   0.0324
   0.4887
   0.5031
   1.2855
   0.0249
   0.1159
   0.2838
   0.3336
   2.1226
   2.8123
   1.8181
   1.7379
   1.2770
   1.4952
   0.3969
   0.7717
   0.4943
   0.2607
   0.5738
   2.4242
   0.5197
   0.6097
   1.0000
   1.2223
   2.4043
   1.4082
   1.0100
   2.9688
   0.7326
   0.8262
   1.4103
   3.6075
   1.1002
   0.2217
   1.0000
   0.0122
   0.1954
   1.6085
   1.1908
   0.7666
   1.3014
   1.0879
   0.5032
   1.6731
   2.2036
   2.5334
   1.0000
   0.3338
   0.9203
   1.0000
   1.0000
   0.1663
   0.2030
   1.2972
   0.4138
   0.7213
   0.3321
   1.5938
   0.3814
   1.0000
   1.0000
   1.0000
   5.7518
   1.0000
   1.8008
   1.3039
   0.2858
   1.0000
   0.0335
   1.0000
   1.3915
   1.2887
   0.1601
   0.2468
   2.5638
   4.0806
   0.9061
   0.2003
   0.4058
   0.4437
   2.0086
   1.6525
   0.4682
   0.6909
   0.9670
   0.1679
   0.1015
   0.7118
   1.0000
   2.5424
   1.0753
   1.5903
   1.1775
   1.6470
   0.6698
   1.2126
   2.6216
   1.0000
   1.0000
   0.4501
   1.4276
   1.0583
   0.8031
   2.6722
   0.8636
   3.5428
   0.7776
   0.8251
   0.7547
   1.0000
   2.0327
   1.0000
   0.3626
   0.6239
   1.5741
   1.4034
   0.4980
   1.9930
   1.0000
   2.7914
   1.0000
   0.9274
   1.0000
   0.2927
   2.0686
   0.2740
   2.4495
   2.9654
   0.2160
   1.0000
   0.3213
   0.7880
   1.8001
   1.0000
   0.1806
   2.4419
   0.9764
   1.9529
   1.2272
   2.3627
   1.7137
   1.0000
   1.5820
   1.3677
   0.1579
   0.1692
   0.0182
   0.5987
   0.3186
   1.0118
   1.0000
   0.2245
   1.9684
   0.1924
   1.5329
   1.3934
   0.0824
   0.9417
   0.1190
   2.1459
   0.8912
   0.8227
   0.9105
   0.2299
   0.9773
   1.0000
   1.0800
   1.0000
   1.7827
   2.6022
   1.8586
   0.1365
   0.3806
   0.0912
   1.8001
   1.0000
   3.3283
   1.8871
   1.2924
   0.4161
   1.4914
   0.7044
   1.9791
   1.0655
   0.7728
   1.0000
   3.2507
   1.2837
   0.0792
   1.2445
   2.2362
   1.2808
   1.5202
   0.7875
   1.8553
   0.4899
   1.0000
   0.7556
   1.0000
   1.1135
   1.0000
   1.7739
   0.5477
   0.4553
   0.6202
   0.5829
   1.4052
   2.3767
   0.8289
   1.4319
   1.0937
   1.0000
   2.9181
   0.7403
   1.6433
   1.0000
   2.2388
   0.6323
   1.0000
   0.2738
   1.1392
   1.1277
   0.9631
   1.8496
   2.0074
   0.4063
   0.2800
   1.2225
   0.4679
   0.9090
   0.0839
   0.8376
   0.0775
   1.0000
   2.8758
   0.2679
   1.5621
   1.0907
   0.0036
   0.0101
   0.8544
   0.3734
   1.0000
   1.4002
   0.8214
   1.3495
   0.7020
   0.7913
   0.5222
   0.8705
   0.8740
   0.1600
   1.2195
   0.1411
   0.6150
   1.0000
   0.4632
   1.0662
   1.2754
   1.6366
   0.7522
   0.2691
   3.1806
   0.2751
   1.9594
   0.7434
   1.1789
   0.6108
   1.0000
   0.1757
   0.4073
   1.5228
   3.5169
   1.7830
   1.7084
   0.7032
   0.0907
   1.0000
   0.2858
   0.4180
   2.1610
   1.4300
   0.9989
   2.2432
   1.2340
   1.2026
   1.2380
   1.8388
   2.3103
   1.0014
   2.4796
   0.6485
   1.4721
   1.9115

