  1.2950e+001
  2.1411e+002
  6.7279e+001
  1.0590e+002
  6.5323e-001
  7.4210e+001
  2.6752e+002
  5.6326e+001
  3.4668e+001
  1.4682e+002
  2.8643e+001
  6.1916e+002
  5.7176e+001
  3.6863e+002
  1.1030e+001
  6.0258e+001
  1.0726e+001
  6.4174e+001
  2.1124e+002
  1.4926e+002
  6.1721e+000
  4.2248e+001
  6.7602e+001
  1.5151e+001
  3.2200e+001
  4.0130e+000
  1.1002e+001
  4.2098e+001
  1.7805e+001
  9.1136e+001
  1.4555e+002
  1.4911e+002
  2.4710e+001
  4.5755e+001
  5.5925e+001
  5.5122e+001
  6.4864e+001
  1.2089e+001
  4.9689e+001
  3.8144e+001
  5.5351e+001
  6.0442e+001
  2.6870e+000
  8.1521e+000
  1.4851e+002
  3.2073e+002
  1.9836e+002
  3.9027e+001
  5.8880e+001
  1.6333e+002
  1.8711e+001
  2.6049e+001
  5.1492e+001
  2.7131e+001
  4.4804e+001
  5.4279e+001
  9.0012e+001
  2.8457e+002
  1.2459e+001
  1.7659e+002
  4.5849e+000
  4.1365e+001
  5.4678e+001
  3.8803e+001
  2.4734e+001
  6.9411e+001
  9.4427e+001
  5.9088e+001
  2.5618e+001
  7.5589e+000
  6.6274e+002
  1.6059e+001
  8.7193e+000
  4.5324e+002
  3.6384e+001
  3.7564e+001
  7.3021e+000
  2.4019e+000
  6.9076e+000
  1.7641e+001
  8.0708e+001
  1.1146e+002
  5.8543e+001
  3.0890e+001
  1.9266e+001
  6.5749e+001
  7.4646e+001
  9.6736e+001
  1.6010e+001
  9.5884e+000
  5.5809e+001
  4.0490e+002
  5.0662e+002
  1.8832e+000
  6.5922e+000
  2.8123e+001
  1.3710e+002
  3.3330e+001
  4.1710e+002
  1.6461e+002
  3.6853e+002
  3.5833e+001
  6.3858e+002
  1.6043e+002
  3.5835e+001
  2.1542e+001
  1.3096e+001
  8.2776e+000
  3.0867e+002
  1.6491e+002
  8.4260e+001
  2.2276e+001
  2.2824e+002
  6.8714e+001
  1.0757e+002
  1.8354e+002
  5.4478e+001
  1.7552e+002
  2.1094e+001
  1.4283e+002
  1.6469e+001
  7.3927e+001
  8.6375e+000
  3.7105e+000
  7.8530e+001
  3.3870e+002
  2.1903e+001
  5.8628e+001
  8.3546e+002
  2.6284e+001
  1.7811e+002
  8.8583e+000
  1.5845e+000
  8.0890e+000
  2.5953e+001
  1.3519e+001
  5.1458e+001
  1.3348e+002
  2.9188e+001
  1.0519e+002
  7.0502e+000
  8.9839e+001
  1.1626e+002
  8.7626e+001
  7.2793e+001
  1.8246e+001
  7.6953e+001
  1.8343e+002
  1.4487e+002
  8.5753e-001
  2.1441e+001
  1.1784e+002
  7.5341e+002
  7.6749e+000
  6.2185e+001
  3.9948e+002
  9.6499e+001
  3.3205e+000
  1.9106e+001
  3.0967e+001
  5.2548e+000
  3.9038e+001
  1.8053e+000
  5.5326e+001
  7.0238e+001
  9.4485e+001
  8.0612e+001
  1.2905e+001
  2.0546e+001
  3.0977e+002
  3.5499e+000
  5.9596e+001
  1.5069e+002
  5.1376e+001
  6.7422e+001
  1.8754e+001
  5.8782e+000
  1.1050e+001
  1.6582e+002
  6.1197e+001
  7.4416e+000
  5.1761e+002
  1.1627e+002
  2.1328e+002
  5.5781e+000
  5.6062e+001
  9.4011e+000
  3.4228e+002
  6.8879e+001
  1.2757e+002
  1.4248e+002
  8.7835e+001
  2.3192e+001
  2.0036e+002
  1.8842e+002
  2.1487e+002
  6.8288e+001
  4.8802e+002
  1.0466e+001
  4.1955e+002
  4.3748e+001
  1.8259e+001
  3.4887e+001
  2.9360e+000
  6.6643e+000
  9.1080e+001
  1.6123e+001
  2.6823e+001
  1.9271e+000
  2.9472e+001
  4.0437e+000
  2.4791e+001
  4.2658e+001
  5.7305e+001
  2.5541e+002
  6.6854e+001
  2.9119e+001
  3.1194e+001
  1.2923e+000
  1.0924e+003
  1.3792e+002
  2.5672e+001
  1.8860e+002
  1.3756e+002
  5.6869e+000
  1.2050e+002
  1.7325e+002
  1.1442e+002
  3.9490e+001
  2.4470e+002
  5.8595e+000
  4.6936e+000
  1.7236e+001
  1.1848e+002
  1.6545e+001
  2.8573e+002
  7.3341e+001
  1.2913e+002
  6.3581e+001
  1.5643e+001
  8.3204e+000
  5.4580e+000
  6.8052e+001
  1.5063e+001
  1.5474e+002
  1.4225e+002
  1.2117e+000
  1.4761e+002
  1.5873e+002
  1.3205e+002
  2.4434e+001
  1.2751e+002
  4.5618e+001
  7.6735e+000
  2.3640e+002
  2.7187e+000
  2.4275e+002
  2.3982e+002
  5.9106e+002
  2.4791e+002
  8.7296e+001
  6.6269e+001
  1.1048e+002
  5.4248e+001
  1.5308e+001
  7.6921e+000
  5.1532e+001
  1.9686e+001
  4.6350e+000
  5.1355e+001
  6.5057e+001
  6.8165e+001
  5.1114e+001
  1.9204e+002
  5.8184e+001
  6.5579e+000
  1.5959e+001
  4.5776e+002
  2.9132e+001
  2.8919e-001
  5.0062e+001
  4.2363e+002
  8.2312e+000
  2.3073e+002
  1.5977e+002
  6.6204e+000
  3.6184e+000
  4.8255e+000
  9.4295e+001
  2.2974e+002
  1.6084e+000
  1.1429e+002
  8.0500e+002
  2.2239e+000
  9.0246e+001
  1.4109e+001
  3.7606e+001
  2.1851e+002
  1.3543e+000
  1.5162e+000
  1.9423e+001
  4.4385e+001
  6.3567e+001
  8.0381e+000
  8.2265e+001
  9.3556e+001
  4.4943e+000
  1.3029e+002
  2.2991e+001
  4.3461e+001
  2.0597e+000
  1.9111e+002
  1.0012e+001
  3.0906e+000
  9.4663e+001
  3.1957e+002
  9.6518e+000
  1.2262e+002
  1.7925e+000
  1.1124e+002
  2.1553e+002
  7.7316e+001
  3.0515e+001
  2.8122e+001
  8.5443e+001
  6.1642e+001
  2.0089e+001
  3.3858e+000
  5.5302e+001
  2.9174e+001
  3.7802e+002
  5.1037e+001
  1.1702e+000
  1.2466e+002
  1.0705e+002
  1.3638e+001
  1.7375e+001
  2.8848e+002
  7.0474e+001
  6.0272e+001
  1.0207e+002
  3.2997e+002
  3.5773e+001
  9.2536e+001
  9.7472e+000
  5.4543e+002
  1.0650e+002
  2.5980e+001
  5.4831e+001
  1.5036e+001
  4.4811e+000
  2.0504e+001
  2.5727e+001
  5.9355e+000
  6.2892e+001
  7.4299e+001
  2.8375e+002
  2.0487e+001
  2.1913e+001
  1.7122e+002
  1.5193e+001
  1.0253e+002
  3.0240e-001
  3.7282e+002
  1.0635e+002
  4.7897e+001
  1.4931e+002
  7.8219e+000
  1.9717e+002
  3.6573e+001
  5.8329e+001
  7.0174e+001
  1.0301e+002
  2.7036e+001
  1.7111e+000
  5.7421e+001
  2.6585e+001
  5.7746e+001
  1.4745e+002
  5.7861e+001
  2.1954e+001
  3.2390e+001
  1.5143e+002
  1.2017e+002
  2.7361e+000
  1.2228e+002
  1.6462e+002
  5.2346e+001
  3.7349e+001
  8.1781e-001
  4.5932e+001
  1.6149e+000
  4.6182e+002
  4.5971e+000
  1.1303e+002
  1.7589e+002
  1.9376e+000
  5.7343e+000
  1.0181e+001
  4.0613e+001
  1.8013e+002
  4.2228e+000
  1.6861e+001
  7.0674e+001
  3.8620e+001
  2.9210e+000
  6.0775e+001
  1.5326e+002
  1.1464e+002
  1.3704e+002
  4.9934e+001
  4.6615e+001
  7.4868e+000
  2.1804e+001
  6.5063e+001
  1.2423e+001
  1.4164e+001
  1.5058e+002
  8.5383e+001
  4.2821e+001
  5.5321e-001
  1.0517e+002
  2.9461e+002
  9.6127e+001
  9.0520e+001
  4.1271e+001
  3.7617e-001
  1.6683e+002
  8.4165e+001
  1.3406e+002
  2.1127e+000
  1.9654e+000
  3.5915e+000
  2.6902e+002
  6.5073e+000
  8.6326e+001
  5.3334e+001
  4.4699e+002
  3.0825e+002
  7.1483e+001
  7.1980e+002
  2.1920e+001
  3.5875e+002
  6.2667e+000
  1.0492e+000
  1.1297e+001
  3.2426e+000
  8.3472e+001
  4.2776e+002
  9.5063e+001
  6.2055e+002
  9.8232e+000
  5.0446e+002
  4.4062e+002
  1.7081e+002
  5.0034e+002
  5.1681e+001
  2.9738e+000
  7.0973e+001
  2.2394e+002
  1.2043e+002
  4.5082e+001
  4.4312e+001
  1.5438e+002
  7.1687e+001
  2.8103e+001
  8.0459e+001
  5.5945e+001
  1.1510e+002
  1.7583e+001
  1.3148e+002
  1.1423e+002
  1.0356e+001
  1.0565e+002
  1.2938e+001
  1.2748e+002
  3.5001e+001
  1.3252e+001
  6.0002e-001
  9.2156e+000
  4.9869e+001
  6.5485e+000
  1.0023e+001
  6.2432e+001
  6.1182e+001
  2.0184e+001
  1.1130e+001
  1.5000e+001
  1.0021e+001
  9.3661e+001
  5.8322e+000
  4.5153e+000
  3.5406e+000
  3.0344e+001
  1.8890e+002
  8.0813e-001
  5.2787e+000
  1.5599e+002
  1.4574e+002
  5.5348e+001
  6.9624e+000
  1.4547e+001
  3.1265e+002
  5.4646e-001
  5.5937e+000
  1.1005e+001
  4.9342e+001
  1.8602e+001
  3.7452e+001
  2.1792e+001
  8.7523e+001
  3.5684e+000
  5.9234e+001
  2.4346e+002
  3.1292e+001
  9.5283e+000
  2.3935e+000
  1.6417e+002
  1.3496e+002
  2.2654e+002
  1.7859e+001
  5.1006e+001
  3.4999e+000
  1.3966e+000
  3.6228e+000
  4.5378e+002
  3.5305e+002
  1.5017e+001
  3.4312e+001
  2.9027e+001
  2.4177e+002
  1.5414e+002
  6.2213e+000
  2.1928e+001
  8.6848e+000
  5.8576e+001
  1.3275e+002
  1.0340e+001
  1.7912e+002
  2.2037e+001
  9.4926e+000
  1.3582e+002
  7.1629e+000
  8.4186e+000
  2.4645e+002
  3.9542e+001
  2.0759e+001
  4.0888e+001
  1.1438e+001
  3.0755e+002
  3.9071e+002
  8.0244e+002
  7.4536e+001
  9.5832e+001
  1.0650e+002
  1.9533e+000
  5.0333e+001
  6.3360e+001
  3.1651e+001
  5.6817e+001
  1.2624e+002
  1.6969e+002
  1.3913e+001
  1.0277e+003
  2.5491e+001
  8.2447e+001
  2.5058e+001
  1.7058e+002
  1.7106e+002
  3.9156e+001
  1.2200e+001
  9.9116e+000
  2.5768e+002
  7.9795e+001
  3.5526e+001
  4.0381e+000
  1.8973e+002
  6.4193e+002
  7.9416e+000
  8.5487e+001
  7.9085e+000
  5.7748e+001
  2.3277e+001
  1.4571e+000
  1.4394e+001
  2.2385e+002
  2.7020e+002
  1.6734e+002
  4.9396e+000
  9.3200e+001
  6.9071e+001
  1.0973e+001
  6.4396e+001
  2.6608e+001
  1.0059e+001
  1.1606e+002
  2.0630e+002
  1.7938e+002
  4.3721e+001
  7.2239e+001
  1.4563e+001
  3.1658e+002
  7.0351e+001
  2.1628e+001
  6.1702e+001
  1.2543e+002
  1.2879e+002
  2.4255e+002
  1.2825e+002
  2.0726e+001
  3.5078e+001
  1.2349e+001
  4.1961e+000
  1.1595e+001
  3.8992e-001
  2.8654e+001
  5.8054e+001
  2.2949e+001
  6.5159e+001
  4.3263e+002
  1.7514e+002
  3.9354e+001
  5.1719e+002
  6.9121e+000
  3.3588e+001
  2.3155e+001
  3.6257e+000
  4.9549e+001
  1.2161e+002
  9.0386e+001
  8.9654e+000
  2.6989e+002
  8.3376e+000
  1.7325e+001
  1.5677e+000
  1.4208e+002
  3.4811e+002
  4.8274e+001
  6.1582e+001
  6.3100e+000
  1.8555e+001
  3.9407e+002
  5.6248e+001
  2.8340e+002
  1.1321e+001
  1.8793e+000
  1.6214e+002
  3.2573e+001
  1.1504e+001
  8.2963e+001
  6.4149e+001
  3.0841e+000
  1.6971e+002
  8.8670e+002
  3.6883e+001
  6.5610e+002
  1.4694e+002
  1.7415e+001
  2.4762e+000
  7.2818e+001
  1.0951e+001
  1.2467e+002
  2.7803e+001
  1.8067e+001
  1.6070e+002
  4.3606e+000
  5.2610e+001
  6.0699e+002
  4.5974e+001
  2.4363e+001
  2.8973e+001
  2.6146e+001
  8.3850e+001
  9.6594e+000
  5.5495e+001
  9.5662e+000
  1.8758e+002
  1.1168e+002
  3.8300e+002
  2.5640e+001
  9.2836e-001
  3.6076e+001
  3.2380e+001
  2.7525e+001
  2.0036e+002
  1.5413e+002
  6.4915e+001
  7.1274e+000
  5.2056e+000
  1.3189e+002
  4.0161e+002
  4.0828e+000
  2.0279e+001
  8.0201e+001
  2.8490e+002
  2.7157e+001
  4.2943e+001
  2.6085e+000
  1.1415e+002
  1.9170e+002
  1.0910e+002
  7.6116e+000
  8.3387e+001
  1.4127e+001
  2.4332e+001
  3.3907e+001
  4.7122e+000
  3.6482e+001
  2.5830e+001
  1.0493e+002
  3.5175e+000
  1.3952e+002
  1.3276e+002
  5.0310e+001
  1.4143e+002
  3.3686e+001
  2.0758e+002
  5.3583e+000
  2.2863e+002
  4.3494e+002
  2.9632e+000
  8.6752e+000
  7.4676e+001
  3.1561e+002
  2.5057e+001
  1.4704e+001
  6.4541e+001
  1.9299e+002
  4.6952e+000
  3.4445e+001
  1.9672e+001
  1.0109e+001
  1.3447e+001
  1.3089e+001
  2.2712e+000
  1.2183e+000
  3.7428e+001
  1.7924e+002
  3.7529e+001
  1.2190e+001
  8.2118e+001
  5.0138e+002
  1.2390e+001
  2.2752e+000
  5.2026e-001
  1.8970e+001
  1.3382e+002
  4.6797e+002
  4.6003e+001
  4.4564e+001
  6.7210e+001
  6.3071e+001
  3.6464e+001
  1.0429e+002
  4.4623e+002
  1.2425e+001
  5.8338e+001
  1.1282e+001
  2.2055e+001
  1.5923e+002
  7.5040e+001
  9.1688e-001
  1.8080e+002
  3.3693e+000
  4.8832e+001
  5.1950e+001
  6.2133e+000
  4.4583e+001
  1.6873e+000
  6.4441e+002
  3.2772e+001
  1.4329e+001
  5.1763e+001
  2.5936e+002
  2.0597e+001
  9.4522e+001
  3.7331e+002
  3.2082e+001
  2.6500e+002
  6.8464e+001
  2.6491e+001
  1.8113e+001
  1.3117e+001
  9.5390e+000
  1.9666e+001
  5.5338e+001
  4.4787e+001
  4.2796e+001
  1.9021e+002
  9.0995e+001
  5.9192e+001
  8.6474e+001
  3.4659e+002
  1.3189e+002
  2.1933e+001
  2.2720e+001
  3.7074e+001
  1.1787e+001
  1.2545e+002
  5.9610e+001
  3.6588e+001
  1.0689e+002
  2.4463e+001
  8.1893e+001
  2.2599e+001
  3.4953e+001
  3.2819e+002
  6.2986e+001
  9.9259e+001
  3.4970e+002
  2.7130e+000
  8.1645e+001
  7.5300e+001
  3.0534e+002
  2.6055e+001
  4.5221e-001
  1.0386e+000
  2.5349e+001
  1.6161e+001
  2.5260e+001
  1.1316e+002
  1.3453e+002
  5.2061e+000
  3.0862e+002
  1.5842e+001
  1.5129e+001
  1.7532e+002
  1.5828e+000
  2.4562e+001
  3.1839e+002
  1.6851e+001
  4.1717e+001
  1.6932e+002
  1.0209e+001
  1.2121e+000
  7.6580e+001
  2.4544e+002
  2.4399e+000
  1.5457e+001
  1.4010e+001
  4.1495e+000
  1.9092e+002
  9.0795e+001
  1.9496e+002
  1.3693e+002
  6.7645e+000
  6.9528e+000
  1.5370e+002
  2.0495e+001
  7.0899e+000
  1.3077e+002
  2.3066e+001
  3.4126e+001
  2.3328e+001
  1.0027e+002
  9.3196e+001
  3.3573e+001
  1.5984e+001
  7.3583e+001
  1.6774e+001
  2.0595e+001
  3.5714e+002
  4.7775e+002
  4.0837e+000
  3.9209e+000
  1.3371e+002
  1.4040e+002
  4.9634e+001
  2.3362e+002
  1.9964e+002
  3.0731e+001
  4.5870e+002
  1.8270e+002
  1.7758e+001
  3.9358e+000
  1.0751e+002
  3.1726e+002
  2.8682e+001
  1.3159e+002
  8.4123e+000
  1.6019e+002
  5.9179e+000
  4.1354e+001
  2.7035e+001
  1.7255e+002
  1.2337e+002
  4.2040e+001
  4.4460e+002
  3.9796e+002
  1.4455e+002
  3.6317e+001
  3.7932e+001
  1.1937e+002
  7.7325e+001
  2.8704e-001
  9.8145e+000
  1.6318e+001
  6.3333e+000
  5.2568e+001
  2.9131e+001
  2.0380e+001
  7.8409e+001
  3.8930e+002
  5.3915e+002
  1.3978e+000
  1.4557e+001
  1.4474e+002
  1.1340e+002
  3.2106e+001
  3.4380e+000
  1.0514e+002
  8.3998e+001
  7.0510e+001
  1.2419e+001
  1.3734e+002
  7.6362e+000
  3.8387e+001
  4.2529e+001
  1.9394e+001
  1.0525e+000
  3.0117e+000
  2.0458e+002
  6.2615e+001
  1.4905e+002
  1.5309e+002
  8.4251e+001
  3.6495e+001
  7.0325e+000
  1.9857e+002
  1.2589e+002
  1.2840e+002
  7.6069e+001
  4.0764e+001
  6.4966e+001
  7.6619e+001
  9.0248e+001
  8.1752e+001
  1.8848e+001
  7.3899e+002
  9.0980e+000
  7.0299e+000
  3.8868e+001
  1.3176e+001
  1.2913e+002
  1.0919e+002
  9.8755e+001
  1.7674e+001
  2.9492e+002
  1.8988e+002
  2.3958e+002
  2.5764e+002
  2.4827e+002
  5.4786e+000
  1.2799e+001
  1.2897e+002
  5.0688e+001
  1.5123e+002
  1.5072e+001
  2.9099e+002
  1.3790e+001
  1.1275e+002
  6.8952e+001
  1.9839e+001
  5.2406e+001
  5.1288e+002
  4.4182e+001
  1.0848e+002
  2.6867e+001
  4.3269e+001
  1.7747e+002
  8.5157e+000
  3.4441e-001
  2.5942e+002
  3.9781e+002
  3.5935e+001
  2.7351e+001
  6.7741e+001
  1.7738e+002
  4.5791e+001
  3.5494e+001
  1.8512e+001
  2.4291e+002
  8.2697e+001
  1.2560e+002
  1.5671e+002
  3.0671e+001
  1.3639e+002
  7.6376e+000
  6.7299e+000
  2.6509e+000
  2.1134e+001
  2.2730e+001
  1.3759e+001
  2.4241e+001
  5.6039e+001
  4.6846e+001
  2.8941e+000
  4.2481e+001
  1.3648e+002
  4.6270e+002

