  2.2798e+001
  1.3194e+001
  1.7388e+001
  6.1848e+000
  5.7213e+001
  8.9164e+001
  4.1156e+002
  2.3965e+001
  3.9314e+001
  2.6605e+001
  3.0737e+002
  1.1259e+000
  1.1128e+002
  1.2157e+000
  2.2105e+002
  1.9581e+002
  9.2364e+001
  8.1496e+001
  2.4004e+001
  7.6299e+001
  3.7172e+002
  2.5956e+001
  2.7126e+001
  4.3184e+000
  5.1594e-001
  2.6939e+002
  8.5158e+001
  7.9299e+001
  7.8262e+001
  5.1698e+000
  2.1509e+002
  6.0247e+000
  3.5011e+002
  8.5715e+001
  7.0649e+001
  2.7034e+001
  2.4257e+002
  9.7176e-001
  8.0127e+001
  1.5959e+002
  2.6074e+002
  1.9768e+002
  2.1059e+002
  2.0871e+000
  5.6032e+001
  4.6666e+002
  7.1610e-001
  3.5742e+001
  4.4813e+000
  1.5494e+000
  2.0357e+000
  8.7833e+002
  7.1374e+001
  1.8668e+002
  3.2469e+002
  6.9463e+000
  1.4411e+000
  2.0211e+001
  2.0060e+000
  8.1842e+000
  1.2746e+000
  2.3066e+001
  1.2458e+002
  5.5665e+002
  3.3169e+002
  4.1934e+002
  3.3280e+001
  1.2431e+000
  3.2200e+001
  6.5138e+001
  1.5172e+000
  2.6782e+002
  2.2686e+000
  5.4119e-001
  4.0542e+000
  5.3119e+002
  2.5904e+000
  6.1529e+002
  1.2237e+001
  9.7930e+001
  1.5516e+002
  1.0123e+001
  1.9749e+001
  4.0559e+002
  6.5539e-001
  3.8999e+001
  1.7379e+002
  6.8199e+001
  5.0783e+002
  2.1419e+002
  2.3246e+002
  2.0729e+002
  4.2154e+001
  1.4843e+002
  8.8714e+000
  4.5545e+001
  3.9477e+001
  6.3753e+001
  1.0923e+002
  5.2842e+000
  3.7952e+000
  1.4981e+002
  1.3143e+002
  1.3907e+002
  3.4796e-001
  6.8225e+001
  1.8451e+000
  1.1469e+002
  1.9051e+000
  5.4371e+001
  1.3988e+001
  8.5466e-001
  7.8810e-001
  1.2894e+002
  1.8985e+002
  5.6677e+001
  1.0813e+000
  3.8759e+001
  1.0173e+000
  7.4800e+000
  8.9642e+001
  2.0064e+002
  1.3089e+002
  1.2420e+000
  5.2818e+001
  6.8764e+001
  2.5666e+002
  3.7800e-001
  1.1740e+000
  1.4236e+002
  9.2405e-001
  3.1567e+002
  1.6894e+002
  2.2126e+002
  3.4120e+002
  1.7010e+002
  2.9891e+002
  7.3025e-001
  1.3980e+000
  1.0026e+000
  9.4185e+001
  9.6558e+001
  2.8307e+002
  7.4010e+001
  1.8648e+001
  1.3743e+002
  7.1901e+001
  1.2398e+002
  1.3161e+001
  1.9208e+002
  2.2210e+002
  1.3642e+001
  9.6702e+001
  1.4903e+000
  1.0177e+002
  4.6263e+001
  3.3432e+002
  6.3074e+001
  8.4237e+000
  1.4885e+000
  3.6507e+002
  1.1717e+000
  7.0502e+001
  2.7224e+002
  4.6468e+000
  1.2119e+002
  5.2279e+001
  1.5206e+001
  4.2537e+001
  5.9009e+002
  5.0570e+001
  3.3277e+000
  4.2758e+000
  2.1281e+000
  1.7900e+001
  2.6831e+001
  4.2929e+000
  1.8632e+001
  3.0997e+000
  1.0712e+002
  5.6187e+001
  5.4963e+000
  7.9007e+000
  4.1318e+002
  6.7589e+000
  8.4680e-001
  5.9743e+001
  1.8413e+002
  1.5732e+002
  4.3765e+001
  1.1055e+000
  5.7954e+000
  3.3361e-001
  6.8930e+000
  1.4993e+002
  1.1924e+000
  7.8400e+001
  2.9057e+000
  4.4008e+002
  1.1909e+000
  1.1501e+002
  1.7552e+000
  1.6829e+002
  4.7679e+000
  9.2192e+001
  7.7987e-001
  2.1506e+001
  2.6970e+001
  3.1328e+002
  5.2585e+000
  1.0490e+001
  7.9251e-001
  5.9231e+001
  2.5394e+002
  8.3658e+000
  9.4486e+001
  5.7597e+000
  1.2776e+002
  2.4492e+001
  2.3510e+002
  5.2465e+001
  3.2304e+001
  5.4900e+001
  1.0522e+002
  3.5036e+001
  1.2407e+001
  7.8746e+000
  2.3791e+002
  4.9772e+002
  1.7387e+001
  1.0850e+002
  9.9532e-001
  1.0734e+000
  3.3133e+001
  1.3441e+002
  4.7045e+001
  1.3158e+002
  4.3998e+001
  1.6547e+002
  5.4144e+001
  4.5365e+002
  3.6351e+000
  1.1339e+001
  2.1873e+001
  1.9607e+000
  6.1910e-001
  2.6807e+001
  1.4752e+000
  6.4711e+001
  4.2948e+000
  1.7535e+002
  1.0639e+000
  5.8952e+002
  1.7145e+002
  2.1317e+002
  4.5873e+001
  4.1657e+002
  4.4392e+001
  4.5178e+002
  2.6428e+001
  5.4123e+002
  4.8434e+000
  2.1969e+002
  6.4986e-001
  1.7248e+001
  2.6096e+002
  1.5600e+000
  1.9530e+002
  2.8954e+002
  2.0304e+001
  2.6854e+001
  3.4310e+000
  2.0514e+001
  6.5028e+000
  1.8547e+002
  5.1927e+001
  1.0087e+002
  7.7849e+001
  1.5126e+000
  4.4189e+002
  2.0376e+000
  9.8672e+000
  1.2153e+002
  6.6421e+001
  2.2752e+001
  8.1106e+001
  9.6304e-001
  1.0174e+001
  9.8643e+001
  4.8888e+001
  4.0486e+000
  1.4746e+001
  1.3285e+002
  1.9135e+002
  1.3861e+002
  6.5086e+002
  1.0618e+001
  2.6637e+001
  5.4481e+002
  2.5547e+002
  1.8885e+002
  1.1073e+002
  2.1251e+000
  1.3489e+000
  2.6550e+002
  2.5778e+002
  4.8945e+001
  1.2824e+001
  3.3027e+001
  2.3175e+001
  3.6552e+001
  3.4650e+002
  6.2459e-001
  1.8465e+002
  2.3904e+002
  1.7843e+001
  7.7777e-001
  1.5415e+002
  2.1429e+000
  5.5857e+002
  8.7589e+001
  6.8646e+001
  8.8019e+001
  9.7264e+000
  2.0845e+001
  2.9405e+002
  1.3126e+002
  1.1680e+002
  1.5056e+002
  1.8469e+001
  5.8091e-001
  9.1573e+001
  2.1454e+002
  5.3139e+001
  2.2847e+002
  2.7370e+000
  7.3888e+001
  1.2468e+001
  2.7804e+002
  4.2371e+000
  7.3831e+001
  8.2921e+000
  1.1869e+002
  8.1717e+001
  1.0696e+000
  9.8026e-001
  5.8836e+001
  1.2130e+002
  3.3760e+002
  6.2482e+001
  7.1218e+001
  1.7210e+001
  1.2255e+000
  4.9152e+002
  7.9060e-001
  1.0532e+002
  2.7477e+001
  8.3034e+000
  2.3272e+000
  3.2069e+002
  2.6352e+001
  3.0472e+000
  4.3875e+000
  2.6125e+000
  9.1235e+001
  6.8293e-001
  1.3231e+001
  1.0979e+002
  2.3529e+000
  6.6118e+000
  3.1013e+000
  5.8010e+001
  3.5422e+001
  2.2805e+002
  1.1668e+001
  1.1098e+002
  1.7917e+002
  5.0273e+002
  1.9198e+000
  1.0199e+001
  7.6153e+001
  2.1791e+001
  5.6275e+002
  1.2068e+002
  3.4869e+001
  3.9252e+002
  9.7795e+000
  5.8447e+002
  2.6101e+001
  7.9515e+001
  7.7891e+001
  4.6267e+001
  3.4227e+002
  9.3397e-001
  1.6938e+001
  1.6846e+000
  9.6251e+001
  2.5093e+000
  7.9167e+002
  1.1207e+002
  3.3601e+002
  5.1670e+001
  1.4436e+001
  3.2657e+002
  2.0807e+002
  4.3724e+001
  8.9587e+000
  2.0665e+002
  8.2074e+000
  3.3237e+000
  1.8667e+000
  3.3330e+002
  4.5114e+000
  1.8395e+000
  1.3960e+002
  5.7284e+002
  2.4190e+001
  3.6668e+002
  9.7946e-001
  7.8697e+001
  1.2050e+002
  4.2504e+001
  2.0098e+001
  9.6035e+001
  1.0675e+002
  4.9039e+001
  4.2440e+001
  2.6734e+000
  1.7109e+002
  2.8324e+000
  2.0459e+002
  3.2282e+001
  2.5431e+000
  7.4016e+002
  1.1760e+002
  2.2675e+002
  2.7207e+001
  1.0393e+000
  2.4333e+002
  5.4869e+000
  4.8468e+001
  1.6545e+002
  8.9110e+001
  5.8905e+001
  2.3106e+002
  5.2658e+001
  3.2905e+000
  2.8328e+002
  3.8725e+001
  3.9881e+000
  1.1314e+002
  2.5882e+001
  4.6426e+001
  3.7797e+002
  2.7886e+001
  3.2210e+001
  3.2645e+002
  4.3759e+000
  3.7607e+000
  1.3300e+000
  9.4367e+000
  4.3814e+001
  3.0598e+001
  2.3168e+002
  4.7741e+001
  4.0418e+002
  1.4281e+001
  1.1726e+000
  1.1207e+000
  3.5762e+001
  9.5289e+001
  2.6454e+001
  1.1521e+002
  1.6548e+002
  1.4812e+002
  2.0010e+002
  8.6931e+001
  1.1276e+002
  6.1762e+001
  3.8505e+001
  8.3236e+000
  3.7807e+002
  2.2223e+000
  3.1812e+001
  3.5839e+001
  3.8837e+002
  3.4788e-001
  4.9290e-001
  8.1693e+001
  2.1200e+000
  1.4864e+000
  1.0271e+002
  1.0513e+002
  1.2533e+001
  1.3129e+002
  4.4928e+000
  3.6599e+002
  6.3101e+001
  1.0654e+000
  5.5545e+001
  3.4652e+002
  4.0610e+000
  9.0328e+001
  5.1625e+001
  6.2129e+001
  4.8227e+002
  4.6530e+000
  1.8664e+000
  1.3632e+000
  9.2480e+000
  5.5021e+001
  5.3326e+002
  3.2418e+002
  4.7601e-001
  4.7452e+001
  7.0450e+000
  7.9248e+001
  1.5191e+002
  1.2007e+002
  1.9450e+002
  1.4847e+002
  4.2751e+002
  1.7952e+000
  1.0174e+002
  1.9400e+000
  2.9375e+000
  2.3737e+002
  3.0197e+000
  1.7423e+001
  4.8617e+001
  1.2038e+000
  1.8987e+002
  9.2949e+001
  4.0528e+000
  3.1499e+002
  1.1914e+000
  4.1889e+001
  4.6462e+001
  7.7888e+000
  2.3751e+001
  1.2336e+002
  3.4282e+002
  2.4815e+001
  1.4151e+002
  4.5168e+001
  8.5982e+001
  5.7289e+000
  4.8025e+000
  2.3565e+000
  8.3152e+000
  5.8759e+001
  8.3473e+001
  8.6014e+001
  8.9848e+000
  4.6357e+001
  3.9977e+000
  1.3694e+002
  1.5776e+002
  1.3110e+002
  8.0784e+000
  7.3895e-001
  9.4162e+001
  1.4285e+002
  1.0773e+000
  8.1317e+001
  7.8851e+001
  9.6105e-001
  4.9010e+002
  5.0254e+001
  5.5016e+002
  6.1272e+000
  1.9214e+002
  3.1722e+001
  6.4351e+001
  2.5039e+002
  2.5961e+002
  7.9364e+001
  1.4458e+002
  1.2667e+002
  1.5063e+001
  2.4214e+002
  6.9180e+001
  9.1187e+001
  2.4139e+000
  1.1011e+001
  1.8506e+001
  1.2867e+001
  3.8841e-001
  2.1214e+001
  4.4702e+002
  2.9750e+001
  1.1681e+001
  9.7872e-001
  3.2057e+001
  1.6840e+002
  5.5832e+000
  2.7689e-001
  4.8202e+000
  1.8301e+000
  2.3923e+002
  1.6176e+001
  1.5209e+001
  1.6121e+001
  6.7402e+001
  1.0820e+002
  1.0238e+001
  5.1278e+000
  2.5218e+001
  2.4814e+001
  3.7276e+000
  1.1132e+001
  1.6692e+000
  1.4508e+001
  1.7788e+001
  1.5408e+001
  3.1744e+001
  1.8254e+002
  1.0877e+002
  4.5023e+002
  2.5870e+002
  3.7478e+000
  7.5832e+001
  1.0084e+000
  1.7580e+001
  5.7407e+001
  2.5178e+000
  3.3534e+001
  1.1085e+002
  3.7128e+001
  1.4198e+000
  2.2751e+002
  6.3339e+001
  5.5395e+002
  3.0535e+001
  2.8616e+002
  3.1692e+002
  1.2772e+000
  5.1780e+000
  1.3353e+001
  5.7358e+001
  9.7703e+001
  2.2929e+001
  3.6280e+002
  2.3778e+000
  2.1788e+002
  6.6629e+000
  3.7544e+001
  2.1772e+000
  4.6150e+001
  2.6765e+000
  8.0751e+001
  7.3778e+001
  8.8576e+000
  5.0727e+001
  7.5708e+001
  6.7932e+001
  2.7147e+001
  7.8943e+000
  1.8192e+002
  2.2300e+002
  3.6366e+001
  1.1371e+000
  6.9135e-001
  3.1212e+002
  5.7570e+001
  5.0270e+002
  7.3520e+001
  1.2691e+001
  1.6922e+000
  3.5420e+001
  3.7474e+001
  6.3328e+000
  1.8843e+001
  9.2727e+001
  4.3948e+001
  3.8643e+002
  1.2910e+002
  3.8262e+002
  1.7431e+002
  1.0865e+001
  1.4204e+002
  8.4734e+000
  1.2371e+000
  1.1455e+002
  1.0369e+002
  8.0403e+000
  6.3628e+000
  2.7821e+001
  1.2922e+000
  1.5431e+000
  3.0245e+001
  4.6728e-001
  2.3033e+000
  1.3367e+002
  3.9341e+001
  3.9211e+001
  3.0459e+000
  1.5052e+002
  4.9624e+001
  5.0529e+002
  3.9660e+001
  8.9914e-001
  1.1294e+000
  2.5679e+002
  1.0461e+002
  4.2104e+002
  1.0800e+001
  2.4517e+002
  3.0628e+001
  6.7358e+001
  1.7974e+001
  1.5297e+000
  1.9682e+000
  2.8013e+002
  1.6095e+001
  2.3516e+000
  8.9891e+001
  5.1219e+001
  1.0623e+002
  1.5123e+001
  2.8133e+001
  2.6223e+002
  1.1923e+001
  4.7825e+001
  4.8217e+000
  1.0237e+002
  9.9869e-001
  2.1431e+002
  8.5981e-001
  3.2668e+002
  2.2695e+002
  1.6766e+001
  1.8476e+001
  1.7093e+001
  6.9971e+001
  1.5146e+000
  6.8517e+001
  9.1222e+000
  9.8341e+001
  4.2839e+001
  3.4019e+001
  1.4170e+001
  1.4278e+002
  3.9737e+001
  2.2461e+001
  2.7688e+002
  3.0230e+000
  1.0037e+001
  1.0739e+002
  2.8185e+000
  2.0143e+000
  2.8371e+001
  3.8015e+002
  2.3269e+000
  4.3921e-001
  2.4869e+000
  7.9729e+000
  1.4140e+002
  1.5259e+002
  1.7004e+001
  1.8695e+001
  3.0542e+002
  8.4271e+001
  1.0388e+000
  1.9567e+002
  1.0819e+001
  1.1989e+002
  1.8159e+001
  7.9045e+001
  2.6378e+000
  6.4797e-001
  2.0340e+002
  1.8412e+001
  1.1271e+002
  1.5475e+000
  9.5509e+001
  7.6052e-001
  5.8302e+000
  8.3173e+000
  9.9419e+000
  8.3759e+001
  1.4816e+000
  2.8913e+000
  4.8952e+000
  1.2908e+002
  1.9577e+002
  1.9030e+000
  1.3625e+002
  4.5593e+001
  5.7076e+001
  1.9989e+001
  1.9407e+001
  1.7003e+002
  7.0964e+000
  5.4072e+000
  2.2109e+002
  6.1394e+000
  7.4682e+001
  3.9147e+002
  2.0818e+000
  1.9233e+000
  1.2830e-001
  2.4805e+002
  5.2728e+002
  1.4121e+002
  1.8036e+001
  1.9599e+002
  1.0940e+002
  8.5703e+001
  1.1165e+000
  1.9995e+002
  1.7444e+001
  1.8632e+002
  6.6717e+001
  3.1516e+002
  6.0770e+000
  4.3315e+002
  2.7027e+001
  7.2015e+001
  5.8836e+002
  2.7880e+002
  1.4348e+001
  1.1068e+002
  3.2391e+002
  3.6923e+002
  2.6592e+001
  4.0998e+002
  1.1558e+002
  1.5357e+001
  1.2570e+002
  2.3849e+000
  1.9514e+000
  1.5471e+000
  2.2686e+002
  3.7314e+002
  1.4528e+002
  2.9327e+000
  2.0199e+000
  1.8369e+002
  2.4675e+001
  2.2225e+002
  3.0204e+002
  8.2725e+000
  6.5352e+001
  6.6988e+001
  2.6720e+002
  9.4749e+001
  2.1226e+002
  1.7341e+000
  8.4918e+001
  6.5167e-001
  1.1715e+001
  3.4846e+001
  3.2207e+001
  1.6158e+002
  4.7348e+001
  5.1655e+001
  3.8799e-001
  1.8024e+002
  2.9297e+001
  4.1788e+001
  1.3947e+002
  1.4582e+000
  1.2599e+002
  2.4070e+001
  1.7409e+002
  2.5681e+002
  6.0624e+000
  1.0366e+001
  2.3339e+002
  3.0333e+001
  6.5035e+001
  5.1270e+001
  2.1007e+000
  2.1977e+002
  8.2700e+001
  3.0097e+002
  3.0708e+002
  2.1571e+002
  4.3978e+000
  3.1827e+002
  1.1162e+002
  4.2672e+000
  5.2588e+000
  3.6078e+001
  2.0574e+002
  3.5995e+002
  2.5103e+000
  1.7108e+000
  4.3549e+001
  4.2150e+001
  2.0194e+000
  7.8765e+000
  7.8837e+000
  1.0265e+001
  7.5308e+000
  1.7213e+002
  2.1830e+001
  7.3972e-001
  1.5208e+001
  8.7318e+001
  2.1435e+002
  1.4874e+000
  2.4671e+001
  2.2921e+002
  4.6472e+002
  9.6587e+001
  1.3814e+001
  3.8794e+000
  2.6363e+000
  6.7856e+000
  3.3543e+001
  1.0894e+000
  5.4288e+001
  4.9139e+001
  9.6156e+001
  1.3733e+002
  3.6990e+002
  1.0322e+002
  2.0798e+000
  1.2510e+002
  1.1556e+002
  1.0659e+001
  1.2291e+001
  5.1547e+001
  3.9875e+001
  7.1486e+001
  8.2407e+000
  7.0468e+001
  4.7399e+001
  6.3636e+001
  7.2912e+001
  5.2508e+000
  9.6419e-001
  4.0749e+000
  1.4840e+001
  3.1660e+000
  4.9579e+000
  2.7405e+002
  4.1649e+001
  1.5286e+000
  9.4592e+000
  2.3045e+001
  1.4627e+002
  9.2804e+001
  1.0998e+002
  8.6630e-001
  3.7124e+001
  5.7305e+000
  1.9608e+000
  7.1211e-001
  1.8392e+002
  1.0040e+001
  7.6185e+001
  1.2673e+002
  4.9178e+001
  2.1406e+001
  4.1823e+002
  9.5783e+000
  6.8140e+001
  2.6526e+001
  1.3481e+002
  1.2671e+002
  2.1151e+002
  1.1778e+001
  1.2983e+001
  3.9591e+002
  6.3490e+002
  1.3451e+001
  6.6876e+000
  1.4847e+002
  1.0103e+000
  5.0015e+002
  1.1473e+001
  3.0651e+001
  4.6898e-001
  2.5954e+000
  4.5001e+001
  1.8301e+002
  4.3553e+001
  2.2472e+002
  7.2116e+001
  9.6148e-001
  1.6487e+001
  3.0047e+002
  1.4425e+002
  2.6280e+001
  3.9082e+000
  1.5346e+001
  1.4488e+000
  1.1547e+002
  3.3317e+000
  2.0469e+001
  9.4413e+001
  4.1353e+000
  2.3053e+002
  1.0347e+000
  5.4192e+001
  4.7305e+000
  1.5161e+002

