   1.4401
   0.9597
   1.2181
   0.8152
   0.8532
   1.0544
   1.8285
   0.6468
   1.0938
   1.4129
   0.7912
   0.4543
   0.5198
   1.0618
   1.0140
   0.7725
   1.6469
   2.4280
   0.7376
   1.7052
   0.8793
   0.9711
   0.9664
   0.8442
   0.8518
   0.7379
   0.9578
   0.7159
   1.3294
   1.5490
   1.6126
   0.3585
   0.3584
   0.4328
   1.7878
   0.2044
   1.1672
   0.7512
   0.6772
   1.0293
   0.4148
   0.7942
   0.4912
   0.4257
   1.2348
   0.7351
   0.3360
   0.5701
   0.8773
   0.7206
   0.7752
   0.8229
   0.8318
   0.2607
   0.4733
   0.3352
   1.2212
   0.4292
   0.5977
   0.7546
   1.2121
   1.0010
   1.6208
   0.3810
   0.9979
   1.9953
   2.0623
   0.8672
   0.6796
   0.8945
   1.1697
   1.1195
   1.2149
   0.4196
   0.9062
   1.1912
   0.6417
   0.9109
   1.5008
   0.6717
   1.0622
   1.1285
   2.4097
   0.3593
   1.1416
   0.9342
   0.7789
   2.1233
   0.2750
   1.4969
   0.6783
   1.1708
   1.3405
   1.0820
   2.2037
   0.9467
   0.7630
   1.1643
   0.7365
   0.7779
   1.1338
   0.3435
   1.0065
   1.4625
   1.4205
   0.6264
   0.7218
   1.5532
   0.8589
   1.4421
   0.7574
   0.4589
   0.9409
   0.4582
   1.3590
   0.7928
   0.8099
   1.1131
   1.4450
   0.9562
   1.5028
   0.9743
   1.6735
   1.3709
   0.7753
   0.9888
   2.1938
   0.7864
   0.7678
   1.1226
   0.6290
   1.1361
   0.7858
   1.0617
   0.8702
   0.9338
   1.8656
   1.0966
   0.6159
   1.1731
   1.4615
   3.9730
   0.3773
   1.4863
   0.6074
   0.7281
   0.7744
   2.7756
   1.4659
   1.2750
   1.2320
   0.8396
   0.7221
   0.3287
   1.7448
   0.1859
   0.9862
   1.1897
   0.4071
   1.3766
   1.0721
   0.2940
   0.7887
   2.4357
   1.6312
   0.3657
   0.1395
   1.2382
   0.8192
   0.4978
   0.9208
   0.8787
   0.7201
   0.5394
   0.4281
   0.4011
   0.5545
   0.7620
   0.7853
   0.5888
   2.0572
   1.0634
   1.8092
   0.8318
   1.3479
   0.8381
   0.6152
   2.4006
   0.6672
   0.4550
   0.2041
   0.5195
   0.5122
   0.8376
   1.3150
   1.0750
   1.0433
   0.8966
   1.1498
   1.1884
   1.0522
   0.2662
   1.3237
   1.9498
   0.5963
   3.3899
   0.4991
   1.5151
   1.1966
   1.0039
   2.0406
   1.1400
   0.3139
   2.2484
   1.5378
   0.8077
   0.6463
   2.1291
   0.8383
   0.8703
   1.2863
   0.6012
   1.1614
   0.7738
   0.4533
   1.5008
   2.8257
   0.3168
   0.3234
   0.9946
   0.7164
   1.2479
   0.4847
   0.9166
   0.6970
   0.9138
   1.0562
   0.7762
   1.6693
   1.3710
   1.0473
   0.4948
   0.7241
   1.3558
   0.7746
   1.1830
   1.1047
   0.7722
   0.4852
   0.3126
   0.4408
   0.4254
   1.1509
   1.1589
   0.9167
   0.7220
   1.0809
   1.0836
   0.7812
   0.3814
   0.8970
   0.9951
   1.3667
   1.5590
   0.6919
   1.2399
   0.8629
   2.6734
   0.7524
   1.1473
   0.5363
   0.5683
   1.6312
   0.6735
   1.4091
   0.6538
   1.0921
   0.4327
   0.7907
   0.9178
   1.7820
   1.1546
   0.5442
   0.1537
   0.4396
   1.6153
   0.7066
   1.5766
   1.9537
   0.7660
   0.4213
   2.9376
   2.0787
   0.8966
   0.6588
   0.8364
   1.3332
   0.4436
   0.4081
   0.6311
   0.6501
   0.7086
   1.5601
   1.4747
   1.3465
   0.9780
   1.4115
   0.3369
   0.6218
   0.5919
   1.5795
   1.5459
   1.7791
   1.6153
   0.5927
   0.7726
   0.5245
   1.4547
   0.4327
   1.1042
   1.7472
   1.8095
   0.9343
   0.8490
   0.4732
   1.7626
   1.1379
   0.4204
   0.8679
   0.3922
   2.4768
   1.0480
   0.7336
   0.8005
   0.3422
   0.6862
   0.3725
   0.8562
   1.9101
   1.5225
   0.8391
   1.8747
   0.8747
   0.4681
   1.8474
   0.9096
   1.2808
   0.5992
   0.3559
   0.3893
   0.8183
   1.2414
   0.6030
   1.2974
   1.1062
   0.5135
   0.8661
   1.2779
   1.9982
   1.9037
   1.7360
   0.5449
   1.0742
   0.4007
   1.2256
   0.6001
   1.3222
   0.4721
   1.3763
   0.9523
   1.4427
   0.4911
   0.8942
   1.7526
   0.4688
   0.8963
   0.7456
   1.0336
   0.7144
   0.9809
   0.7001
   0.6174
   0.9836
   1.0998
   1.0852
   1.2719
   0.5230
   1.2192
   0.7414
   1.3204
   0.8215
   0.5410
   0.7369
   0.7030
   1.1344
   2.3274
   1.2784
   0.7180
   0.8089
   1.1726
   1.1701
   0.8230
   1.0206
   1.6395
   1.5659
   0.6153
   1.7967
   0.7892
   2.3448
   0.6285
   0.4587
   1.1440
   1.1649
   0.9738
   0.8098
   1.0285
   1.7092
   1.1070
   0.6099
   0.7846
   1.9831
   1.0757
   1.0865
   1.1568
   0.4408
   0.3516
   0.6039
   0.7875
   1.1382
   0.7976
   1.1560
   0.9125
   1.5113
   0.8307
   0.5181
   0.9633
   0.2966
   1.1719
   0.5725
   1.7230
   0.2409
   2.2599
   0.3731
   0.2526
   1.7433
   0.5332
   0.7006
   0.8136
   0.4904
   1.8725
   0.5193
   1.2581
   1.0228
   2.0232
   1.0443
   0.1631
   0.7855
   0.7537
   0.9031
   1.4514
   1.0217
   0.6349
   1.8425
   0.9344
   1.5804
   0.8711
   1.2840
   0.8174
   0.5165
   0.8435
   0.7877
   0.1389
   0.3819
   1.0799
   0.7471
   0.7100
   0.5374
   0.1735
   0.7118
   0.9772
   1.5691
   1.9833
   0.4100
   1.0082
   0.9696
   1.8980
   0.4545
   0.9948
   0.4104
   1.5240
   0.7576
   0.8957
   0.9576
   2.0050
   1.5343
   1.2061
   0.8189
   1.6045
   0.1903
   0.5827
   0.9648
   0.6541
   1.8505
   1.0520
   0.4695
   0.7959
   0.0921
   1.1701
   0.4592
   1.3209
   0.7103
   0.4163
   1.3010
   1.4590
   0.7268
   0.4859
   0.5139
   0.5448
   1.1483
   1.4354
   0.5455
   1.3614
   0.9553
   0.5217
   0.9214
   1.2276
   0.7007
   1.2221
   1.4178
   1.2388
   1.1305
   1.5208
   0.6948
   0.8040
   0.9715
   1.3399
   0.6865
   0.7406
   1.3844
   0.9578
   1.1879
   1.3721
   1.9729
   1.8406
   0.9559
   0.7091
   0.5585
   1.0747
   0.6211
   0.7832
   0.7186
   0.9392
   0.6843
   0.3414
   2.1133
   0.7754
   1.7570
   1.2373
   1.8004
   0.5797
   0.4901
   0.3565
   0.4929
   0.7765
   0.7114
   0.3850
   0.7391
   1.3375
   1.5679
   2.8167
   1.3508
   0.5713
   1.5821
   0.3761
   0.7788
   1.0465
   0.5301
   1.2544
   0.2685
   0.6944
   0.4305
   0.7365
   1.8917
   1.3278
   0.5752
   0.5482
   0.9458
   0.4069
   0.9344
   1.3495
   1.5859
   1.0471
   1.5842
   1.2998
   1.1878
   0.6624
   0.5363
   0.5261
   0.5539
   0.6369
   1.4405
   0.9344
   0.6294
   0.7600
   0.6153
   0.9509
   0.9844
   0.8147
   2.0063
   0.5018
   0.8856
   0.5718
   1.2405
   1.7098
   1.2417
   0.6996
   1.5645
   0.4901
   0.8963
   1.9138
   1.1643
   1.4018
   1.5818
   1.9424
   0.7909
   1.5832
   0.3598
   0.9038
   0.4190
   1.0650
   0.6447
   1.5399
   1.3160
   1.1057
   1.0909
   1.5534
   0.5828
   1.0882
   1.0216
   0.6694
   1.3147
   1.2855
   0.2924
   0.3010
   1.5053
   0.3303
   0.8192
   0.6943
   1.6727
   1.8815
   0.3970
   0.4722
   0.8055
   0.2668
   0.8361
   0.4813
   0.7406
   1.1033
   1.2412
   0.7020
   0.4620
   0.8764
   1.0074
   0.8873
   1.3828
   0.5408
   2.0581
   0.7445
   1.3894
   0.1938
   1.2134
   1.1311
   1.3868
   1.4884
   1.6951
   1.1202
   2.0388
   0.9932
   0.8661
   0.4227
   2.2554
   0.9220
   0.8877
   0.6761
   1.2131
   1.0674
   1.4747
   0.8105
   1.2914
   0.7512
   1.0217
   0.8651
   0.9187
   1.1546
   1.4435
   0.4803
   1.4303
   0.6857
   0.7232
   1.4865
   0.7595
   1.3162
   0.6930
   1.0135
   2.4072
   1.4289
   0.6916
   1.3365
   1.3794
   1.4289
   0.2804
   0.9446
   1.2551
   1.0663
   0.9032
   1.2814
   0.7956
   0.6162
   0.5904
   1.5295
   0.8309
   1.3878
   2.6426
   0.9712
   0.9235
   1.2383
   0.3084
   0.9855
   0.4404
   0.7140
   1.4347
   0.7910
   0.9375
   2.4737
   0.3473
   0.6706
   1.0547
   0.8161
   1.0647
   0.8433
   1.9434
   1.5098
   0.8526
   1.3734
   0.5924
   0.8475
   1.6988
   0.4120
   1.0369
   0.9771
   0.8116
   1.2008
   0.7413
   1.5944
   1.3608
   0.8585
   0.7916
   0.3703
   0.5063
   0.9625
   0.6573
   0.6402
   0.6546
   0.8588
   0.3211
   0.8441
   1.5081
   0.4970
   0.6810
   0.6925
   0.5029
   2.3338
   1.8396
   0.2683
   1.6978
   0.7512
   1.5843
   1.6495
   0.4549
   1.3715
   0.9626
   0.4952
   0.9551
   0.3156
   0.2789
   0.8280
   0.9566
   0.2299
   0.2281
   0.5080
   1.2124
   1.0578
   0.3785
   1.0653
   0.6659
   1.1458
   0.8230
   1.5138
   0.4719
   1.8987
   0.6654
   2.0607
   0.5955
   2.0000
   0.5414
   0.6783
   0.7325
   0.5446
   0.9969
   0.4319
   1.3506
   0.8165
   0.4735
   0.2667
   2.0835
   1.5041
   1.3368
   0.8152
   0.4433
   0.6869
   1.1267
   1.7792
   0.5356
   1.8730
   2.1911
   0.3639
   0.5478
   0.9709
   0.6658
   0.8788
   1.6447
   1.0306
   0.9890
   2.5402
   0.7596
   0.3663
   0.8305
   1.0833
   0.8237
   0.5711
   0.7924
   0.9181
   1.5056
   0.7922
   0.5819
   0.8949
   0.8139
   0.7235
   0.8326
   0.6325
   0.7329
   0.7240
   0.5492
   1.3617
   0.3655
   0.8309
   0.8419
   1.1979
   1.0416
   0.8811
   1.1754
   0.2553
   0.7395
   0.6750
   0.5575
   0.9500
   0.5312
   0.5577
   1.3661
   0.3848
   0.4956
   0.9914
   1.8586
   0.5993
   1.4039
   0.7439
   0.8395
   0.6933
   1.9874
   0.8997
   0.3688
   0.8150
   0.4846
   0.3388
   0.9429
   0.5154
   0.7839
   1.1097
   0.5700
   1.0853
   0.8598
   1.2238
   2.1397
   0.5277
   1.5200
   1.5562
   0.2977
   0.5514
   1.4281
   1.4648
   0.8627
   0.2311
   1.1220
   0.5939
   1.4727
   1.8878
   0.8711
   0.7371
   1.2859
   0.9008
   2.0507
   2.0516
   1.2274
   1.7154
   0.9118
   1.5176
   1.7380
   0.6674
   1.1458
   1.0044
   2.4212
   0.6971
   0.7204
   1.3990
   0.8173
   1.7451
   0.4244
   0.6625
   0.5656
   0.7732
   0.9908
   0.8988
   0.4971
   1.2085
   1.6184
   1.7534
   1.2079
   1.7433
   1.6940
   0.3922
   2.0747
   1.1618
   1.2486
   0.3846
   1.2048
   1.2052
   1.1950
   0.6224
   0.9490
   1.3995
   0.7134
   0.5631
   1.4909
   0.6625
   0.6315
   0.2209
   0.8355
   0.3618
   1.2822
   0.8150
   0.2331
   0.7350
   1.6117
   0.3115
   2.1866
   0.7167
   1.6228
   1.6054
   0.6898
   0.6157
   0.3792
   0.5277
   0.7121
   1.0098
   1.7499
   0.3279
   1.3419
   0.8538
   0.5870
   1.7871
   0.5223
   0.4880
   0.6289
   1.5910
   0.7751
   0.7228
   0.1742
   2.6871
   1.0635
   0.4968
   0.6406
   0.7869
   0.6675
   0.1515
   1.3710
   0.9085
   0.8778
   0.5113
   1.1102
   0.6260

