   1.0538
   1.4987
   0.8755
   0.2588
   2.1612
   1.0739
   0.1915
   0.5254
   3.1921
   0.5468
   1.4405
   0.3635
   1.4933
   1.0334
   0.9272
   1.8141
   0.3937
   0.4494
   0.9890
   0.5677
   1.0170
   1.8031
   0.6845
   0.8964
   0.9055
   0.6524
   0.5641
   0.6930
   1.1283
   0.5110
   1.4298
   0.5405
   0.6409
   0.9824
   1.0354
   0.8596
   0.8806
   0.8737
   1.9452
   1.1759
   1.4033
   0.4579
   0.4974
   1.3245
   0.8541
   1.4131
   0.6736
   0.9396
   1.7881
   0.7392
   1.2738
   0.7316
   1.7935
   0.5805
   0.6339
   0.8507
   1.2566
   0.3635
   1.1033
   1.2166
   0.6168
   1.8520
   1.1789
   0.6979
   1.0650
   0.5342
   2.3523
   0.3045
   1.6907
   0.8033
   0.9127
   0.6335
   0.9773
   1.6243
   0.4992
   1.1299
   1.0392
   1.8814
   1.0595
   0.6655
   0.9461
   0.9559
   0.5815
   0.6732
   0.7493
   0.1991
   0.8031
   3.0466
   0.7676
   0.5744
   1.3743
   0.7672
   0.6385
   1.8478
   1.3113
   1.3578
   1.1083
   1.8222
   0.5946
   0.9709
   0.2924
   1.1761
   0.9845
   1.3026
   0.3585
   0.9458
   0.6720
   0.2069
   0.7086
   1.8476
   1.5268
   1.0218
   0.4731
   1.3517
   0.8492
   1.3666
   1.4929
   0.4704
   2.0293
   0.4035
   0.6726
   2.3815
   1.6639
   1.7840
   0.9678
   0.6313
   0.6421
   0.8893
   0.8503
   1.6128
   0.4964
   0.8711
   1.2089
   0.3589
   1.6636
   1.9684
   0.6152
   0.6877
   1.0761
   0.8232
   1.5867
   1.2638
   1.1539
   1.3321
   0.9663
   1.9201
   2.0561
   0.9439
   0.5205
   0.5660
   0.8463
   0.6200
   0.4467
   0.8762
   1.1395
   1.2766
   0.4465
   1.3746
   2.4016
   0.1507
   1.5435
   1.5901
   1.4665
   0.9813
   1.1378
   1.5459
   1.3464
   2.4433
   0.9117
   0.1921
   0.7921
   1.1677
   0.7166
   0.3910
   1.5069
   0.7347
   0.9479
   0.6228
   0.5643
   0.7066
   1.0556
   1.9477
   1.0104
   0.6717
   0.5715
   1.4810
   2.1588
   0.9725
   1.3797
   1.8902
   0.4801
   0.3840
   0.6634
   1.9946
   0.4396
   1.3514
   0.9048
   0.4008
   0.4622
   0.3953
   1.1597
   0.7685
   0.7258
   0.8635
   1.6358
   1.3873
   1.4406
   0.6424
   0.3483
   2.1019
   2.0779
   0.5094
   0.6537
   0.8385
   0.3972
   1.0049
   0.1370
   1.4031
   1.6568
   0.6834
   0.6732
   1.5701
   1.2317
   0.6819
   1.0017
   0.5817
   0.8410
   0.1278
   1.3001
   1.3662
   0.6116
   1.5793
   0.8100
   0.3397
   1.4367
   0.9511
   0.6518
   0.3347
   1.2273
   1.4771
   0.8695
   1.2092
   0.7622
   1.5654
   0.6384
   1.6086
   0.5564
   1.1091
   1.2592
   0.5709
   1.1626
   0.9574
   2.1660
   0.6046
   2.0819
   1.5931
   0.7172
   0.6107
   3.2148
   0.2049
   1.5806
   0.6187
   1.0821
   0.5894
   1.1540
   2.0685
   1.6806
   0.7973
   0.6833
   0.6914
   0.7973
   0.6127
   0.4539
   1.3105
   3.3789
   0.6587
   0.1776
   1.0423
   0.7199
   0.3928
   0.5060
   1.9183
   0.7467
   0.8720
   0.4832
   2.1990
   1.3239
   0.2234
   2.0696
   0.3842
   2.3996
   0.4969
   0.7934
   1.6871
   0.6768
   0.6187
   0.6562
   0.6007
   0.8497
   0.8151
   0.6267
   0.8549
   0.8809
   1.1575
   0.6893
   0.7515
   1.1793
   1.0303
   0.7097
   1.0493
   0.5396
   0.4380
   1.0063
   0.4097
   0.6945
   1.5472
   0.7116
   0.8524
   0.8148
   0.8958
   1.2785
   0.8949
   1.5019
   0.7536
   0.7619
   1.0816
   0.6000
   0.5497
   1.9188
   2.0183
   1.1575
   0.6188
   1.2175
   0.8139
   0.6092
   0.4568
   0.7964
   0.4294
   0.4264
   0.5157
   0.8156
   0.9434
   0.9760
   1.1686
   0.5394
   1.4928
   0.6381
   0.5227
   0.5549
   0.6149
   3.2355
   0.6354
   0.6090
   0.2369
   1.3999
   1.0745
   1.0243
   0.6450
   0.8223
   1.0259
   3.7757
   0.7181
   0.4984
   0.3304
   0.8605
   0.6997
   0.3698
   0.3996
   0.4298
   1.1924
   1.7616
   0.2049
   0.6743
   1.0874
   0.3452
   0.9712
   0.4832
   1.6352
   1.0668
   0.9827
   0.4910
   1.1396
   0.8166
   0.9355
   0.2839
   0.8538
   1.7748
   0.5701
   0.8076
   0.8439
   0.6809
   1.0034
   0.9830
   0.4027
   0.6837
   0.9885
   0.5170
   0.9153
   0.7966
   0.3669
   0.6060
   0.4919
   1.1769
   0.2498
   0.7138
   0.8204
   0.9163
   0.7140
   1.0588
   0.9053
   0.9139
   0.3228
   0.3105
   0.8705
   0.9796
   2.0029
   0.6679
   1.0312
   0.5853
   0.7236
   0.5573
   1.4713
   0.4266
   0.9577
   1.1419
   0.7668
   0.5342
   0.6131
   0.6944
   0.9751
   0.6811
   2.1804
   1.0424
   0.5329
   0.3859
   0.4754
   0.8539
   0.2820
   0.8750
   1.8392
   1.5150
   0.5970
   0.9100
   1.2629
   1.0182
   0.4868
   1.9278
   0.8618
   1.8608
   0.3046
   1.1264
   1.3090
   1.4989
   1.2006
   0.6766
   1.0013
   0.9454
   0.5666
   0.7327
   1.9709
   0.8672
   2.7266
   0.5709
   0.4564
   1.1646
   1.3115
   0.6976
   0.2572
   1.1835
   1.6174
   1.1509
   0.6706
   1.2325
   1.1252
   0.4720
   0.9620
   2.2945
   0.3576
   0.4383
   1.1018
   0.4921
   3.0585
   2.1177
   0.4529
   1.4545
   0.8360
   1.0856
   1.2677
   1.1885
   1.1610
   1.2411
   1.1719
   0.7884
   0.9950
   1.0163
   0.7256
   1.0111
   1.2302
   1.2234
   1.9126

