  9.1318e+001
  1.0555e+002
  1.1642e+002
  1.2969e+002
  6.6073e+001
  6.1926e+001
  9.2488e+001
  8.3640e+001
  7.5903e+001
  8.5284e+001
  1.0213e+002
  8.8821e+001
  6.5711e+001
  9.2136e+001
  9.7636e+001
  7.6268e+001
  1.2589e+002
  1.0184e+002
  7.8007e+001
  9.8497e+001
  8.4450e+001
  7.3554e+001
  1.0680e+002
  1.2618e+002
  1.1977e+002
  1.0954e+002
  9.9969e+001
  8.5040e+001
  6.7007e+001
  1.0132e+002
  9.4712e+001
  8.2955e+001
  7.4959e+001
  1.4687e+002
  8.1356e+001
  7.4257e+001
  1.2246e+002
  1.2068e+002
  1.2611e+002
  8.7649e+001
  7.7459e+001
  1.0895e+002
  1.1270e+002
  1.0957e+002
  1.1088e+002
  1.0001e+002
  8.7809e+001
  9.9128e+001
  1.3520e+002
  9.6555e+001
  8.6806e+001
  9.7973e+001
  1.0006e+002
  9.4080e+001
  1.1128e+002
  1.1445e+002
  9.4747e+001
  8.0215e+001
  1.1324e+002
  1.0362e+002
  1.1382e+002
  9.6122e+001
  8.8906e+001
  8.4873e+001
  7.7287e+001
  5.9846e+001
  9.3404e+001
  1.0212e+002
  1.1888e+002
  8.8193e+001
  9.0989e+001
  9.5100e+001
  1.0613e+002
  9.3227e+001
  9.5699e+001
  1.0954e+002
  1.2339e+002
  7.8798e+001
  1.1962e+002
  1.0768e+002
  1.3767e+002
  9.2850e+001
  1.2210e+002
  9.7734e+001
  8.8533e+001
  1.3310e+002
  1.1853e+002
  8.5733e+001
  1.0097e+002
  9.3835e+001
  7.9929e+001
  9.8955e+001
  1.0053e+002
  7.3744e+001
  1.0740e+002
  7.4210e+001
  8.4168e+001
  8.4602e+001
  1.0885e+002
  9.5045e+001
  7.6899e+001
  9.1443e+001
  1.1019e+002
  8.6968e+001
  7.4270e+001
  1.3370e+002
  1.1708e+002
  1.1525e+002
  8.3875e+001
  1.0355e+002
  1.0834e+002
  1.2086e+002
  1.0460e+002
  7.8438e+001
  1.0577e+002
  1.1397e+002
  1.0268e+002
  9.9646e+001
  8.2544e+001
  9.4204e+001
  7.0809e+001
  1.1778e+002
  1.0279e+002
  1.0006e+002
  1.0082e+002
  9.4057e+001
  1.0079e+002
  9.7404e+001
  1.0342e+002
  1.2377e+002
  1.0274e+002
  1.1075e+002
  1.1635e+002
  1.2078e+002
  8.7603e+001
  1.1227e+002
  1.0066e+002
  1.0794e+002
  1.3724e+002
  1.1075e+002
  1.2187e+002
  8.1172e+001
  9.2392e+001
  8.3562e+001
  7.8595e+001
  9.2470e+001
  1.0405e+002
  1.1504e+002
  9.5147e+001
  1.2372e+002
  1.0057e+002
  1.0276e+002
  7.7364e+001
  9.5164e+001
  1.2328e+002
  8.7591e+001
  9.9214e+001
  1.0799e+002
  9.4773e+001
  8.3472e+001
  1.0863e+002
  1.3487e+002
  1.4140e+002
  8.4580e+001
  7.3002e+001
  9.5066e+001
  1.0092e+002
  1.2913e+002
  8.8368e+001
  1.0155e+002
  1.5059e+002
  9.0307e+001
  1.4033e+002
  1.3297e+002
  1.0906e+002
  9.2749e+001
  6.0116e+001
  1.1249e+002
  6.7689e+001
  1.1830e+002
  7.9581e+001
  1.1759e+002
  1.3555e+002
  1.0680e+002
  7.8478e+001
  1.2777e+002
  7.4605e+001
  1.0671e+002
  8.4839e+001
  8.1610e+001
  1.2693e+002
  1.2985e+002
  6.5286e+001
  7.7323e+001
  1.0782e+002
  1.2351e+002
  1.0555e+002
  9.9977e+001
  9.6233e+001
  1.1080e+002
  8.2437e+001
  1.0700e+002
  1.1079e+002
  1.1236e+002
  1.2025e+002
  7.9796e+001
  1.1051e+002
  1.2194e+002
  1.0531e+002
  1.1555e+002
  9.2220e+001
  1.1000e+002
  1.2853e+002
  9.2313e+001
  9.9371e+001
  9.4848e+001
  1.0396e+002
  7.4727e+001
  5.3122e+001
  9.1850e+001
  1.1298e+002
  9.3254e+001
  1.4037e+002
  7.9475e+001
  1.2891e+002
  9.3403e+001
  1.1130e+002
  9.5127e+001
  9.3602e+001
  7.4216e+001
  1.0405e+002
  1.2985e+002
  4.8494e+001
  1.2569e+002
  8.3515e+001
  1.1738e+002
  7.8005e+001
  1.0344e+002
  1.1036e+002
  1.0124e+002
  1.4104e+002
  1.1088e+002
  8.7601e+001
  8.0111e+001
  9.2503e+001
  9.4093e+001
  1.1068e+002
  7.8246e+001
  1.2437e+002
  1.1300e+002
  6.3833e+001
  8.5338e+001
  1.2497e+002
  1.0265e+002
  9.8013e+001
  8.8984e+001
  1.1000e+002
  1.0134e+002
  8.7018e+001
  1.0326e+002
  1.1579e+002
  1.0485e+002
  8.1842e+001
  1.0213e+002
  1.0211e+002
  1.0411e+002
  8.6886e+001
  1.1373e+002
  9.1882e+001
  1.1745e+002
  8.4406e+001
  9.5064e+001
  8.9821e+001
  1.2261e+002
  6.5512e+001
  1.6908e+002
  1.0162e+002
  9.2958e+001
  9.6457e+001
  1.0274e+002
  1.2533e+002
  1.0374e+002
  6.9086e+001
  9.5105e+001
  1.1697e+002
  1.0629e+002
  1.3742e+002
  1.3415e+002
  9.4251e+001
  1.0427e+002
  9.3469e+001
  9.5741e+001
  9.1999e+001
  1.0073e+002
  8.7339e+001
  8.7674e+001
  9.9117e+001
  9.7209e+001
  1.1185e+002
  1.2616e+002
  8.8438e+001
  1.3114e+002
  8.4858e+001
  1.0052e+002
  7.7799e+001
  7.6723e+001
  1.0381e+002
  1.2513e+002
  1.0932e+002
  7.7111e+001
  8.4570e+001
  9.0600e+001
  1.0320e+002
  6.9486e+001
  1.1269e+002
  8.7945e+001
  7.6687e+001
  8.5829e+001
  9.2202e+001
  8.2491e+001
  9.2559e+001
  9.9940e+001
  9.4458e+001
  8.0544e+001
  1.0894e+002
  1.0280e+002
  7.1652e+001
  1.0206e+002
  7.6187e+001
  9.8028e+001
  7.0413e+001
  9.9953e+001
  8.3705e+001
  7.8923e+001
  1.1632e+002
  1.2394e+002
  8.8927e+001
  1.0294e+002
  9.6602e+001
  8.6147e+001
  7.9141e+001
  7.1236e+001
  1.2726e+002
  1.5745e+002
  8.7249e+001
  8.8878e+001
  1.5993e+002
  1.0218e+002
  9.0276e+001
  1.2624e+002
  9.5755e+001
  9.1116e+001
  1.0657e+002
  9.3126e+001
  1.0024e+002
  8.2800e+001
  8.6167e+001
  1.2638e+002
  1.0732e+002
  1.0258e+002
  1.3720e+002
  6.5764e+001
  1.0262e+002
  1.1499e+002
  8.9460e+001
  1.0680e+002
  1.3593e+002
  8.1929e+001
  9.6946e+001
  9.5733e+001
  9.4417e+001
  8.8055e+001
  1.0680e+002
  1.0410e+002
  1.1802e+002
  1.0158e+002
  1.2172e+002
  8.9703e+001
  7.9483e+001
  7.6696e+001
  9.7269e+001
  1.0393e+002
  1.0417e+002
  8.8970e+001
  1.2804e+002
  8.8327e+001
  9.0472e+001
  1.1160e+002
  5.8343e+001
  8.4474e+001
  1.2876e+002
  9.4732e+001
  7.7005e+001
  1.1167e+002
  8.8554e+001
  1.1334e+002
  7.3910e+001
  8.8921e+001
  8.1972e+001
  1.0526e+002
  1.1343e+002
  7.3535e+001
  1.0666e+002
  1.0041e+002
  9.7645e+001
  7.8519e+001
  1.0472e+002
  1.1607e+002
  1.2644e+002
  1.1749e+002
  1.0805e+002
  1.2400e+002
  1.1328e+002
  9.4104e+001
  1.0412e+002
  1.2588e+002
  9.4460e+001
  9.6105e+001
  8.9785e+001
  7.8390e+001
  1.1288e+002
  1.2265e+002
  1.3188e+002
  8.7369e+001
  5.9122e+001
  6.9244e+001
  7.6834e+001
  8.6642e+001
  9.1486e+001
  9.0035e+001
  8.5929e+001
  1.1312e+002
  8.4214e+001
  9.1596e+001
  8.3325e+001
  9.2420e+001
  1.3347e+002
  1.0995e+002
  8.6090e+001
  8.0812e+001
  8.7028e+001
  9.0386e+001
  5.9967e+001
  8.9109e+001
  9.4838e+001
  8.8735e+001
  1.1233e+002
  1.2991e+002
  1.0705e+002
  1.0989e+002
  7.5555e+001
  1.2509e+002
  1.1074e+002
  1.5129e+002
  1.0701e+002
  9.1207e+001
  9.2711e+001
  9.9558e+001
  1.2426e+002
  1.1675e+002
  1.0906e+002
  1.2473e+002
  1.3685e+002
  7.0288e+001
  1.2195e+002
  8.9771e+001
  1.0311e+002
  1.1575e+002
  8.5609e+001
  9.3510e+001
  9.8583e+001
  8.6927e+001
  9.5746e+001
  8.2443e+001
  1.0087e+002
  1.0916e+002
  1.3566e+002
  1.0705e+002
  9.5597e+001
  6.5680e+001
  8.9652e+001
  8.8862e+001
  9.2601e+001
  9.7593e+001
  1.1054e+002
  1.0936e+002
  9.2084e+001
  9.1628e+001
  9.7562e+001
  1.2569e+002
  1.2563e+002
  8.5158e+001
  9.8245e+001
  9.7896e+001
  9.7172e+001
  8.1461e+001
  1.1936e+002
  1.2293e+002
  8.1996e+001
  1.2725e+002

