  6.8936e+001
  1.4396e+002
  3.0276e+001
  4.8316e+001
  1.5805e+000
  1.4726e+002
  1.2204e+000
  9.9827e+002
  6.6548e+001
  7.5872e-002
  4.0566e+000
  2.4623e+001
  1.8778e+001
  7.1282e-002
  1.3694e-001
  1.5280e-001
  3.8738e+000
  5.6889e+001
  5.1255e+002
  8.0551e+000
  3.5687e+000
  7.4148e-001
  2.2164e-001
  5.6437e+001
  3.3675e+000
  1.8262e+002
  1.4966e+000
  1.2015e+002
  5.2321e+001
  7.8531e+002
  1.0446e+003
  2.9812e+000
  5.3890e+002
  4.5193e+001
  2.1457e+000
  3.5296e+002
  2.4623e+002
  4.2622e+000
  4.8118e+001
  1.1684e+001
  5.2250e-001
  1.2034e-001
  2.1661e+001
  4.4860e+002
  2.3863e+002
  1.3180e+002
  9.8076e+001
  1.1197e+000
  6.3969e+000
  9.9596e+001
  1.5464e+001
  4.7989e+001
  8.6160e+002
  6.7173e-002
  1.4352e+002
  2.2864e+000
  7.8806e+000
  3.9734e+002
  8.9287e-001
  1.8429e+002
  1.6415e+002
  1.2972e+000
  3.9189e+000
  7.1703e+000
  8.5542e+000
  6.0701e+001
  3.4354e+001
  5.5533e+002
  2.1270e+001
  2.5634e+000
  2.8245e+001
  7.7295e-001
  1.2228e+000
  2.3247e+002
  2.1381e+000
  9.5318e+001
  1.1182e+001
  6.5970e+000
  5.3960e-001
  3.1995e+001
  1.9675e+001
  2.7613e+001
  4.3298e-001
  4.9668e+002
  4.9533e+001
  8.1509e+000
  7.1148e+000
  4.8925e+001
  4.5146e-001
  4.5289e+002
  8.2418e+001
  1.0171e+002
  7.4962e+000
  1.7347e+001
  4.1652e+001
  2.5673e+002
  8.0461e+001
  2.1017e+002
  3.6139e+002
  1.0491e+000
  9.2609e-001
  1.4881e+000
  2.0483e+001
  4.0726e+002
  4.5309e+002
  1.2808e+000
  3.9146e+002
  4.3758e-001
  3.4562e+002
  5.1858e-001
  1.5789e-002
  1.0913e+002
  1.2172e+002
  1.6231e+000
  2.6006e+001
  6.1893e+002
  1.9417e+001
  3.2037e+002
  1.3687e+002
  1.2494e+001
  6.6518e+001
  1.3460e+000
  1.4955e+000
  2.5177e+001
  3.0937e+000
  2.5127e+002
  2.4493e+000
  6.8812e+000
  1.7499e+002
  9.2481e+000
  4.5658e+000
  3.7980e+000
  7.5922e+001
  1.0757e+002
  1.2653e+002
  1.3321e+002
  1.4014e+001
  8.2261e+000
  2.6382e-001
  3.9216e+001
  2.4814e-001
  6.0332e+000
  5.0443e-001
  1.2567e+000
  8.0204e+000
  1.0655e+001
  7.3427e+000
  8.2115e-001
  1.9639e+000
  1.2819e+001
  2.1141e+000
  1.2289e+002
  3.4061e+001
  6.7518e+001
  1.3993e-002
  3.8225e+000
  7.5494e+000
  1.8062e+000
  7.1292e+001
  4.5446e-001
  7.7726e+000
  8.1636e+000
  8.9669e-001
  6.1824e+002
  3.8711e+000
  2.8436e+000
  9.3109e+001
  6.1302e-001
  1.3429e+000
  1.6996e-001
  9.4702e-001
  2.5618e+001
  3.6564e-001
  2.6634e+001
  8.7525e+000
  4.4515e+001
  2.6895e-001
  5.0284e+001
  3.5994e+000
  3.5199e+001
  2.4529e+002
  5.3666e+000
  6.9267e+001
  1.6976e+000
  1.6932e+001
  6.4795e+001
  5.2604e-001
  5.1290e+000
  9.3333e+000
  4.8352e-001
  6.4306e+001
  2.1779e-001
  2.7118e+000
  1.4315e+002
  2.1972e+002
  1.3111e+001
  7.8273e-002
  3.3489e-002
  1.0451e+002
  1.4829e-001
  6.2047e-001
  1.4042e+002
  1.3874e+001
  7.4366e-001
  1.6039e+000
  8.4058e+000
  7.2594e+001
  1.3545e+001
  7.2618e+000
  9.1095e+000
  5.3206e+000
  3.5360e+000
  5.9339e+000
  1.1169e+003
  2.7306e-001
  4.9390e-001
  2.0588e+000
  9.8899e-001
  4.1265e+001
  1.6046e+000
  2.8164e+001
  2.0136e+000
  3.9980e+000
  2.3358e-001
  1.2632e+001
  6.3114e+000
  1.0838e+000
  1.3808e+002
  4.7019e-001
  9.4590e-001
  9.9296e+002
  2.1258e+001
  9.6987e+000
  6.8491e-001
  7.1067e+002
  8.2037e-001
  1.3911e+002
  1.9018e+002
  3.3823e+001
  6.5205e+002
  4.2864e+000
  2.9708e+000
  3.0808e+001
  1.5389e+002
  1.8620e+001
  4.9210e+000
  5.4088e+002
  9.5505e-002
  2.7580e-001
  3.6158e+002
  1.3570e+001
  1.8621e-001
  4.2282e+002
  1.9462e+002
  7.9703e+001
  5.2711e+000
  2.0895e+002
  2.1668e+000
  6.2236e-001
  2.4156e+002
  8.6715e+001
  9.3302e-001
  1.1747e+000
  8.5528e+000
  6.7441e+002
  3.0270e+001
  8.0316e+001
  1.0937e+001
  1.5499e-001
  1.2841e-001
  1.1419e+002
  1.7363e+002
  9.0372e-001
  2.4320e+001
  8.8337e+001
  4.2636e+002
  1.1333e+002
  5.2572e-001
  3.4889e+002
  3.0340e+001
  1.1846e+000
  5.7499e-001
  1.0683e+002
  1.6477e+000
  3.5057e+000
  3.3998e+001
  4.9788e+002
  5.0232e+002
  4.0039e+002
  1.6928e+001
  3.8446e+002
  1.2427e-001
  1.8083e+002
  2.9512e+000
  3.5487e-002
  1.1228e-001
  2.0606e+001
  3.3249e+001
  4.9804e+000
  1.9882e+001
  3.4670e+002
  5.7135e+001
  1.3368e+001
  1.9435e-002
  8.9267e+002
  1.1891e+002
  2.6184e+002
  1.0214e+002
  2.2720e+000
  1.9031e+002
  7.8175e+001
  1.0667e+002
  3.5825e+000
  1.1884e+001
  1.2149e+001
  1.1924e+000
  8.2498e+000
  7.1674e-001
  5.5018e+000
  9.5354e-001
  7.2388e+002
  2.9097e+002
  1.2157e+000
  4.4405e+000
  1.8787e+002
  1.2932e-001
  2.3152e+002
  1.8330e+002
  2.7481e+002
  1.0218e+002
  2.6001e+002
  1.5597e+001
  8.7747e+001
  2.6422e+002
  1.7133e+002
  2.8612e+000
  8.0905e+001
  3.2886e+002
  3.1707e-001
  7.1115e+002
  3.9506e+002
  4.0164e+002
  2.9265e+002
  1.2249e+001
  1.9728e+002
  8.1578e-001
  4.9349e+001
  1.5405e+001
  1.7740e+000
  9.1199e-001
  3.1648e-001
  2.5120e+002
  2.1682e+001
  1.2750e+002
  3.0825e+002
  4.5052e+000
  5.2606e+001
  9.2121e+001
  4.0433e+000
  1.6084e+002
  1.2635e+000
  1.1356e+001
  7.6039e-001
  3.8822e+002
  4.1525e+001
  1.4152e-001
  6.1409e-001
  1.9401e+002
  1.1404e+000
  1.6305e+001
  5.3541e-001
  4.4492e+000
  5.8171e+001
  7.2823e-002
  2.9953e+000
  6.1001e+002
  3.6818e+000
  5.8040e-001
  1.6721e+000
  3.7601e+002
  9.8713e+001
  2.6898e+002
  4.0150e+001
  1.0652e-001
  7.5252e-001
  3.4181e+002
  4.7967e+001
  8.8116e-001
  2.2293e+001
  7.5946e+001
  3.4519e-001
  2.2865e+001
  4.3871e+002
  3.2687e+000
  6.6840e+000
  2.7706e-002
  2.6755e+002
  2.0470e+001
  2.5869e+002
  2.7511e+000
  1.3099e+001
  4.9030e-001
  8.0597e-001
  8.6496e+001
  3.5440e+001
  1.1798e+002
  6.9998e+001
  1.5902e+001
  1.5880e-001
  3.8779e+000
  2.4664e+001
  6.4993e+000
  4.6907e-002
  3.6159e+002
  1.9345e+000
  3.4215e+000
  1.2396e+002
  2.6078e+001
  2.1313e+001
  2.4664e+002
  9.9586e+000
  3.5568e+000
  1.1911e-001
  1.7726e+000
  2.0012e-001
  2.7072e+002
  3.5372e-001
  5.5393e+000
  8.2478e+000
  4.0546e+001
  6.0402e+000
  9.0201e-001
  8.9451e-001
  3.6575e+000
  9.6409e+001
  6.0682e+001
  2.4649e+000
  2.8419e+002
  2.7000e+001
  1.3740e+002
  1.8788e+000
  2.6375e+001
  6.2321e+001
  2.1950e+000
  1.9019e+002
  1.0386e+001
  1.8934e+000
  1.5869e+000
  5.4863e+001
  3.6343e+001
  1.6944e+002
  6.4297e+001
  2.4370e-001
  5.9874e+002
  4.1429e-001
  1.8456e+000
  1.0883e+000
  1.6250e+001
  9.5945e+001
  1.3385e+002
  2.8168e+000
  9.1022e-002
  8.5787e+000
  8.2201e+001
  1.3659e-001
  3.5785e+001
  1.4159e+000
  2.6781e+002
  4.8534e+001
  1.0957e+002
  7.8461e-002
  1.8005e+002
  3.2047e+002
  8.5027e+002
  1.9501e+002
  4.8969e-001
  2.5849e+000
  3.9198e+000
  5.9274e-001
  2.7711e+001
  2.1704e+000
  8.4024e+000
  6.8348e+000
  3.9047e+000
  1.2747e+002
  1.0303e+002
  1.7023e+002
  6.1099e-002
  1.4954e+001
  1.0713e+003
  8.2151e+001
  2.9204e+000
  2.0481e+001
  7.8056e+002
  6.9089e-002
  8.3955e+001
  8.4439e+000
  4.0272e-001
  1.2131e+000
  3.2072e+002

