    0.1522
    3.5282
    0.1364
    1.9174
    0.4739
    1.3696
    0.1127
    0.5722
    0.6975
    0.4579
    0.1544
    3.0636
    0.0538
    0.5272
    0.0162
    0.9901
    0.0002
    0.0096
    0.5546
    1.8482
    0.0424
    0.8231
    0.1631
    0.0173
    0.5640
    0.4465
    0.1193
    0.0306
    0.1728
    4.3951
    0.0648
    0.0054
    0.5311
    0.7815
    0.0534
    0.4097
    0.1709
    3.3447
    2.6628
    0.4413
    0.5852
    1.3620
    0.3306
    2.9076
    0.6937
    0.2817
    0.2965
    0.3639
    0.4173
    0.4284
    0.6994
    0.4593
    2.0019
    0.0039
    0.1220
    0.0498
    2.0203
    0.3954
    0.0538
    1.4732
    5.1615
    0.8490
    6.8128
    0.4094
    0.3597
    5.4172
    7.1444
    1.1633
    0.0724
    0.1939
    0.2276
    0.5818
    0.0647
    0.1349
    0.6358
    4.2583
    2.6685
    0.6165
    1.0023
    0.1589
    0.4254
    0.1913
    5.4617
    1.4297
    1.0729
    0.1529
    2.1927
    1.5630
    0.7023
    6.9509
    0.3501
    1.6548
    0.4939
    0.1681
    0.0278
    0.1885
    1.2332
    0.1189
    0.3171
    0.2311
    2.1735
    0.2249
    0.5970
    0.7667
    1.0866
    0.0871
    0.0218
    0.3479
    4.1312
    1.1743
    0.3436
    0.6443
    0.3771
    1.8146
    0.2700
    0.3049
    0.5209
    0.0436
    0.2325
    1.9903
    0.0488
    2.8284
    0.2762
    8.6504
    0.8732
    0.2675
    1.8090
    0.5834
    0.8974
    0.3128
    1.8848
    0.4891
    0.0165
    0.1427
    0.7602
    0.1349
    0.4556
    0.2273
    1.9132
    0.3066
    0.0708
    0.2181
    0.3736
    0.5071
    0.3254
    0.0644
    0.2213
    0.6040
    0.2757
    0.2836
    2.1835
    0.1061
    0.1278
    4.1063
    0.0770
    0.7928
    0.0468
    0.1622
    0.4075
    0.9768
    0.0202
    0.5779
    0.1323
    0.1067
    0.1165
    0.2697
    0.1309
    1.3918
    1.2038
    0.0309
    0.0368
    0.0662
    0.6457
    0.3227
    0.0529
    0.0706
    2.7490
    0.5376
    0.1018
    4.4290
    0.0029
    0.6418
    0.5816
    0.1346
    0.5933
    0.0568
    0.0714
    0.4287
    0.3911
    0.1839
    0.2855
    0.3220
    0.5198
    1.6556
    1.4922
    0.0103
    2.2336
    1.0250
    2.3275
    1.6655
    0.2795
    2.2857
    0.0167
   10.8599
    0.4436
    4.0605
    0.1208
    2.6254
    0.2804
    2.9049
    0.0873
    0.2619
    0.1483
    0.9065
    0.1726
    0.7841
    0.0285
    2.4525
    1.3961
    2.2906
    0.9619
    0.6362
    0.2795
    0.2677
    2.0720
    0.7283
    0.0083
    1.7814
    0.5108
    1.4663
    0.0169
    0.4663
    0.5381
    0.5270
    0.2143
    0.3901
    0.1440
    0.0583
    0.0634
    0.2192
    3.0886
    0.6106
    4.3696
    0.0134
    1.2429
    0.3313
    0.3262
    2.2495
    0.4129
    0.2077
    0.0737
    0.1362
    0.7711
    4.6176
    1.0585
    0.1629
    1.2306
    0.5366
    6.9445
    0.0159
    2.0083
    1.4447
    0.0459
    0.0823
    0.2314
    0.7001
    0.3021
    0.5067
    0.3317
    0.7373
    0.7232
    0.0778
    0.2071
    0.0914
    1.1552
    0.0613
    1.4510
    0.2541
    0.0290
    0.0833
    0.0535
    0.0413
    0.6670
    0.6644
    0.1131
    0.0242
    0.1231
    0.0651
    0.2780
    0.5354
    0.5259
    0.6366
    0.6912
    0.8762
    0.1941
    0.1455
    0.2988
    0.6746
    1.1923
    0.5463
    0.2690
    1.7507
    0.1025
    0.2462
    0.8422
    0.0682
    0.6009
    0.0991
    0.7002
    0.4919
    0.5896
    0.6575
    0.4481
    0.0760
    0.0223
    0.7268
    0.2336
    0.6108
    2.1025
    0.3850
    0.8079
    0.0198
    0.8714
    0.2715
    0.3884
    0.3115
    0.7540
    0.4419
    0.4741
    0.2675
    0.3743
    0.3214
    0.0431
    5.6944
    7.2673
    0.4545
    0.0978
    0.3933
    0.0625
    0.2615
    1.2444
    0.2087
    1.4366
    0.2709
    2.1288
    0.0005
    0.0697
    0.4106
    1.9618
    0.0702
    0.5278
    0.5639
    0.8611
    0.1944
    1.3476
    0.2499
    0.9003
    0.8088
    0.0184
    0.6911
    1.0293
    0.5709
    0.2032
    0.9782
    1.3254
    0.6017
    3.7527
    9.4998
    8.2581
    0.2472
    7.8472
    0.5493
    0.0921
    0.3843
    1.0139
    0.6946
    3.2153
    0.2023
    0.0095
    0.1130
    0.1624
    3.9987
    0.0260
    0.4334
    0.0251
    0.2748
    0.1596
    0.0764
    0.3413
    0.1524
    3.6977
    0.3441
    0.1361
    0.0407
    0.2042
    7.0280
    0.4397
    1.6094
    0.8146
    0.0308
    0.1495
    0.0593
    0.0739
    0.8011
    1.6241
    0.2680
    0.9474
    4.0473
    0.8242
    1.4264
    5.5057
    1.1506
    0.4834
    5.9949
    0.1334
    0.2711
    1.6067
    0.0690
    1.6676
    4.6963
    0.3432
    0.4323
    1.0494
    0.0366
    0.7089
    0.0112
    0.3537
    0.2649
    0.1461
    0.1749
    0.7933
    0.1501
    0.2118
    0.6131
    0.6699
    0.1304
    0.2253
    0.0252
    0.0086
    0.1293
    0.0377
    0.0292
    1.0569
    8.3313
    0.0062
    0.3518
    3.0111
    0.1166
    0.1676
    0.6995
    1.4871
    0.3671
   10.6835
    0.2045
    0.0684
    9.6980
    0.3981
    0.1089
    2.5041
    0.3878
    0.4453
    1.4914
    0.4403
    0.3979
    0.2928
    0.2956
    1.4264
    0.0324
    0.2760
    4.3567
    0.4928
    0.9515
    0.3281
    0.5481
    0.6701
    0.5533
    0.7804
    0.5892
    3.2796
    0.1391
    0.4239
    0.3853
    0.2596
    0.3001
    0.6522
    0.5985
    0.1943
    2.9700
    1.5356
    2.0868
    0.3071
    0.8060
    5.1793
    0.0476
    1.1814
    0.1791
    0.0935
    0.3845
    0.0847
    1.1147

