    0.0002
    0.4892
    1.2371
    0.5494
    0.9563
    0.8030
    0.2403
    0.0625
    0.5307
    0.4181
    1.8803
    1.5454
    0.4680
    0.0872
    0.1173
    0.2102
    0.3672
    0.0232
    1.1113
    0.3307
    0.0899
    0.3760
    0.5429
    0.1288
    0.1071
    0.7717
    0.0148
    0.0012
   26.7657
    0.3414
    0.8744
    0.5253
    0.1130
    0.0126
    0.5075
    0.1451
    0.7220
    0.3807
    0.4367
    0.6056
    0.3369
    0.3234
    0.0563
    1.7311
    0.0022
    0.3419
    0.0860
    0.8772
    0.1010
    0.2000
    0.2278
    1.5400
    2.1712
    0.4076
    0.1451
    1.7980
    1.9461
    0.7705
    0.2216
    0.4105
    0.1331
    0.1298
    0.8213
    0.2735
    0.4050
    0.7195
    0.1801
    0.3634
    0.5447
    0.3312
    2.4706
    1.0768
    3.1944
    0.0110
    0.8523
    0.2648
    0.3190
    0.9050
    0.0071
    0.0143
    0.5405
    0.1459
    1.1227
    1.0211
    0.0420
    0.0128
    0.0484
    0.4027
    0.0533
    0.1597
    1.0511
    0.4265
    0.4111
    0.5263
    0.8267
    0.2135
    0.1000
    0.0513
    0.9352
    0.0330
    0.9176
    0.2465
    1.3828
    0.1670
    0.4308
    0.8292
    1.0580
    0.2629
    0.2111
    7.1021
    0.0738
    0.9970
    1.2440
    0.7065
    0.2682
    0.5506
    0.1868
    0.0137
    0.1981
    0.9113
    0.5074
    0.3437
    0.0933
    0.0658
    0.4426
    0.9318
    0.4484
    0.0333
    0.2863
    0.7081
    0.1853
    1.5072
    0.7073
    0.8155
    0.8012
    0.4192
    0.0432
    0.8327
    0.1145
    0.2017
    0.0381
    0.6163
    3.7086
   10.2473
    0.0027
    0.1532
    1.6427
    0.2631
    0.1925
    0.0608
    0.3253
    1.2144
    0.0196
    7.2187
    0.4187
    0.4070
    0.3226
    0.5340
    0.0089
    0.1538
    0.0540
    0.2198
    1.1216
    0.1331
    0.9421
    5.5024
    2.1513
    0.0281
    0.1511
    0.0697
    0.9396
    0.2511
    0.3723
    0.6740
    0.2264
    0.6864
    0.3456
    0.6107
    1.0288
    0.2375
    0.1504
    0.4182
    0.3106
    0.1672
    0.3595
    0.6230
    0.0871
    1.6650
    0.2428
    0.1749
    1.9176
    0.1636
    1.0158
    0.0205
    5.9473
    1.1489
    0.0404
    0.3977
    0.3073
    0.0445
    3.4603
    1.6648
    0.2312
    0.2769
    0.7542
    0.6281
    0.1930
    0.3612
    0.1732
    0.4822
    0.8185
    0.0499
    0.6467
    0.0877
    0.5174
    3.7999
    0.4672
   11.1374
    0.7093
    0.1053
    0.0159
    0.4793
    0.3896
    0.0661
    0.2037
    2.1000
    0.2532
    0.2950
    0.0945
    0.3258
    0.9101
    0.0722
    1.4705
    2.4179
    0.3901
    2.1675
    0.7702
    0.8895
    0.3242
    0.4871
    0.4551
    0.0531
    0.5311
    0.8726
    0.0183
    2.3254
    0.5922
    0.6571
    0.1563
    0.1394
    0.0364
    0.1102
    0.9178
    0.3397
    0.1587
    0.1122
    0.7538
    0.2106
    0.5161
    0.0428
    0.1494
    0.3522
    0.0865
    6.5146
    0.1315
    0.0568
    1.5808
    1.5672
    0.2008
    0.5482
    0.0948
    0.0910
    0.1320
    0.1160
    0.2248
    0.1307
    0.1562
    0.2700
    0.1744
    0.6243
   10.8415
    0.2542
    0.2038
    1.0499
    0.4810
    0.5122
    2.1654
    0.2848
    0.3483
    0.2281
    0.2330
    0.1808
    0.0143
    0.2506
    0.0641
    0.6828
    0.8794
    0.4223
    0.0237
    0.1740
    0.5445
    0.6411
    0.2738
    9.5884
    0.2956
    0.9841
    0.2256
    0.1348
    0.0804
    0.0640
    0.8996
    0.3713
    0.2374
    0.4165
    0.1818
    1.9595
    0.8063
    0.8089
    0.4481
    1.0477
    0.7739
    0.4552
    0.5109
    0.2165
    1.3033
    0.0341
    2.9504
    0.1775
    1.0382
    0.2608
    3.5313
    0.2812
    0.8391
    0.6200
    0.1461
    0.0306
    0.2602
    0.4116
    0.5212
    0.1195
    0.3813
    0.1109
    0.6360
    0.7171
    0.3658
    5.6240
    1.3655
    7.5880
    0.5995
    0.4328
    0.4359
    1.7184
    0.0705
    0.3930
    0.2567
    0.7055
    0.0307
    0.0595
    0.4787
    0.0411
    0.8000
    0.5311
    0.1493
    0.0750
    0.9073
    1.6776
    2.2939
    0.1415
    0.5328
    0.4757
    1.0833
    0.0486
    1.2753
    0.2342
    0.4865
    0.5957
    0.0729
    0.1180
    0.0970
    0.7321
    0.2593
    0.2016
    0.0718
    0.9163
    0.0477
    5.6607
    5.7465
    0.4373
    0.6424
    0.0812
    0.1270
   90.6679
    0.0053
    0.3958
    0.4304
    0.1101
    0.0515
    2.7136
    0.0157
    0.3369
    4.0758
   28.6070
    0.6287
    0.2569
    1.2766
    0.5589
    0.1500
    0.6933
    0.4919
    0.1328
    0.2555
    0.4359
    0.6331
    0.2605
    0.1563
    0.0750
    0.0042
    0.1909
    0.2008
    0.4867
    0.1841
    0.0519
    0.7018
    0.4164
    0.7245
    1.2108
    0.5025
    0.1909
    5.6523
    0.2710
    0.1040
    0.3291
    0.1395
    0.3785
    0.8049
    0.4295
    1.0295
    0.7597
    1.3783
    0.3856
    0.5719
    2.6550
    1.0813
    0.2552
    0.8145
    1.2098
    0.4408
    0.0510
    1.1793
    0.1403
    0.4662
    0.3778
    0.6713
    0.1302
    0.1488
    0.2319
    0.6021
    0.4611
    0.3445
    1.3617
    0.3537
    0.0092
    0.0308
    0.0503
    0.2032
    0.9633
    0.1426
    0.1625
    0.1441
    0.2671
    0.5800
    0.4601
    0.2727
    0.0432
    0.5542
    3.0222
    0.0826
    0.3077
    0.3472
    0.1152
    0.0408
    0.4273
    0.5051
    4.7209
    1.6905
    0.5238
    0.1779
    0.7666
    0.0234
    0.3987
    1.2516
    0.6169
    1.1920
    0.0357
    0.0019
    0.0314
    0.2463
    0.1285
   18.4256
    7.5801
    2.8162
    1.4886
    0.2053
    7.1955
    0.0099
    0.2817
    0.2891
    0.0408
    0.1170
    1.1602
    0.2584
    0.3277
    0.4479
    0.7993
    0.0447
    0.0608
    0.9067
    0.1035
    0.0548
    0.5506
    0.6468
    0.3113
    0.0568
    0.1681
    0.4768
    1.3858
    0.2417
    0.7633
    0.2146
    0.1087
    0.3722
    0.6085
    0.4446
    0.0136
    0.1931
    0.3646
    0.3508
    6.3103
    0.4839
    0.2836
    0.0374
    0.3927
    0.1854
    0.3281
    0.7748
    0.5663
    0.2626
    0.0847
    0.1945
    0.3462
    0.4671
    0.0798
    0.0188
    0.1182
    0.3189
    0.0039
    0.6836
    1.1021
    0.1960
    0.2857
    0.4370
    1.0703
    0.1184
    0.0102
    0.1829
    0.6622
    0.0959
    0.0013
    0.7116
    0.2587
    4.6471
    0.4881
    0.2294
    0.7058
    0.1398
    0.2311
    0.4789
    0.7195
    0.3485
    0.4499
   32.3892
    1.4557
    4.4252
    0.1197
    0.3281
    0.0053
    0.1054
    0.1570
    1.1224
    0.0308
    0.5937
    0.1413
    0.4163
    0.1955
    0.1856
    1.1075
    0.2398
    0.1766
    1.8862
    0.0848
    0.3495
    4.4046
    0.6255
    2.3463
    0.0074
    0.4208
    0.9234
    0.0366
    0.1800
    0.3165
    0.6549
    0.7850
    0.2156
    3.8938
    0.2977
    0.0145
    0.3218
    0.0154
    0.0512
    0.2740
    0.4620
    0.1771
    0.4004
    0.1746
    0.3101
    0.0058
    0.9844
    0.7781
    0.0413
    0.0584
    0.0591
    0.1647
    0.7041
    0.8912
    0.0934
    0.1765
    0.1990
    3.8835
    0.6735
    0.5407
    0.5761
    0.0602
    0.8772
    0.3536
    0.4991
    0.3045
    0.3590
    0.4600
    0.0933
    0.6807
    0.1661
    0.9596
    0.2810
    0.4741
    0.4734
    0.7776
    0.0806
    6.2977
    0.6431
    1.2686
    7.1831
    0.1437
    0.0915
    0.1739
    4.3557
    1.3127
    0.4860
    0.1459
    0.4083
    0.0079
    0.3795
    0.5179
    7.6118
    0.6049
    4.6867
    2.0983
    0.1293
    0.0252
    1.4993
    0.0935
   25.1087
    0.0210
    0.2561
    0.3925
    0.1184
    0.0564
    0.1066
    0.3514
    0.8217
    1.0671
    0.1271
    2.4814
    1.4652
    0.5172
    0.0792
    0.5297
    0.0112
    0.6755
    0.1344
    0.4953
    0.6322
    0.5375
    0.0654
    0.3147
    0.3522
    0.1835
    0.1278
    0.0519
    0.6730
    0.4425
    0.8292
    1.5622
    0.9337
    0.0109
    9.7369
    0.2562
    0.5133
    0.5174
    0.8158
    0.3282
    0.7209
    0.1268
    0.1302
    0.3212
    0.1209
    0.2933
    0.5481
    0.4829
    0.2051
    0.7744
    0.1331
    0.3852
    1.6755
    0.1108
    0.9968
    0.0842
    0.2674
    0.2757
    0.1395
    1.0229
    0.5041
    0.2402
    0.0433
    0.5325
    0.0812
    2.0233
    0.5825
    0.0591
    0.3601
    0.2786
    0.3568
    0.5562
    0.0159
    0.8611
    0.7145
    0.9746
    0.1895
    0.7335
    0.3547
    0.1681
    1.0534
    0.1734
    0.3868
    0.3284
    2.1671
    0.0563
    0.6758
    1.9469
    0.4916
    1.3252
    0.7833
    0.1691
    0.4537
    0.5278
    0.2411
    4.3434
    2.2091
    0.4739
    4.3793
    2.9263
    0.9709
    0.2280
    0.0062
    0.3132
    1.3290
    0.4766
    0.0218
    0.1112
    0.3204
    0.1327
    0.4383
    0.0434
    0.0459
    0.3830
    0.1075
    0.1835
    0.4740
    0.3014
    1.3311
    0.5375
    0.5998
    0.2699
    0.1965
    0.3106
    0.8315
    0.3996
    0.1414
    0.7621
    0.0536
    0.0611
    0.0163
    0.1323
    0.2886
    0.2985
    0.1611
    1.1146
    0.1896
    0.0278
    0.8769
    0.5584
    0.4453
   20.8619
    0.0659
    0.0649
    0.1876
    0.0105
    0.4904
    1.3132
    0.3897
    0.8559
    0.8452
    0.7707
    0.1110
    0.0076
    0.2554
    1.5624
    0.2348
    0.0166
    0.1205
    1.6031
    0.7628
    0.5829
    0.2670
    0.1288
    0.7188
    0.2214
    0.8740
    0.5490
    0.3546
    0.1714
    0.2690
    0.1210
    0.3099
    0.1165
    0.8717
    0.1530
    0.0236
    0.3799
    0.4356
    0.3066
    2.0635
    0.4573
    0.2776
    0.0317
    1.7116
    0.2207
    0.0540
    0.5042
    0.1600
    0.6877
    0.4227
    0.5593
    0.9197
    0.2740
    0.5064
    0.3948
    1.5001
    0.7399
    0.2200
    0.0698
    0.4176
    0.5991
    0.4265
    0.4282
   11.4447
    0.0648
    0.4483
    3.7813
    0.2124
    0.3775
    1.1097
    0.4930
    1.4248
    0.0791
    0.1226
    0.5399
    0.2997
    0.5509
    0.1497
    0.4919
    0.1873
    0.9022
    0.2289
    0.2951
    1.2166
    0.4689
    0.4279
    2.0359
    0.2911
    0.1017
    2.5638
    0.0412
    0.6414
    0.0434
    1.2578
    0.0213
    0.6041
    0.2387
    1.1677
    0.2413
    0.8358
    0.0127
    0.0264
    0.8808
    0.3625
    0.1282
    0.0101
    1.3823
    2.9034
    0.1317
    0.6422
    0.1957
    3.6486
    0.2976
    0.2725
    2.7381
    0.1311
    0.0086
    0.0204
    0.6310
    0.0977
    0.1364
    0.0241
    0.4691
    0.8102
    0.2463
    0.1231
    0.3312
    0.1077
    0.7611
    0.9196
    0.3423
    0.0238
    0.0035
    3.8142
    0.2873
    0.0774
    0.2357
    0.4727
    0.1018
   41.1299
    0.8401
    0.7753
    0.2066
    0.8487
    0.4531
    0.2567
    0.6850
    0.1379
    0.0924
    0.1254
    0.1459
    1.8271
    3.3288
    0.1885
    0.1267
    1.3020
    0.4728
    1.2047
    0.2443
    0.4075
    2.1239
    1.2227
    0.2193
    0.2706
    0.3517
    0.2952
    0.4685
    0.2673
    0.1917
    0.2580
    0.1685
    2.2167
    0.7692
    0.0464
    0.2767
    0.4168
    2.2853
    0.0053
    0.5395

