   0.2909
   1.5326
   0.7741
   0.5304
   0.1233
   1.2454
   0.1797
   1.1018
   0.5063
   1.0088
   0.8264
   1.0000
   1.0160
   0.5175
   0.7613
   2.4196
   0.2631
   2.0252
   1.0000
   1.1693
   0.5465
   1.3077
   1.0572
   1.0000
   0.4079
   1.5154
   2.4886
   0.4113
   0.5245
   1.8836
   1.1509
   2.6963
   0.5063
   0.5157
   1.2090
   0.4195
   1.6883
   1.3929
   3.2993
   0.1245
   0.4394
   1.4103
   1.0746
   0.5479
   0.6166
   0.6767
   1.9199
   2.1246
   1.5677
   1.9235
   0.2307
   0.0846
   0.5070
   0.3372
   2.1948
   0.6321
   0.8953
   1.0000
   1.6965
   0.6481
   1.0000
   1.6628
   0.4158
   1.0000
   2.8179
   0.0958
   0.7876
   0.8287
   1.0000
   1.1541
   2.1885
   0.0685
   0.0868
   1.6915
   0.4434
   0.6152
   1.0000
   2.4358
   1.1052
   0.1203
   1.5299
   0.3879
   1.0000
   1.5057
   1.2428
   0.6909
   0.8419
   0.1186
   1.0000
   1.0000
   1.0770
   0.6351
   1.6239
   0.2104
   0.2037
   1.1682
   2.8985
   0.7083
   1.6872
   2.1390
   0.3180
   0.8215
   2.1762
   0.7155
   1.0000
   1.1012
   0.2918
   1.5739
   1.0000
   1.2274
   1.0261
   0.1605
   1.4791
   2.9632
   0.8298
   0.7503
   0.8828
   2.2989
   1.1943
   1.0574
   0.9313
   0.0770
   0.8632
   0.1156
   0.5423
   1.0000
   2.8901
   2.0502
   1.0695
   1.8482
   1.5358
   2.0985
   1.2359
   0.6306
   0.5940
   1.1988
   1.0000
   0.9906
   1.4444
   1.0000
   0.1520
   1.4280
   0.3371
   0.3942
   1.0000
   0.1046
   0.5519
   1.7416
   1.7994
   1.2518
   1.0520
   1.0000
   0.0636
   0.1019
   2.0016
   0.1844
   1.9114
   0.8134
   0.6987
   1.3674
   0.5819
   0.7092
   1.3016
   0.3466
   2.3758
   2.3624
   0.2222
   1.0000
   0.8012
   1.9710
   0.3296
   0.7924
   1.7270
   1.0000
   0.6131
   2.8690
   0.2660
   0.6661
   0.0852
   0.1476
   1.7721
   1.0000
   1.3901
   0.2973
   1.9906
   0.3344
   3.0062
   0.3371
   1.1617
   0.8721
   1.5699
   0.2043
   1.9987
   2.4330
   0.0562
   1.0000
   1.1270
   0.1108
   0.0574
   0.5808
   1.7723
   1.6923
   0.3885
   0.1485
   0.7762
   0.6462
   1.5771
   1.0159
   0.8146
   1.0000
   1.7385
   1.0000
   2.7342
   2.1449
   0.9457
   2.3035
   1.7381
   1.3049
   1.2975
   1.5402
   1.0000
   0.0583
   1.0000
   0.4875
   1.2377
   0.2179
   0.1737
   0.3791
   0.0554
   1.4937
   1.0000
   0.8558
   1.0828
   0.2322
   0.0663
   0.9103
   1.9441
   2.9133
   0.6068
   0.0655
   1.0000
   0.4542
   1.3721
   0.2815
   0.7892
   0.6827
   1.0344
   1.0000
   1.9751
   1.3280
   1.5020
   1.8679
   1.0000
   0.1310
   1.3217
   0.3504
   0.4348
   1.0000
   0.8710
   0.4922
   0.0332
   0.6760
   0.6389
   0.2510
   1.6807
   0.5202
   2.5731
   0.8564
   0.8146
   0.0114
   1.1593
   0.6248
   1.6628
   0.1566
   1.0000
   0.4603
   1.0000
   1.1476
   0.2571
   0.6001
   0.5188
   0.8874
   1.1964
   0.1825
   1.0361
   0.0378
   1.0000
   0.4405
   1.3015
   0.7297
   1.0000
   0.3356
   0.4127
   1.0000
   2.1685
   0.3925
   0.4749
   1.3929
   0.1676
   0.2112
   0.8442
   1.0561
   1.8142
   0.0936
   0.8419
   0.4425
   2.1372
   1.7592
   0.1661
   0.5853
   1.0000
   0.8808
   0.3877
   0.9067
   0.5282
   1.1692
   1.5233
   1.0000
   2.6056
   0.8974
   0.2923
   0.3540
   0.9932
   0.4928
   0.1618
   2.4115
   0.4557
   1.0000
   0.8402
   1.5756
   0.5738
   0.4384
   1.0000
   0.3719
   0.1788
   0.5805
   0.9174
   0.3064
   1.0000
   0.5092
   0.2448
   2.2015
   2.2689
   0.8099
   2.2571
   1.2665
   1.2424
   1.1330
   1.0833
   1.0705
   2.0000
   0.2810
   0.8754
   0.0510
   0.1881
   0.0007
   2.1906
   1.1814
   0.0316
   0.4198
   0.8263
   0.3838
   0.8616
   2.6811
   1.5255
   1.4033
   0.7759
   0.2708
   0.2743
   0.3605
   1.6651
   2.9477
   0.9533
   0.0969
   0.1483
   0.2010
   1.4046
   1.7694
   2.7683
   1.9631
   0.2929
   0.9746
   0.7781
   0.8923
   1.9110
   0.7694
   0.5066
   0.6791
   2.1380
   0.1871
   0.6914
   1.0000
   1.2869
   0.6156
   0.5348
   0.6264
   1.7134
   1.9046
   0.9588
   1.8559
   0.3557
   0.0759
   0.3114
   2.8620
   2.6012
   0.9912
   0.0474
   0.4254
   0.5053
   1.0000
   1.5580
   0.2368
   0.1940
   2.2383
   0.3199
   0.9600
   1.0681
   1.2298
   1.4758
   0.0302
   1.2037
   2.2612
   1.6633
   0.1508
   0.2574
   0.9846
   2.2899
   0.0948
   0.3532
   1.1346
   2.1336
   0.2216
   0.1993
   0.9697
   1.0000
   0.9079
   1.0000
   2.1435
   1.2196
   0.0324
   1.0000
   1.1816
   0.9930
   1.2462
   0.1447
   0.1784
   1.8263
   0.2094
   0.9879
   1.0000
   1.0000
   0.7647
   0.9849
   0.7349
   1.6501
   0.1557
   1.0000
   1.3182
   1.0000
   1.0725
   1.1305
   0.7795
   0.0013
   1.0000
   0.1782
   0.6247
   1.7422
   1.7096
   0.6656
   0.1916
   0.4668
   2.5161
   0.3324
   0.7403
   1.0000
   1.6567
   0.4532
   1.3902
   1.1456
   2.6023
   0.0935
   1.3133
   0.2396
   1.2060
   1.4063
   0.7683
   0.1178
   0.4903
   0.1802
   0.6983
   0.5329
   0.8127
   0.1641
   1.1979
   1.0000
   0.0772
   1.8768
   1.3574
   0.6222
   0.0681
   1.2029
   1.3083
   1.6039
   0.7907
   0.4787
   2.2477
   0.6388
   0.3802
   0.0273
   1.9321
   0.7182
   3.1040
   0.0993
   0.0412
   1.7722
   0.2637
   1.2020
   1.5423
   0.1162
   0.0894
   1.2129
   0.0890
   0.2476
   1.6737
   0.6008
   1.3120
   1.7827
   0.0262
   0.4925
   0.3462
   0.7627
   1.0000
   2.1622
   1.3982
   1.0000
   1.9149
   2.1459
   0.8699
   0.9067
   1.5735
   1.1138
   1.2511
   0.4417
   0.7662
   0.4519
   1.3116
   1.0000
   0.4746
   0.4309
   1.0000
   0.0373
   1.0501
   1.9528
   1.0000
   1.7970
   1.9230
   0.6887
   0.1288
   1.2345
   2.1815
   0.6599
   0.5102
   1.8766
   0.3514
   1.0000
   1.1324
   0.7309
   0.4404
   1.0000
   0.3450
   1.0000
   1.4988
   1.6079
   0.9800
   3.0656
   1.3609
   2.9587
   1.0000
   1.1668
   0.9463
   0.0556
   0.6636
   0.5068
   1.0000
   0.2429
   0.1585
   1.0000
   0.0509
   0.2277
   0.9032
   1.1821
   2.0152
   1.5657
   0.1289
   1.0000
   0.2523
   1.0000
   2.0389
   2.7714
   1.1573
   0.4896
   1.0000
   1.0000
   0.5473
   1.0000
   0.3468
   0.4490
   0.3702
   0.7876
   0.3756
   0.8340
   2.8456
   1.0000
   0.1434
   0.3103
   1.0000
   0.5173
   0.4359
   0.8891
   0.4326
   0.0046
   0.3610
   0.4089
   0.6448
   0.8180
   0.2985
   1.0000
   0.2324
   1.2463
   0.7555
   0.0210
   1.2089
   0.3976
   1.7844
   1.8368
   3.3666
   1.0000
   0.5821
   1.3754
   0.2415
   0.8659
   0.5995
   2.7504
   0.7192
   0.2246
   2.3164
   1.3002
   2.6244
   0.2694
   0.8035
   1.5915
   0.8765
   0.1489
   0.0989
   1.0000
   1.6907
   0.8224
   1.0037
   0.9293
   1.4157
   0.6254
   1.9342
   1.0000
   1.0085
   0.4219
   0.4297
   1.0000
   0.4665
   0.0422
   0.2156
   1.0000
   0.0257
   2.6977
   1.0000
   0.6077
   0.4660
   0.1592
   1.7718
   1.0000
   1.0000
   0.2210
   0.9294
   2.1803
   1.2108
   2.3045
   0.4926
   0.6619
   1.0911
   1.2274
   1.0000
   0.1645
   0.6440
   0.0838
   1.8862
   1.0832
   0.3886
   0.7703
   0.1547
   0.0178
   0.7881
   0.9534
   1.8603
   1.0000
   0.4403
   0.2322
   2.9922
   1.0026
   1.5187
   1.0000
   1.0000
   0.1828
   1.9315
   0.8827
   1.4884
   0.4261
   2.6338
   1.3360
   2.2073
   0.2334
   1.0000
   0.1193
   1.2491
   0.8513
   0.0627
   1.6538
   0.2731
   1.0000
   1.0840
   1.4313
   1.8670
   0.7114
   0.1709
   0.1225
   1.0000
   0.1312
   1.0972
   1.6861
   1.0000
   0.9734
   0.4738
   1.2692
   0.3551
   0.2009
   0.3499
   1.0000
   1.9685
   2.2305
   0.4576
   2.6196
   0.0246
   1.6191
   1.2480
   0.7383
   4.3937
   0.3934
   1.7669
   1.6993
   1.0074
   0.2683
   0.7799
   1.9530
   1.0795
   1.0694
   0.7817
   1.0000
   1.3404
   0.4745
   1.0000
   1.2383
   0.6167
   0.8877
   0.3139
   1.0136
   0.5372
   1.6212
   2.1123
   2.7693
   1.0000
   0.2149
   0.0472
   2.6773
   0.3311
   2.2076
   0.6892
   0.1227
   1.4182
   0.3007
   1.9855
   2.6233
   0.7711
   2.3415
   0.1300
   1.7025
   0.4116
   0.4719
   2.0753
   1.7486
   0.2156
   0.6152
   0.7232
   1.6692
   0.7606
   1.0000
   0.6746
   1.1076
   1.4406
   1.0000
   0.6917
   0.6637
   0.7722
   0.0477
   0.5721
   2.6962
   1.0000
   2.7069
   0.8301
   1.7125
   0.8680
   1.8995
   0.9304
   1.0136
   1.7460
   0.4726
   2.6159
   1.2667
   0.6109
   1.9535
   0.5306
   0.5715
   0.4730
   0.6144
   1.4532
   2.3811
   1.3848
   2.3771
   0.5777
   1.0000
   0.1335
   0.5818
   2.3815
   0.2753
   0.3516
   1.7080
   0.0290
   1.4285
   0.6032
   1.3745
   1.0000
   1.4518
   1.5869
   2.6428
   1.5194
   1.0000
   2.5656
   0.6093
   1.0000
   0.8554
   0.9502
   0.1140
   0.8951
   0.2051
   0.3382
   1.9705
   1.0130
   0.6358
   1.0000
   0.9300
   0.4789
   2.2562
   1.6222
   1.3512
   2.0332
   1.0004
   0.1661
   0.3983
   0.7834
   0.3481
   0.8791
   0.1392
   1.7304
   4.4661
   1.0614
   1.1347
   0.7448
   0.1210
   0.1965
   0.0150
   1.1982
   0.4328
   2.0915
   0.2537
   1.0000
   0.1144
   0.8626
   0.3896
   0.0598
   1.2951
   1.0000
   1.4452
   0.6221
   1.3070
   0.2780
   0.2032
   1.0000
   1.5460
   0.5347
   0.6928
   1.0000
   1.0000
   0.8020
   0.3178
   1.1679
   1.5405
   0.2917
   1.2499
   0.2489
   0.4318
   0.2468
   2.4802
   1.1860
   2.9124
   0.4142
   1.0574
   0.4753
   1.0000
   0.1600
   0.4170
   0.0412
   1.2819
   0.4564
   1.0000
   0.6641
   0.6179
   0.0615
   2.1766
   1.2964
   1.5877
   0.4828
   2.5245
   1.0000
   1.1341
   1.0748
   0.0185
   1.3835
   0.2938
   1.7666
   1.1986
   0.0772
   0.2571
   0.3097
   1.0842
   0.9954
   2.7930
   0.0336
   0.0527
   0.2130
   0.8660
   0.3072
   1.2189
   1.4538
   1.4582
   1.6856
   0.1693
   1.0000
   0.5375
   1.7413
   1.0000
   1.1828
   0.9405
   2.7710
   2.0348
   0.2875
   1.0462
   2.3414
   0.6425
   1.0000
   0.2547
   1.1397
   0.6726
   0.3308
   0.6769
   1.0000
   1.3385
   1.0000
   1.6462
   1.5446
   2.4781
   2.0032
   0.4663
   0.3003
   0.4741
   1.0000
   0.5172
   0.4556
   1.9439
   0.2060
   1.3043
   0.8491
   1.0000
   1.1894

