   0.5723
   0.2550
   0.8238
   1.8039
   0.4686
   0.5728
   0.6842
   1.0995
   1.4141
   1.0814
   1.4192
   0.1756
   1.4563
   0.2939
   1.8308
   0.2284
   0.8774
   1.9329
   1.8736
   2.7889
   0.6717
   0.5191
   0.9976
   0.4002
   0.4549
   0.8698
   0.4441
   0.7434
   1.4089
   1.7194
   0.6359
   0.5052
   0.5278
   1.0655
   1.1236
   0.9009
   1.3743
   0.8776
   0.8525
   0.8314
   0.6688
   2.1903
   0.4663
   1.1533
   0.5630
   0.4456
   0.7481
   0.3549
   0.7317
   0.6176
   0.4968
   0.7490
   0.9748
   1.2339
   0.9063
   1.4827
   0.2788
   0.4237
   1.2562
   0.8165
   0.6967
   1.4283
   2.4577
   1.3053
   0.8860
   0.9372
   0.6192
   1.1006
   2.5462
   1.7473
   1.6983
   1.4281
   0.5521
   1.0601
   1.8426
   0.7425
   0.6850
   0.5900
   0.7539
   0.1152
   1.3766
   0.2828
   0.5534
   1.3255
   0.3692
   0.4171
   0.4617
   0.1945
   0.4016
   0.9187
   1.2822
   0.5663
   0.5538
   2.0049
   1.2815
   0.4350
   1.1612
   0.3547
   0.5526
   0.4543
   0.3689
   1.3555
   1.1693
   0.3249
   1.9653
   0.9697
   0.9112
   1.0707
   1.1839
   0.7702
   1.2604
   1.3278
   1.0455
   1.1723
   0.8243
   0.5188
   0.2207
   0.8778
   1.4148
   0.3034
   0.7847
   0.7329
   2.3565
   0.9870
   0.3680
   0.3421
   0.6686
   2.9743
   0.7059
   3.0085
   0.2981
   0.2243
   0.6798
   1.7540
   1.2029
   1.3696
   1.1152
   0.7654
   0.5621
   1.1542
   0.8937
   0.6621
   0.8788
   0.5535
   1.2626
   0.4986
   1.1371
   1.1537
   1.2790
   1.2855
   0.5905
   0.6381
   2.1143
   2.9731
   0.3843
   1.5667
   0.3999
   0.8453
   0.6559
   1.4470
   0.5787
   1.1865
   0.4350
   1.2081
   2.5443
   0.4913
   0.4531
   0.5511
   0.9700
   1.0843
   1.1980
   0.6138
   0.9765
   0.3634
   0.6460
   0.1234
   0.6368
   2.8615
   1.0844
   1.2526
   0.6411
   1.3425
   1.7313
   0.7678
   0.7150
   0.5074
   0.3944
   0.7299
   1.1647
   2.2257
   0.8046
   1.5783
   1.0500
   0.3187
   2.3769
   0.5134
   1.9157
   0.8218
   1.4664
   0.5926
   0.4236
   0.3615
   1.1758
   0.5846
   0.8592
   0.4764
   1.3259
   0.6698
   0.5556
   1.9320
   0.9896
   2.3546
   1.0369
   1.4590
   0.5858
   2.2552
   1.1770
   2.5822
   0.2815
   0.9769
   0.3645
   0.7365
   1.3062
   0.9625
   0.9447
   0.4605
   0.9398
   0.5879
   0.4850
   1.1040
   0.8334
   0.9252
   0.8253
   0.4326
   0.3198
   0.7781
   1.0253
   1.5616
   0.8177
   0.4100
   0.4689
   1.0965
   1.3287
   2.0306
   0.3506
   1.4417
   1.5167
   2.1995
   0.5396
   1.1366
   1.9526
   1.0522
   1.0493
   0.8984
   1.1037
   2.4736
   0.3345
   0.9306
   0.6969
   0.3668
   0.8056
   0.7000
   0.9140
   0.6119
   1.2284
   1.5838
   1.6630
   1.0292
   0.7283
   1.5249
   0.9435
   1.8370
   0.6725
   1.3367
   0.8037
   1.0342
   0.4319
   1.6890
   0.6811
   1.8193
   0.9957
   0.6519
   1.1705
   0.7942
   0.9531
   0.5592
   1.1760
   1.2222
   0.8750
   0.5976
   1.9735
   1.0259
   0.8450
   0.6592
   0.3173
   0.6665
   2.0455
   0.3050
   0.2811
   0.4697
   0.5933
   0.8562
   1.1546
   1.6322
   2.0861
   1.1963
   0.8172
   0.8621
   1.6296
   0.4892
   1.0515
   1.0736
   0.5549
   0.5050
   0.9037
   0.2370
   0.8860
   1.0233
   1.1853
   0.6512
   0.7441
   1.6325
   2.0643
   0.3059
   1.1133
   1.5588
   1.1793
   0.7177
   2.4606
   0.6362
   0.5863
   0.9285
   1.2377
   0.9040
   0.8134
   1.3049
   0.8874
   0.4243
   1.6111
   0.9552
   0.6687
   0.9264
   1.3528
   0.9912
   0.5328
   0.7837
   3.1156
   1.1003
   0.6132
   0.5617
   1.2160
   1.0145
   1.1733
   0.7022
   0.8213
   0.2934
   1.2756
   1.3065
   0.8448
   0.5464
   0.6049
   0.5754
   1.0769
   0.7364
   1.0259
   1.1231
   0.6377
   0.6281
   1.3543
   1.2763
   0.5936
   0.4611
   0.6511
   3.0680
   0.3939
   2.8561
   1.1751
   1.1493
   1.7711
   1.3964
   0.6976
   0.7549
   0.6813
   1.2114
   0.5213
   2.0175
   1.0424
   1.4175
   1.6565
   1.4099
   1.4800
   0.8087
   0.7421
   0.8626
   1.3586
   1.1893
   3.1459
   2.2314
   0.7402
   1.0398
   0.9278
   1.5903
   1.0022
   1.8942
   1.1801
   0.9014
   1.2792
   0.9760
   0.5754
   0.9073
   0.8853
   1.1298
   0.4595
   0.7855
   1.7140
   1.8282
   1.5537
   0.5902
   0.5420
   0.2198
   1.5953
   0.2762
   0.9046
   0.9067
   2.0808
   1.1068
   1.0597
   1.5182
   0.4996
   0.7273
   0.8381
   0.3706
   1.2323
   1.5217
   1.3295
   2.3731
   0.6719
   1.0765
   1.5227
   0.5342
   0.5187
   1.0750
   0.3534
   0.9240
   0.7476
   0.8863
   0.5568
   1.2525
   2.0570
   0.9672
   1.1291
   0.9462
   0.8096
   1.0367
   0.4829
   1.0217
   0.8454
   1.1150
   0.8986
   0.5281
   0.3953
   0.7615
   1.8226
   0.7026
   0.7941
   0.5980
   1.1712
   0.5034
   1.1171
   0.6258
   1.3879
   0.6797
   2.4577
   1.0542
   0.7012
   0.9669
   0.8591
   0.6145
   0.7728
   0.3580
   0.6589
   1.1467
   0.8370
   0.8661
   1.6377
   1.7663
   0.3484
   2.3736
   0.4867
   2.5188
   0.3853
   0.5937
   1.2841
   0.3188
   1.0367
   1.1989
   1.3622
   1.0303
   0.5341
   1.5071
   0.5001
   2.3505
   1.7376
   0.2683
   1.7959
   0.8586
   0.5987
   0.8622
   1.4643
   0.8436
   0.9342
   1.8323
   0.3716
   1.1120
   1.0443
   0.9591
   1.1247
   0.7498
   2.1006
   1.3575
   0.3623
   1.6412
   0.6875
   0.7456
   0.5824
   1.2452
   1.7142
   1.4899
   0.8959
   0.4665
   0.9152
   1.0297
   1.1128
   0.7502
   1.5476
   1.6850
   1.5676
   1.5724
   0.4781
   0.5002
   1.1301
   1.8298
   0.7713
   1.0511
   0.3265
   1.8949
   0.4384
   2.0142
   0.4884
   0.6757
   1.0581
   0.5884
   1.9854
   0.3267
   1.0503
   1.0433
   0.7834
   0.6248
   0.8272
   1.0634
   1.3721
   1.7598
   0.8912
   0.4870
   0.4444
   0.2674
   1.1798
   1.6882
   1.3925
   2.0634
   0.3692
   0.7938
   0.5203
   0.7849
   1.4435
   3.2136
   2.2199
   1.4954
   1.0292
   0.9073
   0.5281
   0.7442
   0.6483
   0.6207
   0.6918
   0.7347
   0.6446
   0.7608
   0.4033
   0.1796
   0.8427
   0.7404
   1.2136
   0.8680
   0.5565
   0.8616
   1.0184
   1.3818
   0.6201
   0.4911
   1.6706
   2.0817
   1.1645
   0.5913
   1.4593
   2.2752
   1.0143
   1.1874
   0.6405
   1.4662
   0.6821
   1.0646
   1.3630
   0.5900
   0.7976
   0.5087
   1.0330
   0.9453
   0.2244
   0.8794
   0.3272
   0.7518
   1.1521
   0.7622
   0.5321
   1.5736
   0.6393
   0.6632
   0.9449
   0.7693
   1.3046
   0.8120
   0.3643
   1.0012
   1.8485
   1.4929
   0.7029
   1.5777
   0.6130
   1.4419
   0.9240
   0.9789
   3.8330
   0.7991
   0.2501
   1.3596
   0.7415
   0.6749
   0.4962
   0.7395
   1.6174
   1.3099
   1.8584
   1.0198
   1.0939
   0.6512
   0.6717
   1.1201
   0.2257
   0.3521
   0.2638
   1.1033
   0.4744
   1.2449
   0.3061
   2.8551
   1.6234
   1.3165
   0.5093
   2.0261
   0.1464
   1.3253
   0.9421
   1.2586
   1.9843
   0.5877
   1.6074
   1.5783
   1.6612
   0.8749
   1.0517
   0.5571
   1.3507
   1.4037
   0.6252
   2.4644
   0.4112
   1.4616
   0.5944
   0.7580
   0.8391
   0.8478
   0.8490
   1.4061
   0.5552
   0.4786
   1.2421
   2.0763
   1.6022
   0.6876
   0.6203
   0.5490
   0.4241
   0.4729
   2.1116
   1.1350
   0.4429
   1.1573
   0.7655
   0.4859
   0.6311
   0.6107
   0.1895
   1.0605
   1.2267
   2.7346
   1.5966
   0.6146
   2.0214
   0.7322
   1.3417
   1.4582
   0.7552
   0.5065
   0.5729
   0.2911
   0.5645
   1.1761
   0.5664
   0.3924
   1.0092
   0.8926
   0.6028
   1.2074
   0.8917
   0.6592
   1.2244
   0.5458
   0.7664
   1.0921
   0.8678
   0.6433
   1.0663
   0.6348
   1.0685
   0.7370
   1.4517
   1.1321
   1.0286
   0.3624
   0.7985
   1.1738
   0.9250
   2.4781
   0.4781
   1.5343
   0.6232
   0.5414
   0.4543
   0.7787
   1.1310
   0.9684
   1.0064
   0.8665
   1.7422
   0.7660
   1.4398
   0.9669
   0.6166
   0.3137
   1.1466
   0.5704
   1.0397
   0.2429
   0.5260
   0.5192
   1.5185
   0.8505
   1.5995
   0.5764
   0.6764
   1.6279
   1.4168
   1.1652
   0.4407
   0.5802
   0.7886
   0.4729
   0.2645
   2.0127
   0.5212
   0.2353
   0.7508
   1.1052
   1.2398
   1.2829
   0.8236
   1.5337
   0.4267
   0.9421
   1.7918
   1.0054
   1.0274
   1.1570
   0.8368
   1.0071
   0.7058
   0.3139
   1.3409
   1.0861
   1.4188
   0.4994
   0.9645
   0.4158
   0.4804
   0.8725
   0.9545
   1.9787
   1.1468
   1.0969
   0.8032
   2.8983
   1.5200
   1.1456
   0.7599
   0.8789
   0.9609
   0.3760
   0.1497
   1.3697
   1.7896
   1.6809
   0.4878
   0.2553
   0.5708
   0.2978
   0.8561
   1.1221
   0.8597
   1.8209
   0.8995
   1.0349
   1.3374
   0.8851
   0.4833
   0.2404
   1.0476
   0.8017
   0.8936
   0.9737
   1.1494
   2.5798
   0.6784
   0.8608
   1.0203
   0.6234
   2.7795
   0.8962
   1.7600
   0.9329
   1.4030
   0.7700
   0.3899
   0.5061
   0.7530
   1.0159
   0.9508
   0.8065
   1.2773
   0.6352
   0.2879
   0.4711
   0.5435
   1.2086
   1.5350
   3.7386
   0.4876
   0.7258
   1.3142
   1.1875
   0.9473
   0.3360
   1.1132
   0.7647
   2.9929
   2.1561
   0.5858
   1.0461
   0.3569
   1.2459
   0.4520
   2.2245
   1.2473
   0.9430
   2.5604
   1.3669
   0.9532
   0.6190
   0.4925
   0.9792
   0.3846
   0.8145
   0.6444
   0.4330
   0.7356
   0.6802
   0.2650
   1.5521
   0.5458
   1.0941
   1.5824
   1.1943
   1.0719
   0.3747
   1.0012
   0.7254
   2.0190
   0.8164
   0.8632
   0.9171
   0.8247
   1.2374
   0.8606
   0.3292
   0.6138
   0.4696
   0.5490
   0.3756
   1.3005
   1.5387
   0.5674
   1.8571
   0.5438
   1.2156
   0.1510
   0.9091
   0.4270
   0.9464
   0.6739
   0.7951
   0.8155
   0.5112
   0.9117
   0.5804
   0.9921
   0.9292
   0.6845
   1.2868
   1.4315
   1.2787
   0.5752
   0.7876
   1.0950
   2.8473
   0.6553
   0.2358
   0.5038
   0.3979
   0.5408
   0.9942
   1.1664
   0.3011
   0.5133
   0.8872
   0.9144
   0.5335
   1.3868
   0.4730
   0.9892
   0.6235
   2.0302
   1.4153
   0.5728
   1.0643
   1.0659
   0.8294
   0.9100
   0.7097
   0.6975
   0.4258
   0.3671
   0.9524
   0.2532
   0.7936
   0.7709
   0.6925
   0.8775
   1.0036
   0.5742
   1.0854
   0.5578
   0.7271
   0.3068
   1.6041
   0.8776
   2.0538
   0.7098
   0.3136
   0.6494
   1.1933

