   1.8397
   1.0476
   1.2921
   0.9782
   1.5936
   1.2279
   0.8038
   0.7542
   0.7014
   0.7250
   1.1083
   1.3239
   0.3798
   1.0221
   0.7294
   1.0182
   1.3319
   0.5866
   1.0000
   0.3875
   1.2030
   1.0269
   0.7522
   1.6766
   1.2634
   1.4524
   0.6422
   2.6875
   0.5832
   0.8232
   0.3726
   1.1003
   0.5400
   0.6057
   1.6785
   1.2939
   0.8152
   1.0000
   1.1055
   0.9791
   0.3994
   1.1306
   1.3093
   0.9579
   1.4344
   1.8284
   0.7018
   0.6012
   1.2256
   0.9974
   1.2346
   0.8751
   1.6299
   0.3774
   0.3853
   0.7533
   0.9601
   1.2850
   1.0456
   0.7597
   0.7892
   1.1465
   0.5144
   1.1676
   1.6759
   0.7248
   1.0894
   1.7288
   0.6676
   0.9665
   1.4651
   0.6439
   0.5669
   0.9430
   0.7850
   1.3367
   0.9396
   1.1379
   1.1190
   1.9985
   1.2933
   0.2732
   0.5521
   1.0962
   1.1789
   0.9520
   1.1033
   0.6993
   0.9763
   0.8880
   0.8660
   1.0502
   1.2748
   0.7847
   1.2130
   1.0543
   0.3701
   1.1892
   0.6992
   0.4629
   0.7310
   0.7783
   0.7075
   0.7993
   1.1157
   1.1930
   0.4559
   0.7116
   0.7376
   2.1852
   0.7268
   2.2962
   0.8277
   0.6721
   0.9302
   1.5467
   0.9596
   1.1150
   1.6714
   1.1909
   0.4527
   1.0019
   0.5585
   1.2354
   1.9673
   0.4894
   0.9151
   0.8636
   0.8890
   1.1499
   0.4977
   0.9221
   1.0337
   0.7276
   0.8508
   1.0946
   0.8397
   0.7202
   0.4121
   0.8165
   1.0568
   1.3728
   0.7517
   0.4408
   1.0000
   0.9189
   1.4142
   1.0000
   1.5732
   0.9981
   0.5292
   0.4088
   0.2759
   0.8734
   1.0744
   2.0854
   0.4002
   1.0695
   0.6791
   0.3869
   1.7452
   1.2667
   0.9008
   0.8463
   1.2760
   0.8134
   0.6595
   0.9231
   1.7094
   1.1249
   0.9438
   0.9731
   0.9339
   1.1337
   0.5442
   1.1156
   1.3489
   0.7628
   0.7565
   1.4280
   0.6559
   0.8929
   0.8114
   0.7169
   0.8861
   1.0000
   0.8419
   1.4141
   0.6649
   0.7234
   1.7880
   0.8037
   0.6044
   0.6451
   1.0390
   0.2265
   1.2556
   1.5520
   0.7362
   2.0687
   1.6939
   1.1237
   2.0748
   1.3815
   0.7791
   0.6877
   1.1057
   0.4238
   0.9556
   0.8341
   1.2002
   1.0668
   1.2891
   0.6773
   0.9837
   1.7762
   1.0453
   1.6136
   0.8251
   0.6651
   0.3142
   0.5960
   0.9969
   0.8389
   0.8203
   1.1712
   0.6183
   1.6293
   1.6469
   1.0603
   1.7390
   1.0002
   0.4427
   0.8063
   0.8861
   0.6705
   1.0956
   0.8624
   0.8291
   0.6759
   0.8917
   0.6986
   1.2341
   1.2543
   1.0092
   0.5820
   1.0697
   0.4811
   0.3245
   0.9357
   0.5583
   1.1814
   1.2196
   1.1689
   0.4972
   0.4574
   1.4106
   1.4981
   0.8595
   0.7130
   0.7835
   1.1764
   0.3378
   1.3459
   0.9135
   1.2067
   1.5175
   1.1368
   0.7724
   0.9692
   0.6624
   1.9460
   1.3150
   1.3563
   1.2469
   0.4348
   0.2218
   1.5199
   0.9369
   0.4797
   1.0867
   1.2007
   1.4724
   0.5952
   0.9721
   1.3287
   0.7157
   0.7951
   0.8922
   1.6202
   0.8710
   1.4005
   0.5703
   0.9155
   0.7438
   0.4957
   1.8261
   0.9420
   1.5863
   1.2752
   0.4069
   0.4592
   1.9231
   1.1439
   0.9236
   1.5362
   1.1014
   0.7493
   0.6414
   0.4786
   0.6191
   0.8423
   1.0000
   1.5250
   0.7810
   0.9085
   0.4887
   0.9685
   0.7683
   1.1805
   1.4366
   1.3658
   1.4889
   0.8789
   1.6617
   1.0727
   1.1344
   0.8222
   1.3459
   0.7723
   0.7957
   0.6723
   1.9382
   0.6217
   1.1258
   1.3754
   1.5552
   1.3865
   1.3959
   0.9763
   1.0611
   1.1764
   0.7755
   1.3343
   1.0306
   1.0256
   0.8571
   0.8227
   0.6060
   0.8222
   2.0688
   0.9894
   0.8012
   0.7065
   0.7504
   1.4731
   1.4274
   1.4176
   1.0160
   1.4616
   0.6297
   0.9372
   1.4834
   1.6428
   0.6650
   0.3096
   0.9966
   1.6355
   0.3699
   0.6403
   2.1607
   0.9696
   0.9838
   0.9172
   2.3175
   1.2276
   0.7599
   2.2019
   0.6646
   0.8494
   1.0000
   1.1091
   0.7257
   0.8194
   0.4533
   0.9456
   0.3367
   0.6809
   0.6802
   1.1101
   0.6741
   0.7809
   0.8877
   0.6177
   1.4448
   0.7988
   0.6778
   0.7261
   0.8748
   0.6267
   0.3645
   1.0775
   0.5805
   1.4825
   1.4814
   0.9288
   0.7283
   1.5220
   1.4250
   1.7446
   1.1827
   1.5096
   1.8516
   0.5350
   0.6019
   1.9441
   1.4957
   0.6610
   0.6630
   0.7636
   1.6634
   0.9150
   1.0000
   0.3473
   0.7155
   0.5504
   1.1983
   1.4916
   0.9642
   1.4703
   1.0306
   0.5376
   0.7540
   1.2429
   0.7007
   0.8285
   0.3434
   0.4632
   0.6733
   0.5635
   0.6251
   0.4131
   0.4642
   1.3784
   0.4915
   1.5409
   0.4577
   1.6991
   1.0270
   0.7492
   0.9996
   0.4583
   0.4462
   0.5591
   1.6652
   0.1376
   0.9514
   0.9859
   2.0999
   1.3734
   1.5280
   0.8898
   0.7389
   1.2565
   1.2894
   1.3175
   0.7633
   0.6895
   1.0978
   0.7330
   0.9906
   0.8764
   0.9971
   1.1382
   1.1023
   1.5179
   1.4448
   1.6855
   1.1456
   1.4739
   0.4315
   1.7153
   0.2951
   1.0733
   0.7082
   0.9349
   0.8773
   0.9089
   0.8082
   0.8263
   1.4624
   1.0093
   0.5741
   0.8510
   0.8160
   0.8240
   0.6827
   1.4414
   0.5136
   0.9357

