  8.3015e+001
  1.3614e+002
  6.2355e+001
  1.2243e+002
  1.4506e+002
  4.9410e+001
  1.5285e+002
  4.5424e+001
  7.7357e+001
  7.5256e+001
  2.2537e+002
  6.6065e+001
  8.4656e+001
  2.8269e+001
  6.4560e+001
  1.1254e+002
  5.4259e+001
  2.2369e+002
  5.1089e+001
  7.6574e+001
  9.2531e+001
  2.8982e+002
  6.9219e+001
  6.9202e+001
  9.5847e+001
  1.4444e+002
  1.1437e+002
  9.2434e+001
  1.7947e+002
  9.9617e+001
  5.7249e+001
  1.6893e+002
  9.6269e+001
  7.3756e+001
  6.1349e+001
  2.5151e+001
  1.1663e+002
  9.8684e+001
  8.8989e+001
  6.8965e+001
  1.8030e+002
  1.2784e+002
  3.4402e+001
  1.1643e+002
  8.8347e+001
  1.1448e+002
  1.1190e+002
  1.1637e+002
  1.9494e+002
  9.3279e+001
  2.1787e+002
  8.1652e+001
  5.5658e+001
  1.8542e+002
  6.8610e+001
  1.4962e+002
  1.8184e+002
  9.1693e+001
  2.1652e+002
  1.0903e+002
  2.3525e+001
  3.8707e+002
  1.1523e+002
  1.3019e+002
  5.5687e+001
  4.3811e+001
  4.1451e+001
  1.1304e+002
  1.4821e+002
  6.8879e+001
  7.7377e+001
  6.8860e+001
  2.1805e+002
  7.7347e+001
  1.8899e+002
  1.1707e+002
  7.6085e+001
  1.5228e+002
  1.2027e+002
  6.1988e+001
  1.1855e+002
  5.7568e+001
  1.3954e+002
  5.9718e+001
  8.3490e+001
  1.2195e+002
  1.8496e+002
  8.9835e+001
  6.4502e+001
  6.1770e+001
  9.8070e+001
  7.9597e+001
  7.0441e+001
  5.5895e+001
  2.0643e+002
  4.0511e+001
  1.5886e+002
  2.6903e+002
  1.8061e+002
  4.0705e+001
  1.6822e+002
  6.4413e+001
  1.1677e+002
  9.7051e+001
  6.8150e+001
  6.7332e+001
  1.1320e+002
  1.0621e+002
  1.5951e+002
  4.9255e+001
  1.6857e+002
  2.1141e+002
  9.0806e+001
  6.8044e+001
  3.2157e+001
  1.1662e+002
  6.7737e+001
  1.1212e+002
  1.1155e+002
  7.0269e+001
  4.6092e+001
  3.6273e+001
  6.1844e+001
  8.7296e+001
  5.4888e+001
  9.5162e+001
  9.0701e+001
  8.9613e+001
  1.6571e+002
  1.1450e+002
  8.1453e+001
  8.5230e+001
  1.3067e+002
  1.1308e+002
  9.2528e+001
  3.9600e+001
  8.4324e+001
  6.2408e+001
  1.0966e+002
  8.7435e+001
  1.2873e+002
  9.8894e+001
  4.9359e+001
  9.0665e+001
  2.1178e+001
  2.8474e+001
  1.5689e+002
  6.8279e+001
  5.0524e+001
  9.5993e+001
  3.4830e+001
  1.5153e+002
  8.1528e+001
  4.4978e+001
  6.3978e+001
  1.3016e+002
  6.4206e+001
  1.1397e+002
  6.9284e+001
  2.0719e+002
  7.7838e+001
  4.8971e+001
  5.3756e+001
  1.5174e+002
  1.8460e+002
  5.6766e+001
  3.3838e+001
  5.3092e+001
  1.6163e+002
  1.0280e+002
  1.1972e+002
  3.2044e+001
  4.5393e+001
  1.4869e+002
  1.6937e+002
  1.2961e+002
  5.6339e+001
  6.5589e+001
  1.0986e+002
  1.5854e+002
  1.2512e+002
  1.4581e+002
  4.1655e+001
  1.6172e+002
  8.6724e+001
  1.1759e+002
  3.5376e+001
  1.6600e+002
  3.6636e+001
  9.8801e+001
  9.9194e+001
  5.6076e+001
  2.0517e+002
  1.1009e+002
  1.2939e+002
  2.6846e+002
  2.2687e+002
  4.9321e+001
  7.6591e+001
  1.2623e+002
  3.3442e+001
  2.4100e+002
  5.5960e+001
  1.6168e+002
  9.5128e+001
  1.3690e+002
  6.2874e+001
  4.3701e+001
  4.4838e+001
  2.1071e+001
  1.0693e+002
  4.9055e+001
  1.5048e+001
  1.7852e+002
  1.0806e+002
  1.1292e+002
  7.8234e+001
  7.0660e+001
  5.3938e+001
  8.4205e+001
  1.5055e+002
  1.0498e+002
  8.5195e+001
  1.8103e+002
  5.6040e+001
  8.4486e+001
  1.4175e+002
  6.6797e+001
  8.3215e+001
  1.3635e+002
  1.4377e+002
  1.4664e+002
  1.6787e+002
  5.3287e+001
  8.0477e+001
  1.1615e+002
  6.4052e+001
  8.0603e+001
  8.7715e+001
  1.8779e+002
  1.7800e+002
  7.4999e+001
  1.9600e+002
  1.2074e+002
  3.9814e+001
  6.8111e+001
  6.4254e+001
  1.2461e+002
  1.5064e+002
  7.3495e+001
  7.0027e+001
  2.0139e+002
  8.0009e+001
  8.1852e+001
  5.9461e+001
  8.7764e+001
  6.9056e+001
  8.8584e+001
  1.3292e+002
  4.6491e+001
  1.0876e+002
  9.5962e+001
  8.8563e+001
  6.2873e+001
  7.7586e+001
  2.7146e+001
  1.2028e+002
  1.2291e+002
  6.5792e+001
  8.9404e+001
  5.5173e+001
  9.5922e+001
  8.1257e+001
  1.8591e+002
  6.9531e+001
  5.6734e+001
  1.2065e+002
  2.4746e+001
  9.5180e+001
  9.3204e+001
  2.4765e+002
  3.7497e+001
  5.3229e+001
  8.4206e+001
  2.2364e+002
  1.3159e+002
  2.0730e+001
  1.8982e+002
  2.8471e+001
  5.6225e+001
  6.3682e+001
  3.3499e+001
  1.3386e+002
  4.3402e+001
  7.2376e+001
  1.4179e+002
  1.2337e+002
  1.3877e+002
  6.8537e+001
  8.2606e+001
  9.3744e+001
  5.5793e+001
  1.0900e+002
  8.8896e+001
  9.7400e+001
  7.2964e+001
  9.5236e+001
  3.5452e+001
  1.6874e+002
  4.5627e+001
  6.5264e+001
  2.7173e+001
  8.2842e+001
  5.5036e+001
  1.4883e+002
  1.0624e+002
  9.0920e+001
  8.2733e+001
  8.8814e+001
  7.4372e+001
  4.7907e+001
  1.1745e+002
  1.2811e+002
  4.6236e+001
  1.0745e+002
  3.3072e+001
  1.0281e+002
  1.3490e+002
  1.2375e+002
  1.0072e+002
  1.7350e+001
  1.4109e+002
  6.1626e+001
  1.5161e+002
  9.7761e+001
  7.4837e+001
  2.9483e+001
  1.2495e+002
  7.5015e+001
  5.7632e+001
  1.5906e+002
  5.0432e+001
  1.3364e+002
  1.9684e+002
  1.5546e+002
  9.3066e+001
  1.7629e+002
  2.1827e+002
  4.0606e+001
  6.9343e+001
  7.1823e+001
  4.6485e+001
  6.3515e+001
  3.1750e+001
  1.5217e+002
  1.6727e+002
  8.6962e+001
  1.0684e+002
  1.0860e+002
  2.0288e+002
  1.5014e+002
  4.9762e+001
  1.6672e+002
  8.8993e+001
  6.2622e+001
  7.8541e+001
  3.3117e+002
  3.5008e+001
  1.5447e+002
  2.3798e+002
  6.0711e+001
  5.5921e+001
  2.3122e+001
  3.9973e+001
  9.7774e+001
  4.4563e+001
  6.4982e+001
  6.8965e+001
  1.1220e+002
  1.4522e+002
  1.0517e+002
  4.9583e+001
  1.4962e+002
  5.8301e+001
  7.7613e+001
  1.7051e+002
  6.4888e+001
  7.4667e+001
  7.2335e+001
  6.5177e+001
  1.1074e+002
  4.4399e+001
  6.4714e+001
  1.8961e+002
  5.2284e+001
  9.0047e+001
  7.1935e+001
  7.8977e+001
  3.8506e+001
  6.4399e+001
  3.9349e+001
  4.8325e+001
  3.2311e+001
  8.3372e+001
  1.6467e+002
  1.9565e+002
  5.8454e+001
  6.3360e+001
  8.4471e+001
  1.8380e+002
  1.3742e+002
  1.6151e+002
  1.0474e+002
  6.4437e+001
  3.4746e+001
  1.2363e+002
  6.0275e+001
  8.0143e+001
  9.3535e+001
  3.8351e+001
  6.3537e+001
  7.6718e+001
  4.3953e+001
  1.4419e+002
  6.3997e+001
  4.7924e+001
  1.5566e+002
  7.7548e+001
  1.0205e+002
  7.7824e+001
  6.5404e+001
  1.3106e+002
  4.7746e+001
  4.8239e+001
  6.3217e+001
  9.6730e+001
  1.2105e+002
  1.5463e+002
  9.5839e+001
  2.0227e+002
  8.6198e+001
  1.1905e+002
  5.1859e+001
  6.4654e+001
  8.2103e+001
  1.0887e+002
  1.6689e+002
  2.4908e+002
  2.3796e+002
  4.5429e+001
  1.7391e+002
  1.1389e+002
  9.2830e+001
  6.8138e+001
  1.1368e+002
  7.6442e+001
  7.6447e+001
  1.6450e+002
  8.1947e+001
  2.0293e+002
  6.7165e+001
  4.0466e+001
  1.1759e+002
  1.1756e+002
  6.8782e+001
  1.0849e+002
  1.1777e+002
  3.7740e+001
  4.2625e+001
  2.1740e+002
  5.8362e+001
  8.0269e+001
  6.2280e+001
  2.3084e+001
  9.1957e+001
  6.8650e+001
  7.4455e+001
  1.1143e+002
  9.4906e+001
  8.6824e+001
  5.0127e+001
  6.8799e+001
  5.8049e+001
  1.4250e+002
  1.5014e+002
  9.8417e+001
  8.4786e+001
  8.8188e+001
  1.5626e+002
  9.1519e+001
  9.8613e+001
  2.0452e+002
  1.0933e+002
  8.4504e+001
  8.6690e+001
  1.3392e+002
  6.5283e+001
  9.5568e+001
  1.2679e+002
  5.8681e+001

