   0.1013
   0.5517
   0.8748
   0.1618
   0.6096
   0.9972
   0.9147
   1.2512
   0.3817
   0.4826
   0.7883
   0.0888
   2.6793
   1.0355
   0.2749
   6.1395
   2.7899
   0.1023
   0.6965
   0.3574
   1.2546
   1.0744
   1.0692
   1.2037
   0.1011
   0.9981
   0.7977
   0.8726
   0.0905
   0.1069
   0.0834
   0.2279
   0.2693
   2.1154
   0.2688
   4.5937
   0.1749
   2.1078
   0.0718
   0.6863
   0.9749
   0.8994
   0.7050
   0.1515
   0.1888
   0.8036
   0.5521
   0.7655
   2.4687
   2.6332
   1.1775
   1.3355
   1.1714
   0.4181
   1.0932
   1.8160
   0.2159
   1.1443
   0.4262
   1.3757
   1.7888
   4.5264
   5.2676
   0.8875
   0.2797
   0.4229
   3.9299
   0.1701
   2.0478
   0.0172
   0.7766
   0.3679
   0.6866
   1.2716
   0.6934
   0.3920
   0.2734
   0.2800
   0.0712
   0.2862
   1.0341
   0.2241
   3.3190
   0.5371
   0.5885
   4.0736
   1.0270
   2.1627
   2.4607
   3.1772
   1.0152
   0.1787
   0.8497
   1.0203
   0.5817
   0.2006
   1.5645
   0.0240
   0.0388
   0.0159
   0.1486
   1.5356
   0.1510
   0.3179
   1.4042
   2.9315
   2.0223
   2.2454
   1.0204
   1.8943
   0.4928
   0.6573
   0.2536
   3.0355
   2.6394
   4.0114
   0.5456
   4.1365
   1.0604
   0.2388
   1.7709
   0.3771
   1.1825
   1.3527
   0.1401
   3.8505
   0.1133
   0.1309
   1.6839
   0.6894
   0.0874
   0.3676
   4.1286
   0.9361
   0.3453
   0.2459
   3.5716
   0.5134
   4.4504
   2.2094
   2.3207
   0.0408
   0.1999
   1.5055
   1.1065
   0.7764
   0.4822
   0.0748
   1.0115
   0.4713
   0.1419
   1.2047
   2.2835
   1.2348
   0.9879
   1.0262
   0.5975
   2.2894
   1.5700
   1.7615
   0.0211
   0.4381
   1.4011
   0.6812
   0.0319
   0.4593
   0.6401
   0.1501
   0.8582
   1.0532
   0.5594
   0.2536
   0.4795
   0.8157
   3.8296
   0.1686
   0.9431
   0.0077
   3.5311
   0.7310
   0.2747
   0.7817
   0.0175
   0.3876
   0.8874
   7.0212
   0.1642
   2.7741
   0.4078
   0.4107
   1.2598
   0.6057
   1.5399
   0.2558
   0.6669
   0.8698
   0.7324
   0.8861
   0.1566
   0.8437
   0.3031
   0.3196
   0.3027
   1.9513
   2.1366
   1.5348
   0.3327
   0.6266
   3.7256
   0.5318
   1.2623
   0.0136
   4.3632
   0.2732
   0.0706
   4.1448
   1.1781
   0.8467
   2.4680
   4.1125
   1.5496
   0.9955
   0.5753
   0.6318
   0.8865
   0.5063
   1.1641
   2.1062
   0.1717
   0.7127
   1.0847
   2.8181
   0.2426
   0.5213
   0.2102
   1.3588
   2.3004
   2.8123
   0.3143
   1.6951
   1.2852
   0.1212
   3.0582
   0.3641
   0.1463
   1.3566
   0.1095
   1.5805
   2.6113
   0.7409
   1.9239
   0.8825
   0.5160
   0.4415
   0.2114
   0.6298
   5.2460
   1.7141
   0.8283
   1.4671
   0.1303
   0.8521
   0.1821
   0.1345
   4.1454
   0.2982
   0.3414
   1.8447
   0.0083
   0.5024
   0.0768
   0.0909
   0.6250
   0.0717
   0.3449
   2.0138
   0.5559
   1.2774
   0.1559
   0.5063
   0.0207
   0.3231
   2.3560
   0.2511
   1.5645
   0.5569
   0.0146
   0.9532
   0.6375
   0.2396
   3.0897
   0.2709
   0.3021
   0.4550
   0.3631
   0.8882
   1.4246
   1.0967
   0.1110
   1.9896
   0.0946
   0.0236
   0.1805
   5.0194
   1.2069
   0.5072
   0.2399
   2.1915
   1.1701
   0.3940
   0.2856
   1.4927
   0.6838
   0.6767
   0.1089
   0.0856
   0.9569
   3.7377
   0.1852
   0.6340
   0.2364
   0.6735
   5.7334
   2.1944
   0.7313
   0.9152
   1.1325
   0.2190
   0.0674
   2.2511
   0.5943
   0.4665
   0.0296
   0.9454
   0.9835
   1.4685
   0.4347
   0.1440
   0.9744
   0.0306
   0.1927
   0.2946
   1.7183
   2.4156
   1.9116
   0.5752
   0.2186
   0.9289
   0.2766
   0.3049
   1.8248
   0.0154
   0.3581
   0.1269
   0.9214
   1.5572
   0.1225
   1.1110
   1.2082
   0.7837
   0.3202
   2.9544
   0.0129
   0.6079
   0.6914
   0.1502
   0.1734
   0.2481
   8.4666
   0.6498
   0.1948
   0.4144
   0.9207
   0.5100
   0.7748
   0.2894
   3.1855
   1.1065
   1.3800
   1.7045
   1.9136
   0.0112
   0.6167
   2.6758
   1.0798
   0.4349
   1.6162
   1.4609
   0.5746
   0.4504
   0.4511
   0.1935
   6.3909
   3.2621
   0.0677
   0.7388
   0.0333
   2.2161
   0.1503
   2.7911
   0.4780
   0.6973
   0.0063
   0.8950
   1.3845
   0.2077
   0.2695
   0.3783
   1.6867
   1.9892
   0.0647
   0.6429
   0.1326
   1.2677
   0.5904
   0.7068
   0.6339
   0.3333
   0.0055
   0.3612
   0.1302
   0.9639
   0.7130
   1.2874
   0.1802
   0.7933
   1.1737
   0.3155
   0.2495
   0.3075
   0.1533
   0.3838
   0.1458
   1.5192
   0.0196
   0.1984
   0.0563
   1.6188
   0.3515
   0.1285
   0.1418
   0.3390
   0.5634
   1.0869
   0.0947
   0.3523
   0.2481
   1.7391
   1.9627
   1.4278
   0.2915
   2.2752
   1.0206
   0.1958
   0.4257
   0.2945
   0.3514
   0.0960
   0.2906
   0.9001
   0.7352
   0.0574
   1.9080
   1.5635
   0.9099
   0.2994
   0.8934
   2.2483
   3.8920
   0.0248
   3.7855
   0.1369
   2.0972
   0.9688
   1.6094
   3.1906
   0.1196
   1.5545
   0.4063
   0.8200
   1.3381
   0.3598
   1.5985
   0.0178
   0.2584
   0.6562
   4.7197
   0.1836
   0.6209
   0.1911
   0.9114
   0.2504
   1.6421
   0.1184
   1.0347
   1.2948
   4.5895
   0.0684
   1.1731
   0.3559
   0.6066
   0.4252
   0.1999
   1.1044
   2.4350
   0.3854
   0.1289
   1.6952
   2.4377
   1.3350
   1.4266
   0.5529
   0.4230
   0.2839
   1.6861
   0.0830
   0.0319
   0.6873
   0.3965
   0.5227
   0.1689
   0.3973
   1.0098
   0.3783
   0.0594
   0.4645
   1.9614
   5.0616
   1.1157
   0.1430
   0.3850
   0.1530
   2.0288
   0.1175
   0.3830
   4.4951
   4.4679
   0.4902
   0.8494
   0.1283
   0.5680
   0.2304
   0.6444
   0.1774
   0.0273
   0.7102
   0.5187
   0.3171
   0.7838
   0.7856
   2.0177
   0.1850
   0.2734
   0.1837
   0.0924
   0.0372
   1.6889
   0.0993
   0.3260
   0.3202
   3.4102
   1.4442
   1.0461
   1.9867
   0.3062
   0.4033
   0.5049
   0.1756
   0.4081
   0.6425
   0.1171
   1.2495
   0.2839
   1.2871
   0.4481
   0.2330
   4.9219
   1.3922
   0.6620
   2.8569
   0.0155
   1.2660
   1.7236
   0.3757
   2.1171
   0.5383
   0.6257
   0.7745
   0.1904
   0.0329
   1.0443
   0.3395
   0.0696
   0.0856
   0.2646
   1.2000
   0.2781
   0.3847
   0.4450
   1.3847
   2.0253
   0.6227
   0.3472
   0.7500
   0.0216
   0.1928
   1.9970
   0.4970
   1.6254
   0.7911
   0.0962
   0.2511
   1.4731
   0.6229
   5.7907
   0.5740
   1.0057
   1.4567
   0.6489
   0.3311
   0.4318
   0.5440
   0.6399
   0.0727
   0.3730
   0.2730
   1.1697
   0.1196
   2.0262
   0.1299
   4.1663
   0.2455
   0.0160
   0.0179
   0.5147
   0.3374
   0.0367
   1.5108
   1.3319
   2.5684
   0.3131
   0.6514
   0.9966
   0.1154
   0.0760
   1.8852
   2.0549
   0.3624
   0.7023
   0.7814
   1.0465
   0.2370
   1.9464
   0.0902
   0.1697
   0.0203
   0.3932
   2.2649
   3.6180
   0.5593
   1.0143
   0.5404
   0.9086
   0.0999
   0.2078
   0.2893
   0.6707
   0.2808
   0.6006
   0.0128
   0.7708
   1.7997
   2.2377
   0.8795
   3.1327
   4.3045
   3.6331
   0.7112
   0.5856
   2.3977
   0.4136
   0.6206
   0.0978
   0.8247
   0.8557
   0.2579
   0.7430
   3.7703
   0.1301
   1.4628
   1.1487
   0.1389
   0.4327
   0.1763
   2.3253
   0.1319
   0.8702
   0.1108
   2.9989
   0.7965
   1.1085
   0.0271
   2.5153
   0.1096
   1.0939
   1.1242
   1.3755
   2.0763
   0.5469
   0.0777
   0.2010
   1.2837
   1.4961
   0.7306
   2.2768
   0.0788
   0.5715
   1.3065
   1.5568
   0.2135
   0.9300
   2.3013
   0.1644
   4.9187
   0.6409
   2.5448
   0.4108
   0.7264
   0.6750
   1.6171
   1.2744
   0.6001
   0.4614
   0.2006
   0.1080
   1.8028
   1.0051
   0.8282
   1.8034
   0.8500
   1.3324
   0.1804
   0.8361
   0.1778
   0.3812
   0.0670
   1.6149
   1.0112
   0.6917
   0.1162
   0.4346
   0.2142
   0.5733
   2.0959
   1.8994
   0.3610
   1.2865
   0.8294
   0.7046
   0.3561
   0.6402
   1.9313
   0.1286
   0.5831
   3.0675
   0.0597
   0.2244
   1.4709
   0.0215
   0.9705
   1.3053
   0.4989
   0.7670
   0.1717
   0.3187
   0.0221
   0.5997
   0.5154
   0.1647
   1.3489
   1.3973
   0.3124
   6.5654
   0.4375
   0.6216
   0.8048
   1.9070
   1.3970
   1.2854
   0.6306
   0.7218
   0.3251
   0.2492
   0.3615
   0.3000
   0.7973
   0.1288
   1.7224
   0.3021
   1.6598
   1.6149
   0.0054
   0.5856
   0.3492
   0.4685
   0.4272
   0.0072
   1.3078
   1.6873
   0.7604
   0.6026
   1.2615
   0.1356
   0.2406
   0.7842
   0.0185
   0.9255
   0.8404
   0.0090
   2.0531
   2.2161
   0.5403
   0.3123
   6.0871
   1.8827
   0.4886
   0.2663
   0.9473
   0.4021
   1.2189
   0.1791
   0.4430
   0.1284
   1.5069
   1.1122
   1.8263
   0.0918
   0.5470
   1.9395
   0.3538
   1.4365
   0.7923
   0.2798
   0.4922
   0.2868
   0.2997
   0.6965
   0.0894
   1.0990
   0.2440
   1.4069
   0.5022
   1.5470
   0.3274
   1.3449
   1.1639
   0.7846
   1.5954
   0.1090
   0.2700
   1.0958
   1.5060
   0.2778
   0.5181
   0.2480
   0.0550
   1.4665
   1.4136
   0.8034
   0.6587
   3.6519
   2.7470
   1.4900
   0.5958
   0.7085
   1.6527
   2.8637
   0.4395
   3.8749
   0.3364
   0.0547
   9.9214
   0.4794
   0.0081
   0.7317
   1.4612
   0.1568
   0.9180
   0.3893
   2.0051
   0.1887
   0.1552
   0.1224
   1.6233
   1.0317
   0.2138
   0.6130
   0.4851
   1.1347
   0.1179
   0.9038
   0.2517
   0.0563
   2.0904
   1.0291
   0.1801
   0.0012
   0.7247
   0.7362
   0.5636
   2.4395
   0.0630
   0.1696
   2.2092
   0.6489
   0.3685
   4.6021
   0.2145
   0.4054
   0.2496
   0.7391
   0.7476
   1.2868
   1.6626
   1.6443
   0.0972
   0.2821
   0.7621
   0.3418
   2.0105
   0.4681
   1.5623
   0.0290
   3.2151
   0.1963
   1.2775
   0.0887
   0.9335
   1.1181
   0.2039
   1.2920
   0.8475
   0.2952
   0.5209
   2.1860
   1.3797
   0.8543
   0.0316
   0.2755
   1.0383
   1.1363
   0.3628
   0.9256
   0.4187
   1.3885
   0.0147
   0.4992
   0.0270
   0.2720
   0.3123
   0.5700
   0.2269
   1.7441
   0.3225
   1.2743
   0.0795
   0.6605
   2.1979
   0.7072
   0.7468
   1.2858
   1.7389
   1.3402
   0.3459
   0.4961
   0.0394
   0.3847
   0.5915
   1.3557
   0.3370
   0.3289
   1.7727
   0.3898
   0.1040
   0.8315
   0.5055
   1.0345
   2.6803
   0.1349
   2.7682
   0.1343
   0.5638
   0.3298
   0.0478
   0.0790
   0.1058
   0.4521
   4.6005
   2.0652
   0.8441

