   0.1625
   0.8203
   0.5075
   0.5496
   1.0027
   2.8437
   0.9897
   3.1285
   4.3477
   0.1494
   0.6448
   2.2234
   1.0202
   0.6533
   1.0400
   1.0648
   0.2500
   0.2749
   0.0967
   1.9876
   0.0422
   0.0059
   0.9486
   0.1634
   0.1035
   0.7357
   0.4718
   0.9915
   0.2460
   0.3905
   2.5968
   0.8263
   1.4143
   1.4545
   0.3826
   2.1837
   0.5265
   0.0701
   0.3122
   0.1039
   0.2740
   0.5264
   0.0587
   0.3345
   0.1988
   1.2497
   1.5073
   0.0168
   0.6326
   0.3237
   0.6443
   0.6045
   0.0698
   0.6089
   0.0396
   1.2982
   1.7710
   4.6622
   0.5898
   0.3159
   0.2970
   1.1347
   1.2777
   2.3025
   1.2640
   0.0527
   1.3022
   4.4024
   0.7770
   0.2696
   2.2152
   0.3412
   0.4002
   0.7303
   0.2895
   1.2023
   1.0274
   1.9421
   1.5556
   0.6685
   3.8427
   0.1070
   0.3276
   0.5509
   0.9732
   0.4177
   2.4161
   0.4827
   0.3365
   1.1544
   0.1724
   0.0210
   1.0083
   0.2547
   0.1680
   0.9329
   1.5456
   0.2301
   0.0956
   0.4292
   0.1533
   1.0268
   0.2349
   0.3858
   1.9009
   0.0804
   0.0105
   0.5872
   0.6330
   0.6532
   0.7208
   2.7490
   0.3118
   0.2664
   1.4197
   1.1917
   0.4629
   0.7085
   1.8814
   1.1741
   3.4342
   0.7496
   0.1690
   0.3674
   1.2065
   1.2850
   0.6051
   0.4662
   1.5877
   0.0008
   1.3495
   1.4376
   0.1131
   1.8844
   0.2561
   1.8400
   2.8546
   0.1991
   0.8550
   0.1445
   0.2868
   0.9883
   0.7966
   0.9544
   0.8151
   0.3605
   0.1771
   0.6616
   0.6059
   0.3849
   0.0566
   2.3060
   0.0530
   0.7262
   0.3119
   0.0705
   0.4583
   2.3014
   1.0031
   1.1475
   0.8855
   0.0479
   0.6953
   0.5967
   0.8848
   5.9431
   2.2764
   0.0225
   0.2077
   1.0633
   0.8831
   0.2683
   0.6542
   0.0927
   0.3750
   0.8536
   0.3575
   0.9389
   0.4585
   1.4827
   0.8595
   1.3717
   1.8433
   0.2425
   1.2933
   0.8763
   1.6568
   0.9920
   0.0108
   1.1195
   0.5395
   2.6572
   0.5353
   1.6732
   1.4551
   0.0738
   1.4239
   0.2890
   0.4955
   0.1185
   0.1551
   0.1636
   0.5244
   0.2623
   0.5756
   0.2370
   0.2003
   0.1325
   0.9317
   1.0218
   0.1028
   2.2024
   5.4118
   1.0771
   0.0721
   0.7106
   2.8700
   0.5083
   1.0331
   1.3433
   0.1151
   0.7215
   0.0184
   4.0706
   0.5354
   0.1274
   1.9480
   1.2820
   0.8089
   0.4043
   1.1392
   1.9596
   2.0311
   0.6100
   1.3605
   0.0907
   1.0686
   0.4221
   2.1814
   0.1775
   0.2019
   0.0235
   0.3813
   0.4840
   0.4578
   0.6121
   0.0862
   0.8798
   0.0502
   0.1857
   1.7826
   0.0236
   0.1859
   0.2781
   0.1419
   0.8324
   0.7868
   0.0495
   0.7002
   0.8981
   0.6505
   1.3902
   0.2651
   0.2608
   2.2558
   0.4439
   0.2242
   3.2289
   1.7354
   0.8180
   0.4556
   1.6910
   2.1334
   0.8855
   0.0978
   0.5118
   0.2231
   2.6641
   0.0066
   0.7554
   0.0941
   0.8227
   1.4198
   0.3721
   0.2946
   1.3741
   0.1754
   0.3600
   1.1276
   0.2541
   0.3232
   0.0010
   0.3288
   0.4720
   0.2848
   1.7052
   1.0413
   1.9404
   0.2138
   0.5290
   0.5352
   0.2099
   1.1599
   0.3862
   4.1592
   0.3261
   0.2015
   0.0873
   0.8391
   0.5390
   0.7038
   0.3821
   0.2935
   0.3979
   0.8634
   0.4276
   0.8480
   0.4526
   0.5289
   0.5504
   0.0777
   3.6819
   1.5488
   1.7382
   2.2458
   1.1548
   0.1428
   0.2683
   3.2112
   1.7186
   0.5025
   1.0947
   0.4050
   2.7092
   0.3203
   0.2150
   0.0449
   0.9750
   0.6015
   0.2456
   0.6253
   0.2136
   5.3708
   1.2767
   0.6449
   0.4581
   0.0827
   2.2514
   0.0720
   0.5146
   5.4597
   0.5871
   1.4798
   2.9568
   0.2938
   1.1975
   0.1305
   0.6642
   0.4522
   1.1879
   0.0264
   3.0916
   0.3028
   0.0226
   0.2126
   3.4175
   0.7415
   0.0019
   0.9947
   3.6984
   0.2595
   0.7630
   0.4133
   1.7657
   0.0966
   1.8627
   0.5968
   1.2607
   0.8835
   0.4473
   1.0818
   0.2600
   0.3253
   0.1412
   0.8089
   1.1545
   0.8378
   0.9220
   0.5178
   1.4315
   0.1054
   0.0063
   0.4968
   0.2718
   0.6640
   1.0389
   0.6725
   1.1930
   0.1459
   1.4201
   0.3842
   0.5295
   0.5997
   0.1923
   0.6042
   0.7373
   0.1978
   2.3554
   1.2085
   0.2157
   2.2715
   5.6566
   0.9017
   1.3896
   0.5410
   0.7345
   0.2584
   0.4829
   0.7470
   0.9388
   0.6736
   0.2458
   0.9263
   0.2251
   0.1464
   1.0955
   2.9426
   0.1379
   3.3618
   1.5848
   0.0528
   1.7703
   0.1078
   0.9532
   2.8946
   0.1874
   1.3635
   0.7887
   0.1152
   0.9830
   0.4868
   2.2432
   0.1461
   0.2826
   0.1307
   0.7718
   0.2756
   0.5900
   0.2264
   1.4474
   0.1399
   3.3376
   0.6919
   0.0659
   2.3192
   0.2432
   2.1239
   0.2538
   0.1388
   0.9979
   1.0403
   0.8591
   0.7041
   0.5193
   1.4244
   0.3395
   1.2854
   0.4358
   2.9130
   0.0582
   1.5239
   0.4664
   2.0008
   0.6376
   1.3930
   0.4478
   0.5217
   0.5732
   2.5733
   0.6805
   0.4174
   0.0594
   1.4165
   3.9809
   1.1248
   0.0598
   1.2572
   0.5452
   0.3958
   3.0087
   2.5752
   1.0034
   1.9523
   1.3578
   3.7653
   0.9916
   0.5267
   0.5318
   0.0775
   0.0808
   0.0867
   0.0191
   2.8698
   0.3434
   0.0581
   4.1448
   1.9134
   0.6919
   2.3164
   0.6941
   0.0799
   0.7288
   1.4970
   0.3174
   1.4302
   0.5272
   0.2703
   1.7252
   3.0189
   0.5853
   0.1611
   0.5264
   0.0669
   0.0910
   0.0518
   0.5287
   0.9257
   1.3678
   0.1591
   4.0117
   0.3429
   0.0190
   1.7304
   2.3354
   0.5522
   0.9541
   2.0842
   2.6321
   0.0786
   1.4316
   0.3784
   0.7123
   0.7666
   0.2132
   0.4809
   0.7308
   0.5723
   0.5154
   0.4502
   2.6441
   0.5452
   3.7415
   0.2634
   1.4118
   0.2966
   0.5778
   0.1647
   0.3471
   0.3741
   0.3922
   0.8554
   0.5080
   2.7698
   0.7868
   1.4535
   0.2391
   0.5551
   1.2190
   0.9013
   1.3719
   4.3378
   0.8175
   0.7192
   0.9978
   0.0012
   2.0880
   0.7056
   3.4961
   0.8631
   0.8000
   0.8448
   0.0945
   1.8787
   1.9616
   0.1637
   0.3098
   1.1444
   4.0012
   0.0756
   0.4710
   0.0690
   0.3649
   0.0797
   0.5122
   0.2590
   1.4711
   0.1159
   0.5655
   2.0285
   0.0926
   1.0304
   0.7741
   0.2110
   2.5002
   0.6300
   0.1947
   1.0293
   0.5505
   1.6183
   0.6716
   2.3885
   1.0232
   0.5812
   0.7700
   0.9351
   0.2548
   2.0196
   1.6624
   0.7857
   0.8903
   0.4615
   1.5184
   0.2117
   1.0415
   1.1096
   1.0143
   0.0725
   1.7804
   1.0544
   1.2202
   0.3923
   0.4064
   0.2383
   2.2566
   1.8589
   0.1713
   1.1483
   1.1719
   2.8856
   0.1029
   0.0613
   0.1871
   0.7773
   0.1186
   2.5577
   0.6062
   0.0086
   2.3111
   3.5233
   1.6133
   0.2112
   0.3642
   0.0309
   0.2049
   1.0785
   0.3534
   1.8356
   0.3233
   2.5577
   4.3787
   0.2960
   3.8830
   0.0428
   0.3066
   0.0501
   0.7281
   3.5598
   1.0642
   0.0853
   2.5012
   1.7172
   0.1476
   1.0217
   1.1943
   1.5985
   0.5267
   0.4338
   0.3106
   1.0519
   1.7441
   2.5225
   0.1765
   0.4286
   0.3111
   1.0726
   0.7525
   0.5406
   0.2061
   0.4026
   0.2328
   0.0592
   0.7402
   0.1044
   0.0762
   1.6492
   3.2527
   0.3092
   0.5675
   1.0923
   1.1148
   0.2945
   0.7918
   0.5163
   0.8954
   4.1592
   3.2905
   2.0797
   1.6143
   0.2197
   0.9446
   3.9819
   2.3509
   0.0951
   0.5697
   0.9966
   1.8167
   0.3830
   3.8326
   0.4744
   2.6942
   0.2859
   2.3276
   0.9174
   0.2392
   2.3170
   0.5808
   0.1494
   1.0449
   0.6169
   0.7261
   3.2914
   0.6765
   0.8631
   0.7779
   0.5325
   0.1933
   1.3177
   3.0239
   1.2269
   0.2285
   3.4475
   0.6903
   0.3898
   1.2564
   0.9477
   0.5594
   2.9682
   0.6245
   2.1870
   1.4606
   0.4739
   0.2766
   0.2794
   0.4470
   0.4400
   2.7217
   1.2018
   0.9471
   1.1817
   2.1270
   2.6429
   1.3441
   0.1506
   3.5074
   0.4026
   1.6841
   0.3181
   2.1596
   0.0498
   1.8102
   1.9389
   2.3114
   2.0350
   0.3245
   0.0373
   2.1190
   1.8115
   0.6021
   0.8791
   2.6571
   2.4309
   0.5774
   0.7989
   0.3337
   0.0827
   0.4469
   0.6866
   1.8067
   0.0076
   1.4532
   0.1163
   0.0515
   3.6971
   0.9415
   2.3923
   1.1606
   0.1630
   0.2439
   0.6149
   0.8713
   0.4469
   0.6264
   2.6088
   0.6463
   0.9156
   0.2900
   0.7905
   1.1418
   0.6089
   0.8890
   2.5635
   2.0082
   2.4780
   0.8477
   1.2554
   0.0690
   0.4129
   0.4243
   0.7323
   0.1540
   0.3165
   2.2690
   1.0206
   0.5615
   0.5116
   0.6571
   0.3932
   0.4470
   0.3903
   0.1217
   0.3929
   0.3007
   2.2510
   0.0124
   0.8941
   1.3380
   1.2520
   1.1338
   0.2260
   0.4422
   1.4147
   0.8473
   0.4768
   0.2734
   0.5067
   1.5777
   0.2510
   0.2195
   0.2251
   1.1305
   0.6555
   1.4927
   2.3487
   2.3655
   2.0378
   1.9449
   0.5740
   0.1104
   1.0614
   0.0266
   0.2652
   0.3849
   2.5357
   0.2854
   0.5008
   1.4477
   0.4798
   0.3784
   0.5535
   2.5142
   0.0506
   0.9873
   0.7908
   0.4920
   1.5674
   0.3464
   0.4362
   1.8596
   1.9791
   0.9732
   1.7180
   0.7862
   0.4627
   0.3471
   4.0224
   0.5890
   0.1945
   0.3009
   1.2490
   0.6775
   2.4294
   0.7229
   0.1477
   1.8469
   0.2103
   1.7399
   1.3329
   0.3935
   1.0068
   1.3404
   0.0762
   0.3346
   0.8854
   1.2013
   0.2479
   0.2960
   1.4567
   0.1888
   2.2465
   1.6182
   0.2139
   0.8125
   0.3924
   3.1310
   1.7036
   4.4505
   0.3075
   1.1484
   0.7891
   0.2048
   2.0260
   2.3821
   1.6693
   0.0546
   0.2173
   1.1640
   0.5688
   0.3288
   2.2693
   0.9276
   1.1512
   0.7240
   0.9587
   2.6673
   0.3999
   0.8170
   0.9431
   0.9049
   2.2730
   0.2947
   1.7956
   0.0628
   2.1269
   0.7114
   0.7255
   0.6156
   0.1881
   0.1960
   2.0817
   0.0637
   1.5816
   0.5428
   0.4351
   1.2769
   0.8537
   1.1644
   0.5824
   2.2309
   1.7102
   1.7052
   0.4185
   0.4420
   2.1186
   2.1272
   0.9926
   2.6914
   0.9024
   1.0310
   2.4232
   0.7274
   0.1121
   1.2993
   2.7819
   0.0915
   0.3954
   0.0338
   0.7062
   1.5066
   2.9588
   3.1847
   0.3078
   0.3103
   3.9324
   0.5281
   0.4308
   0.9441
   0.3516
   0.4693
   1.3458
   0.6255
   0.3514
   2.4818
   1.7738
   0.7312
   1.3285
   0.1358
   0.3142
   1.2274
   0.1455
   0.1135

