   0.3723
   1.3239
   1.3015
   1.0062
   1.1829
   2.1011
   2.3565
   0.8667
   2.0614
   1.0391
   0.1216
   1.1875
   0.3407
   1.3002
   0.2408
   0.7314
   1.2972
   0.7433
   0.4680
   0.5909
   4.4062
   0.6184
   0.2912
   0.7566
   1.1508
   0.8937
   2.3239
   0.9545
   0.7081
   0.6781
   0.6047
   1.0505
   0.8065
   2.5001
   0.8545
   0.5735
   0.1830
   0.7306
   0.8065
   0.6113
   0.5089
   0.8284
   0.6899
   1.7042
   0.9537
   0.5007
   0.7031
   1.6783
   1.0559
   1.0089
   0.4436
   0.9838
   2.2966
   0.7224
   0.9558
   0.5350
   1.5235
   1.9291
   1.1936
   0.5298
   2.6407
   0.4953
   2.2878
   0.6298
   0.7950
   0.6527
   1.0436
   0.3797
   0.5475
   0.5117
   0.3135
   0.6451
   0.6758
   0.9184
   0.6316
   1.0160
   1.2237
   1.1051
   0.5608
   0.4918
   0.4808
   0.7833
   0.8885
   1.3126
   1.3955
   0.7979
   0.2644
   0.7837
   0.5333
   0.5558
   0.3232
   2.7325
   1.0091
   0.3920
   0.4956
   7.5338
   0.5528
   0.2407
   0.5528
   0.5453
   1.3136
   0.8863
   1.2878
   1.6881
   0.7708
   1.5419
   0.4662
   3.7015
   0.8886
   1.2374
   0.4315
   0.6364
   1.2829
   1.1061
   0.3726
   1.2851
   2.7462
   0.8198
   0.6075
   0.5578
   1.7082
   0.5313
   1.5544
   0.5274
   0.5797
   1.5538
   1.1660
   1.4178
   0.9549
   1.0705
   1.1154
   0.3266
   2.5730
   1.0342
   1.1139
   0.9030
   1.6239
   0.7074
   0.5752
   0.9617
   0.9772
   1.1659
   1.6566
   0.3816
   0.7432
   0.9032
   0.8313
   0.7688
   0.3246
   0.2765
   0.3981
   0.4117
   0.7870
   0.5352
   2.1826
   0.4914
   0.4871
   0.6741
   0.3437
   0.4049
   0.8154
   1.2421
   1.2999
   1.2296
   0.3922
   2.5185
   1.5131
   0.4683
   2.1140
   1.0992
   1.2094
   1.1296
   0.7807
   0.6812
   0.3500
   0.2082
   0.5779
   0.5349
   1.0895
   2.0364
   0.2240
   0.9006
   1.3196
   3.3205
   0.4864
   0.5302
   1.0070
   1.2219
   0.9676
   0.8343
   1.0796
   1.0090
   0.9886
   0.6172
   1.1345
   0.3609
   3.6001
   2.0424
   0.2901
   0.5914
   0.5560
   0.7242
   0.7681
   0.7401
   2.1977
   0.7044
   0.7217
   0.7619
   0.7755
   1.2754
   0.5685
   0.6911
   0.7014
   1.0899
   0.3293
   1.0901
   0.8692
   0.8277
   0.5340
   1.3836
   0.4842
   0.3256
   0.4261
   0.2542
   0.3902
   1.1256
   0.7910
   1.9708
   0.7893
   0.5645
   2.4823
   1.6949
   0.9858
   1.6086
   0.8307
   1.0118
   0.2117
   0.6565
   1.1216
   1.3689
   0.6551
   0.4380
   1.2996
   3.0845
   0.9197
   0.6833
   0.9771
   0.5326
   0.7216
   1.2106
   0.3708
   1.1651
   1.3183
   1.6681
   0.4661
   0.7381
   0.7011
   0.3070
   1.1789
   0.5206
   0.5060
   1.6546
   0.7235
   0.6769
   1.0005
   1.2336
   2.1326
   0.4371
   0.8296
   2.4500
   0.3238
   0.4130
   1.1274
   0.7818
   0.7173
   0.1407
   0.7462
   1.3063
   0.3806
   0.7609
   0.4267
   0.5552
   0.4256
   1.1819
   0.6144
   0.8962
   3.3097
   0.4287
   0.4599
   0.5568
   1.2569
   1.1068
   0.7493
   2.0595
   1.2330
   0.5511
   1.4714
   0.3704
   1.1714
   0.6967
   2.0330
   1.0233
   0.7964
   1.0165
   1.4799
   0.5231
   1.6212
   1.9771
   0.3612
   1.0797
   0.8068
   0.9868
   0.3581
   0.8292
   0.3548
   1.3098
   0.6428
   0.6504
   2.4900
   0.8795
   0.6844
   1.0153
   0.7334
   0.6937
   0.5013
   0.7961
   0.4788
   1.9620
   0.1936
   0.6839
   1.0366
   1.1812
   0.4488
   0.4917
   1.1302
   0.9348
   1.4925
   0.9249
   2.6722
   0.3765
   0.6590
   0.9821
   1.0522
   0.6093
   2.2770
   0.9872
   1.0458
   0.4637
   0.8266
   0.8568
   0.7307
   1.0973
   1.2975
   0.3579
   0.7224
   0.7909
   0.6804
   1.1727
   0.2983
   0.4810
   0.3036
   1.0823
   0.9589
   1.5580
   0.7216
   0.7756
   0.5581
   1.0568
   0.3226
   0.9174
   0.6196
   0.6787
   1.0534
   0.5311
   1.0107
   1.4543
   1.7211
   0.7341
   1.2921
   2.2276
   1.2988
   3.9955
   0.6386
   0.5445
   0.5012
   0.4248
   0.7466
   1.8859
   0.3785
   0.8559
   0.6936
   0.3580
   0.4780
   0.3163
   0.9836
   2.7222
   0.7389
   0.5878
   0.8903
   0.8631
   0.6470
   0.3915
   0.6121
   0.3208
   0.7407
   0.6151
   1.2033
   0.8900
   0.4585
   0.6521
   1.2232
   0.2833
   0.9880
   1.1001
   0.4533
   0.8992
   0.7382
   0.7728
   0.6788
   0.5984
   0.8036
   0.7600
   1.4358
   2.3127
   0.2926
   2.9853
   0.6798
   1.5231
   0.6042
   2.2115
   1.4101
   1.1034
   0.9010
   1.1443
   1.7356
   0.6668
   1.0641
   0.9496
   2.6845
   1.1611
   0.3008
   0.7201
   1.3658
   1.8070
   1.0893
   2.6206
   0.3790
   2.5376
   1.0756
   0.5224
   0.8186
   0.6147
   0.5517
   1.5369
   0.6981
   0.3927
   0.8582
   0.3039
   0.5687
   1.0763
   0.8163
   0.6364
   1.5356
   0.7978
   1.1632
   0.3525
   0.9481
   3.8700
   0.4205
   0.3375
   1.0388
   0.7891
   0.9886
   0.4728
   0.8368
   0.9191
   1.0329
   0.5012
   0.4197
   1.9775
   0.5649
   1.1219
   0.5563
   1.1382
   0.4727
   1.9930
   0.5964
   1.5912
   1.3362
   3.1403
   0.9420
   0.9738
   0.7917
   1.3283
   0.5813
   0.2063
   1.8081
   0.5082
   0.7688
   2.6395

