   0.5076
   0.9321
   1.9921
   2.0198
   2.1821
   1.2228
   1.7024
   0.6159
   1.8124
   0.9571
   1.1328
   0.5183
   1.5309
   1.0552
   1.3241
   1.3387
   1.1172
   0.6821
   0.9680
   1.0874
   0.4111
   0.8653
   1.4261
   0.9980
   1.1386
   0.4582
   1.3203
   1.1732
   0.6382
   1.0994
   0.9514
   0.9936
   1.5876
   1.4581
   1.5267
   1.4235
   0.8005
   0.4528
   1.0319
   1.4617
   1.3194
   0.8800
   0.6337
   0.7690
   1.2626
   0.2658
   0.6992
   0.4032
   2.8172
   1.4813
   0.9527
   0.7171
   0.8128
   0.8370
   1.4149
   0.6416
   0.6251
   2.1512
   2.4274
   0.5889
   1.4773
   1.6485
   0.2256
   1.0047
   0.4303
   1.9465
   0.2656
   2.4429
   1.5265
   0.5779
   1.1758
   1.1229
   1.5129
   0.8593
   2.0442
   1.2107
   0.3484
   0.3093
   1.9832
   2.5188
   1.2711
   0.6054
   0.4777
   0.3935
   0.5340
   1.3208
   3.2356
   0.9578
   1.0797
   1.7418
   2.1218
   1.7147
   1.1790
   0.8003
   0.6646
   0.5933
   0.5079
   0.5718
   1.6288
   0.5928
   1.0498
   0.1719
   0.3837
   0.7724
   1.9063
   0.8676
   0.3619
   0.6601
   0.6634
   0.3856
   1.2646
   0.6211
   0.3999
   1.2046
   0.9018
   1.0273
   0.8322
   0.5302
   0.9337
   1.0502
   1.1431
   0.8977
   0.1639
   0.3076
   0.7698
   1.6509
   0.6863
   0.9442
   1.0037
   2.3108
   0.6710
   1.0660
   2.6046
   1.2001
   0.8510
   0.8903
   0.6455
   1.5136
   0.6135
   0.6582
   0.9509
   1.0748
   1.1215
   0.7783
   0.9184
   0.5068
   0.5165
   1.1224
   0.9315
   0.7935
   0.5624
   0.1926
   0.9613
   0.8131
   1.4826
   0.1789
   1.2251
   1.2786
   0.4976
   0.9088
   0.5790
   0.8214
   0.5679
   2.0634
   0.5051
   0.4323
   1.1414
   0.8774
   0.3334
   0.7427
   0.7078
   0.5563
   2.0086
   1.2280
   0.7378
   0.4800
   2.6420
   0.8767
   0.7665
   0.6438
   1.2270
   0.9647
   0.5394
   1.4071
   0.5614
   2.3031
   0.3869
   0.3943
   1.3884
   0.4146
   0.5822
   0.7302
   0.2620
   0.8264
   1.0317
   0.6584
   1.2034
   0.8839
   1.6800
   1.0143
   1.1021
   1.0852
   0.6520
   2.4558
   1.4890
   1.1303
   1.0099
   0.2093
   1.4779
   1.2836
   1.3872
   1.1423
   0.7534
   1.6526
   1.9349
   1.0044
   0.9644
   0.7697
   0.7453
   0.5486
   0.3181
   0.7842
   1.7729
   1.2950
   1.1434
   0.7607
   1.1424
   0.9503
   0.3625
   0.1499
   2.6882
   0.7448
   1.4022
   0.4052
   0.6171
   0.6497
   0.6737
   0.8740
   2.4336
   1.1014
   1.1996
   0.7436
   0.6390
   1.1075
   0.7596
   1.3364
   0.8630
   0.5633
   1.7688
   1.7856
   0.3412
   1.2202
   0.6783
   0.2277
   1.8599
   0.8368
   1.3457
   1.1256
   0.6469
   1.8786
   1.4227
   1.0705
   1.2385
   0.7330
   0.4251
   0.5598
   2.3358
   0.5413
   0.3040
   0.5522
   0.7100
   1.2307
   0.9697
   0.6871
   0.6797
   0.7189
   0.5398
   0.5696
   1.0043
   1.9033
   0.5880
   0.2599
   0.8438
   1.5852
   0.3898
   0.7218
   0.4500
   0.8904
   1.0024
   0.4294
   0.8155
   0.7626
   0.2785
   1.2672
   0.5757
   0.9835
   1.0090
   1.9120
   0.9609
   0.5319
   0.5854
   0.8149
   0.8339
   0.4786
   0.3841
   0.6029
   1.4022
   1.8054
   1.5653
   0.6432
   0.5843
   0.7417
   0.3097
   0.5259
   0.7030
   1.0623
   2.4229
   2.0068
   1.2714
   0.3769
   1.0301
   0.4635
   1.8207
   0.5435
   0.5783
   0.8926
   0.9852
   2.2320
   1.2772
   1.3376
   0.4070
   0.7598
   0.5584
   0.4852
   0.9068
   0.3699
   0.4942
   0.7200
   1.2531
   1.5876
   0.4772
   0.3661
   0.6331
   0.4587
   0.8918
   0.6969
   0.2032
   0.2170
   0.8467
   0.4907
   1.6901
   1.1080
   0.3970
   0.4955
   1.3887
   1.2738
   0.7994
   0.7103
   0.8398
   0.6844
   0.9027
   0.5769
   0.6780
   0.4400
   0.8310
   0.8564
   0.7777
   1.4422
   1.4440
   1.2562
   0.9564
   1.0362
   1.4199
   0.6745
   1.9946
   0.7786
   1.1231
   0.3975
   0.5283
   1.5337
   0.5343
   1.3030
   0.3849
   0.4914
   1.0604
   0.7409
   0.7221
   0.6387
   1.2077
   0.3437
   0.8966
   0.5912
   2.4459
   0.6560
   0.6691
   1.9648
   1.8792
   0.3798
   0.6268
   0.6147
   0.5599
   1.8750
   0.4268
   2.2372
   0.6100
   2.0233
   1.4483
   0.7366
   0.7247
   2.7201
   1.1202
   2.3242
   0.8814
   1.7082
   0.7950
   0.5528
   1.2847
   0.5701
   1.1201
   2.3827
   1.0332
   0.6772
   1.2584
   0.8473
   0.6324
   0.8637
   0.4064
   0.9332
   2.3965
   0.7320
   0.7034
   0.8974
   0.2869
   1.8770
   0.8130
   1.3221
   0.6378
   1.4313
   1.0097
   1.0336
   1.0570
   2.2336
   0.6738
   0.6388
   1.3573
   0.7308
   1.7176
   0.6628
   1.2841
   1.2017
   1.2687
   0.7225
   0.2955
   1.5056
   0.9272
   0.5605
   0.3826
   1.2551
   0.5675
   1.0723
   1.7163
   0.6835
   0.8366
   1.4382
   0.5365
   1.4095
   0.8194
   0.9319
   0.5464
   1.4876
   0.8441
   0.2686
   1.1005
   0.9555
   1.4763
   1.3695
   1.6884
   0.7952
   0.7514
   1.1798
   0.2646
   0.8087
   1.7141
   1.7436
   1.0235
   1.4992
   0.4130
   0.7639
   0.8816
   0.5377
   1.1729
   0.8997
   0.1710
   1.1718
   1.2125
   1.3452
   1.1426
   0.3028
   1.2195
   1.3230

