   0.4830
   0.6730
   0.5117
   0.2888
   0.5928
   0.6012
   0.5056
   0.4789
   1.1059
   0.4900
   0.9905
   1.8551
   1.1538
   0.6758
   0.8002
   2.8487
   0.8692
   0.5243
   0.8724
   1.8838
   0.3977
   0.5729
   0.5382
   1.6894
   1.7952
   2.6037
   0.5790
   1.3164
   1.1319
   1.0073
   0.8705
   2.6227
   0.3275
   0.5097
   0.7887
   0.2225
   1.1554
   0.5486
   0.5240
   0.6540
   0.5958
   1.2855
   1.3567
   0.2410
   1.1130
   0.5864
   2.5391
   0.7822
   1.1111
   1.2470
   1.0854
   1.3821
   1.7443
   1.1238
   1.5213
   2.2733
   1.0798
   0.7011
   0.8864
   0.9301
   0.2814
   1.3953
   0.9310
   1.5721
   0.8584
   0.5413
   1.7429
   1.0822
   0.4548
   0.5878
   0.8225
   2.4830
   0.7024
   1.3690
   1.7307
   0.5301
   0.4932
   0.7366
   0.9265
   0.6677
   1.2416
   0.9259
   0.3333
   1.6514
   1.2413
   0.9453
   0.8243
   0.5522
   1.0499
   0.6881
   2.2017
   0.7743
   0.4915
   1.2686
   0.8145
   0.5869
   0.5530
   0.7297
   0.7283
   0.9672
   1.6468
   0.8511
   0.9053
   0.4550
   0.3429
   1.0384
   0.9434
   1.6718
   1.2896
   1.4067
   0.7894
   1.0733
   1.1790
   1.1930
   1.4996
   0.8217
   1.0513
   0.4731
   1.2076
   1.6303
   0.7164
   1.5793
   1.2811
   0.5285
   1.8019
   1.1908
   0.7872
   1.0855
   1.2103
   0.4513
   1.9616
   0.5566
   1.7931
   0.7969
   0.8563
   1.8748
   0.7521
   0.3426
   0.5593
   0.4704
   1.8282
   1.0789
   0.3661
   1.5457
   0.4892
   1.6351
   0.8627
   0.4467
   1.2696
   1.2932
   1.0204
   3.0693
   0.8251
   0.4094
   0.6990
   0.5570
   0.4793
   0.6143
   0.3329
   2.1629
   0.8329
   1.4394
   0.7532
   0.8199
   0.7133
   0.7283
   1.0076
   1.9048
   1.3846
   0.9896
   1.0061
   0.6743
   0.8643
   0.3694
   1.1286
   0.7268
   1.1559
   0.8382
   0.4912
   0.8530
   1.2713
   0.5581
   1.1900
   1.9539
   1.7315
   0.3949
   1.2749
   0.6391
   0.5831
   0.5716
   2.0682
   0.5551
   1.5353
   1.8046
   0.2075
   0.8594
   0.9996
   0.8562
   0.5748
   0.7166
   0.6441
   1.0889
   0.3819
   1.1935
   0.2532
   0.3512
   0.4222
   2.1782
   1.6347
   0.6083
   1.9365
   0.2102
   0.4409
   0.6005
   1.6482
   3.7803
   0.5981
   0.7789
   0.8060
   0.7189
   1.0659
   1.0233
   0.6509
   0.9591
   0.2806
   0.9832
   0.5541
   0.6433
   0.7187
   1.1737
   0.9594
   0.3417
   1.0517
   0.9235
   0.6851
   1.1015
   0.8385
   1.6528
   0.3488
   0.9933
   0.6612
   0.3897
   1.0002
   0.8290
   0.3329
   1.4851
   0.8796
   2.8022
   1.1391
   1.4068
   0.3062
   0.7291
   0.4754
   0.9212
   2.2417
   1.9477
   0.4996
   1.2367
   1.2530
   0.7336
   1.8361
   0.9366
   0.4956
   1.1680
   0.3772
   1.2839
   0.1557
   0.4364
   0.4273
   0.2492
   0.7489
   0.3372
   0.2779
   1.1083
   1.0864
   1.2241
   1.5261
   1.1418
   0.8182
   0.9717
   0.6114
   1.1846
   0.8410
   2.3035
   0.4859
   0.4524
   0.6573
   1.1290
   2.1869
   1.3949
   0.1660
   1.7597
   1.9068
   0.9447
   0.9265
   0.6788
   0.5476
   0.3630
   0.5889
   0.6924
   1.1537
   1.5343
   1.7877
   0.9583
   0.4205
   0.9759
   1.0106
   0.8791
   0.8147
   1.4999
   1.5674
   1.1361
   1.2380
   0.4854
   0.3784
   3.6959
   0.7220
   0.4675
   0.6749
   0.6573
   1.6856
   0.5148
   2.6999
   1.4589
   1.4362
   0.5119
   0.9662
   0.9154
   0.2092
   2.6860
   0.6600
   1.0108
   0.6508
   1.0582
   0.9484
   0.8172
   1.7098
   0.9119
   0.9848
   1.7750
   1.0501
   0.5409
   0.4992
   2.0802
   0.5945
   0.4000
   1.5765
   1.3027
   0.1681
   0.5271
   1.3167
   0.9666
   1.3106
   1.6368
   1.2938
   0.9365
   1.2918
   0.8443
   1.0573
   1.0540
   0.7149
   1.1579
   1.2025
   1.9750
   0.6285
   0.2347
   0.7060
   0.9641
   1.4783
   0.4420
   0.6810
   0.8981
   0.6776
   1.9768
   1.0602
   0.8863
   1.5520
   0.5453
   0.9212
   1.2857
   1.2341
   0.9000
   0.7490
   0.5626
   1.3659
   2.1919
   1.1054
   1.0027
   0.9449
   0.8379
   1.1144
   0.6804
   0.2432
   1.5927
   0.5295
   1.0921
   1.0752
   1.3033
   1.2633
   1.6864
   1.0860
   1.0252
   0.2851
   0.4197
   1.1851
   0.5704
   0.4429
   0.5573
   1.3640
   0.3541
   0.3967
   1.2972
   0.1989
   1.0995
   1.0549
   1.3884
   0.5665
   1.8835
   0.7539
   1.1147
   1.3397
   0.4205
   1.4281
   0.9360
   0.3721
   0.9635
   0.4743
   0.6697
   1.0506
   0.7033
   1.2888
   0.9633
   2.6318
   0.9834
   0.3622
   0.5680
   0.1345
   0.5269
   0.2982
   0.8949
   1.8448
   0.8413
   0.4058
   1.4079
   0.7847
   0.1806
   1.4544
   1.9763
   0.7772
   1.1249
   1.3646
   0.6742
   2.8788
   1.6334
   0.4966
   0.6201
   1.0253
   1.9344
   0.3525
   0.3943
   0.4328
   0.9374
   0.9276
   0.3130
   1.2875
   1.0974
   1.0031
   0.7136
   1.6139
   0.3216
   2.4017
   0.7998
   0.8685
   0.5990
   0.5018
   2.0699
   0.9408
   0.6243
   0.7138
   1.5029
   0.5312
   0.8408
   0.8459
   2.3461
   0.6298
   0.7195
   1.3946
   0.8645
   1.0433
   1.0024
   1.2913
   0.2984
   1.7277
   1.1781
   1.1568
   0.2444
   1.5693
   0.3775
   0.5274
   0.8120

