   2.2726
   0.4611
   0.5409
   0.3447
   0.6701
   1.4347
   0.6867
   1.0626
   0.7628
   1.2795
   0.4948
   3.3416
   1.3104
   1.3739
   0.5684
   0.9078
   0.9151
   1.2423
   1.0277
   0.6449
   0.3864
   1.4005
   0.8201
   1.7841
   0.3438
   2.3604
   1.6001
   0.6073
   0.7860
   1.5513
   1.4294
   0.5068
   1.1351
   1.6265
   0.3173
   0.5208
   1.1199
   2.1679
   1.1139
   0.8051
   0.6893
   1.5123
   2.2581
   1.6744
   0.8570
   0.9500
   0.4745
   1.3289
   0.3503
   0.7757
   0.2271
   0.4070
   0.8618
   0.3162
   1.0760
   0.8151
   1.3181
   0.8889
   0.6120
   1.1012
   0.4565
   0.9081
   0.2630
   0.4388
   0.6319
   0.4657
   2.6449
   0.9208
   1.5144
   0.6979
   0.6177
   0.8249
   1.6265
   1.5128
   1.6997
   0.9683
   0.9479
   0.7726
   1.2508
   1.3646
   0.4448
   0.4451
   1.5734
   1.0649
   1.3990
   1.1030
   0.5397
   0.6506
   0.6437
   1.6713
   0.5488
   1.8793
   0.4751
   1.2515
   1.0211
   0.7308
   0.3358
   1.4060
   1.3984
   2.0157
   0.6976
   0.9877
   1.3394
   1.1017
   0.6723
   1.0196
   0.7029
   1.2766
   1.1781
   0.5725
   1.2661
   2.1900
   0.5668
   1.0256
   0.8933
   1.1519
   1.2811
   0.8143
   1.2635
   1.5108
   0.8731
   0.4161
   0.7745
   0.4458
   0.5839
   0.6835
   0.5699
   0.8339
   0.9202
   0.7698
   0.7984
   0.8423
   1.3197
   1.3796
   1.2030
   0.2163
   0.7950
   0.4431
   0.9575
   0.2891
   1.6290
   0.9648
   2.7504
   0.9213
   1.3272
   0.6918
   0.7073
   0.7559
   0.5019
   0.9413
   0.6659
   0.7612
   0.7518
   1.0984
   2.5569
   0.5457
   0.7156
   2.5739
   0.9087
   1.6051
   1.0275
   0.9370
   1.5546
   0.4519
   1.0854
   1.3344
   1.2856
   1.2151
   0.7792
   1.8717
   1.7555
   0.4984
   1.2070
   0.4904
   0.9747
   0.8864
   0.5262
   0.3021
   1.2780
   1.1439
   1.4611
   1.3568
   0.5719
   0.8252
   0.5841
   1.0188
   0.6199
   0.8111
   1.2728
   1.0246
   2.0891
   0.4476
   1.9715
   0.6976
   2.6488
   0.2486
   0.7493
   0.5085
   0.9422
   2.0761
   0.6403
   0.6889
   0.9793
   0.9215
   0.7895
   1.4178
   0.9121
   1.6797
   0.5375
   0.9902
   0.8897
   0.7934
   1.4010
   1.8172
   0.9497
   0.8182
   0.7117
   0.8181
   1.0770
   0.6964
   1.0090
   0.5861
   1.7576
   0.9045
   0.2910
   0.6704
   1.0549
   0.9124
   0.5743
   0.3991
   0.8188
   1.4977
   0.6912
   1.1439
   1.8042
   0.6181
   2.0870
   1.9453
   0.9191
   1.3159
   0.5419
   1.3756
   1.3793
   0.9044
   0.7494
   0.6870
   1.1313
   1.0792
   0.1926
   0.2640
   0.5843
   1.0207
   1.2206
   1.2104
   0.7367
   0.3566
   0.7437
   0.6142
   0.2512
   0.2291
   1.2578
   0.8378
   0.5879
   0.4238
   0.1897
   0.7297
   0.4877
   2.1646
   0.5386
   0.6735
   1.2832
   1.7866
   2.0863
   0.7397
   0.7078
   1.1254
   1.4637
   1.4653
   0.4338
   0.7897
   0.7967
   0.4113
   0.5938
   1.0752
   0.5963
   0.3262
   1.2280
   0.9488
   1.2283
   2.0301
   1.0607
   1.5283
   1.2100
   0.4107
   1.1721
   0.8813
   1.0867
   2.0801
   1.0063
   0.5039
   1.3315
   0.9295
   0.4008
   0.9214
   0.9668
   0.7991
   0.7380
   0.2340
   0.6302
   1.7107
   1.1105
   0.5216
   0.7520
   0.5870
   0.7453
   0.8805
   1.0191
   0.6688
   1.2028
   1.3563
   0.8355
   1.0616
   1.7322
   1.0230
   0.6228
   1.3256
   0.4110
   1.8995
   0.8964
   0.6330
   0.4146
   0.6786
   0.4706
   0.5103
   1.1224
   0.3391
   1.2412
   0.9878
   0.7917
   0.6616
   0.3413
   0.9228
   0.5603
   2.9511
   0.6313
   1.7024
   1.0578
   1.9668
   1.2978
   1.2412
   0.9673
   2.1973
   0.3351
   1.2877
   0.8506
   0.5515
   0.4872
   0.5022
   1.4817
   1.3108
   1.0189
   0.8481
   0.5615
   0.6887
   1.0189
   1.4983
   1.9427
   1.0478
   0.7549
   1.8689
   1.6409
   0.8001
   1.2941
   1.6341
   0.9344
   0.7941
   0.7589
   0.7651
   0.7589
   1.7238
   0.3558
   0.3329
   0.4580
   3.7345
   1.2575
   0.5302
   0.7070
   0.7394
   0.3547
   0.6237
   0.6634
   0.5778
   0.7370
   0.7134
   0.4571
   0.9730
   0.4017
   0.8919
   1.7808
   2.1304
   1.2264
   1.5281
   1.2397
   2.3886
   1.5698
   1.2457
   0.8956
   0.4705
   0.8927
   0.6577
   1.6295
   0.6861
   0.8497
   0.8402
   1.3875
   1.2601
   0.8054
   0.3505
   1.3621
   0.6498
   0.6727
   0.4330
   0.6733
   1.1313
   0.5696
   0.5892
   1.2560
   1.6617
   1.0983
   0.8290
   0.6285
   1.1293
   1.7649
   1.0707
   0.5572
   1.1857
   0.3008
   1.2738
   0.1631
   1.2530
   2.2342
   0.8799
   0.4438
   0.5333
   0.2646
   0.8528
   0.8994
   0.3075
   1.3093
   2.1676
   1.3531
   0.9675
   0.7957
   0.4794
   0.9385
   0.5824
   0.6982
   1.1558
   0.5524
   0.6798
   0.4062
   1.6918
   1.1251
   1.7678
   0.9704
   0.8286
   1.2399
   1.1014
   1.0470
   0.9698
   0.5248
   0.7255
   0.6536
   1.6947
   0.2375
   1.7257
   1.9868
   0.5473
   0.5072
   0.8996
   1.7823
   0.3752
   2.3893
   0.9647
   0.8237
   1.6341
   1.1194
   0.4743
   0.4181
   2.1247
   1.5610
   0.3823
   2.0072
   2.0587
   0.9714
   2.2345
   1.9881
   1.7047
   0.4855
   0.4044
   0.4943
   2.3059
   0.6038
   0.2779
   1.0068
   0.9697
   1.0357
   0.8139
   0.7972
   1.6143
   0.8539
   0.7980
   1.5271
   1.3355
   0.6502
   0.8636
   0.6617
   0.7751
   2.4578
   1.2445
   1.1603
   0.6371
   0.9091
   0.6852
   1.0207
   0.7163
   1.2744
   0.7504
   1.6201
   1.8410
   1.0995
   0.6612
   0.7338
   0.6959
   0.4178
   0.8386
   0.5785
   0.6755
   0.6125
   0.7254
   0.9165
   0.8770
   0.9726
   0.9489
   1.8325
   0.6620
   0.7562
   0.6772
   0.4433
   0.5428
   0.6842
   0.5906
   1.5127
   1.5568
   0.8933
   0.6523
   1.1697
   0.7887
   0.7406
   0.3172
   1.5132
   1.1791
   1.6258
   0.5300
   1.0529
   1.3351
   1.3343
   0.5931
   0.4226
   0.2512
   1.8305
   0.6779
   0.9098
   1.9426
   1.3158
   0.6101
   0.2929
   0.6502
   0.6831
   0.8906
   1.3613
   0.4366
   1.2849
   1.2116
   0.6277
   1.1574
   0.3423
   0.5968
   1.0489
   1.6089
   0.4790
   1.0722
   1.1128
   0.3441
   0.1270
   0.5983
   1.4916
   1.8263
   1.4216
   0.8168
   0.5271
   0.7413
   1.6536
   1.2921
   0.3209
   0.9695
   0.4909
   0.3076
   0.6342
   0.8096
   1.4905
   0.3021
   0.2971
   0.7739
   0.6770
   0.5693
   1.6819
   0.6536
   1.4634
   1.3218
   1.2073
   1.3183
   0.9353
   1.0494
   0.3483
   0.5545
   0.8514
   0.4720
   0.6256
   1.2788
   2.5357
   1.6739
   0.2531
   1.4565
   1.3169
   0.7162
   0.5729
   0.5455
   0.8557
   0.4006
   0.8905
   0.3870
   1.3115
   0.3779
   0.5720
   0.8032
   1.9091
   1.3066
   0.4142
   0.5824
   0.8966
   2.1452
   1.1186
   0.2787
   0.4182
   1.8748
   1.1048
   1.3458
   0.4070
   0.4962
   1.2163
   0.9901
   0.3146
   1.1711
   0.6275
   0.9697
   0.3324
   0.5171
   0.7551
   1.0167
   1.2755
   0.5771
   0.1536
   1.2597
   0.5431
   1.0825
   2.1511
   0.5184
   0.9157
   0.2781
   2.1073
   0.7548
   1.2358
   1.0357
   0.4771
   1.1593
   0.3468
   1.0403
   1.1015
   0.5325
   0.5000
   1.1878
   0.6343
   1.6572
   0.9973
   1.8129
   0.7907
   1.2838
   0.3756
   1.1737
   0.5462
   1.6204
   1.3395
   1.0335
   1.2667
   1.3276
   0.4894
   0.6585
   1.1602
   0.9077
   0.7248
   0.7419
   2.2743
   0.4446
   1.7764
   1.1552
   0.5363
   0.6300
   1.9949
   1.2152
   1.0554
   0.8173
   2.1308
   0.6590
   0.4533
   2.1252
   0.5407
   0.8348
   0.9795
   1.5183
   0.4156
   2.1255
   1.2261
   0.7753
   0.8708
   1.7051
   0.3722
   1.2096
   1.8324
   0.5123
   0.6724
   0.6433
   0.7803
   0.4450
   1.0829
   1.2264
   1.0634
   0.8010
   0.4358
   1.7651
   1.7666
   0.8212
   0.3889
   1.0972
   1.4177
   0.4471
   0.2139
   0.6482
   1.4213
   0.2248
   0.6439
   0.6398
   0.5185
   0.4240
   0.6964
   0.4559
   2.0851
   1.7798
   1.3237
   0.6256
   0.7099
   0.8469
   0.8647
   2.5924
   0.6709
   0.2090
   0.8420
   1.1622
   0.5423
   1.7496
   0.9496
   1.1150
   1.0778
   0.6494
   0.8506
   0.6278
   0.6607
   0.5337
   1.0684
   0.4471
   1.3351
   1.4450
   1.2469
   0.7308
   0.7172
   0.8818
   0.7728
   0.6305
   0.5410
   0.5718
   2.2377
   0.4964
   0.6095
   1.8879
   0.9939
   0.8959
   0.8115
   1.0348
   0.7415
   0.9461
   0.3688
   1.3352
   1.0884
   0.5988
   0.5934
   1.4104
   1.6736
   1.7571
   0.8560
   1.4912
   1.7640
   3.0058
   0.5078
   0.4749
   1.7491
   0.8723
   0.8709
   0.9751
   1.0556
   0.9472
   0.4602
   2.1277
   1.2448
   0.8147
   0.2949
   0.7638
   1.0317
   0.6983
   0.5632
   1.3348
   1.1648
   1.6478
   0.9959
   0.3700
   1.7570
   0.4626
   1.3571
   1.1566
   0.6408
   0.7079
   1.1299
   1.7162
   0.6488
   1.8103
   0.7809
   1.8137
   0.8367
   0.7101
   0.8997
   0.6422
   0.6299
   0.9715
   1.0864
   0.9658
   0.8840
   0.6625
   0.6477
   1.2857
   1.7322
   1.0318
   0.9985
   0.3840
   0.4795
   0.8797
   0.9649
   0.9189
   0.9945
   1.0248
   1.4045
   2.1698
   0.8031
   0.9349
   0.4890
   1.1547
   1.6072
   0.3528
   0.5631
   1.0050
   2.0037
   1.2236
   0.8614
   0.6258
   0.5696
   0.8587
   0.5709
   1.4798
   1.3196
   1.1293
   0.6231
   2.0280
   1.3893
   0.8500
   0.7786
   0.4794
   2.9470
   0.8826
   1.0200
   0.7088
   1.0525
   3.3564
   1.1228
   1.9655
   0.9511
   2.5201
   1.0797
   0.4428
   0.6166
   1.5978
   0.7282
   1.3330
   1.1283
   1.8869
   0.9391
   1.0428
   2.0658
   0.6192
   0.5834
   0.8807
   1.1190
   1.2216
   0.4407
   2.5374
   0.1851
   1.5457
   1.2512
   1.0154
   0.8923
   2.8543
   0.6390
   1.0750
   3.0497
   1.7253
   0.6270
   0.4913
   0.1584
   0.3291
   0.9695
   0.2567
   0.8999
   0.1596
   1.6393
   2.6866
   0.4165
   0.5714
   0.9299
   0.8424
   1.1281
   0.4219
   0.8449
   0.9473
   0.7082
   0.4253
   0.9340
   0.8597
   1.1210
   0.6780
   0.9890
   0.5809
   0.7271
   1.9418
   0.8894
   1.8695
   1.0712
   0.6911
   2.0262
   1.2011
   1.0800
   0.6799
   1.7178
   0.7078
   0.9018
   0.5245
   2.4341
   1.4810
   0.6350
   0.6728
   1.1946
   0.5872
   0.2850
   1.1851
   0.9857
   0.3221
   0.7857
   0.4932
   0.5726
   0.5661
   0.6104
   0.6865
   0.4823
   0.9303

