  1.3574e+000
  1.9517e+001
  8.1528e+000
  1.5794e+000
  8.8187e+001
  1.7323e+002
  5.2668e+001
  1.4138e+000
  3.0083e+000
  6.7611e+002
  1.5790e+000
  5.2242e+002
  8.6937e+000
  1.6016e+002
  1.7527e+001
  3.4767e+002
  7.1165e+000
  6.6102e+001
  1.9809e+000
  5.1933e+000
  4.8941e+000
  2.8077e+001
  1.5298e+000
  1.0588e+002
  2.8642e+001
  3.3070e-001
  2.7438e+001
  2.2518e+000
  2.7074e-001
  1.3631e+000
  1.1758e+002
  7.7126e+002
  4.0472e+000
  7.4841e+000
  1.7394e+000
  1.5008e+002
  5.0777e+000
  1.8635e+000
  2.6466e+002
  1.0556e+000
  6.2518e+000
  9.2280e+001
  2.7926e+001
  1.4861e+000
  6.2590e-002
  9.2042e+002
  5.1972e-001
  3.4581e+002
  4.6901e+001
  1.0208e+000
  1.0154e+002
  5.4502e+000
  6.9727e+000
  1.8335e+002
  2.9789e+002
  3.4790e-001
  6.2677e+002
  4.3460e+000
  8.6020e+001
  1.1298e+000
  1.1231e+000
  2.1103e-001
  6.3050e+001
  8.8946e-001
  1.4512e+002
  5.7633e+002
  4.9616e+001
  1.9613e-001
  3.0070e+002
  5.1728e+001
  1.1213e+000
  9.4332e+000
  2.3152e+002
  5.3622e+000
  3.1105e+000
  4.2598e+000
  3.4716e-001
  2.9802e+000
  5.4860e+002
  3.8525e+000
  9.8445e+000
  1.0660e+002
  1.3924e+002
  1.1065e+001
  2.8330e-002
  5.5716e+000
  1.4649e+001
  4.3963e+000
  1.7090e+001
  5.4493e+001
  2.5300e+001
  5.9503e-001
  5.0071e-001
  4.2896e-001
  1.2550e+001
  3.5930e+000
  6.7378e-002
  7.7448e+000
  3.1803e-002
  1.3525e+001
  4.7949e+002
  1.5065e+002
  4.6726e-001
  7.8877e+000
  2.6450e+002
  9.5112e+001
  1.1399e+003
  1.8431e+001
  2.5977e+000
  1.0262e+001
  1.4967e+002
  7.6457e+002
  3.7901e+001
  5.6885e+000
  4.2379e+002
  6.0002e+002
  3.6168e+002
  3.0704e+002
  6.5915e-001
  1.4516e+001
  4.7080e+002
  7.5106e+000
  9.3611e-001
  9.0716e+000
  2.1140e-001
  2.4313e+000
  4.9008e-001
  6.4708e+001
  2.6704e+001
  7.6721e+000
  4.1539e+000
  4.0208e+001
  1.6980e+001
  2.0707e+000
  1.3187e+000
  6.3681e+001
  1.0087e+000
  3.3383e-001
  4.5385e-002
  8.5979e+001
  1.8374e-001
  4.8668e+002
  1.0776e+001
  6.0843e+001
  3.8214e+000
  3.0310e-001
  1.4583e+000
  1.9194e+002
  4.2317e+001
  2.7157e+001
  3.2252e+002
  1.7535e+000
  3.7641e+000
  3.4165e-001
  1.0813e+000
  1.2853e-001
  1.2084e+002
  2.1513e-001
  7.9198e-002
  1.1263e+001
  3.6503e+002
  3.2439e+001
  6.6522e+002
  4.0489e+001
  2.4415e+002
  1.4478e+001
  1.4081e+000
  3.7248e+000
  1.8543e+002
  5.3373e-003
  8.3858e+001
  1.6031e+001
  2.6028e+001
  1.7660e-001
  6.0591e-001
  7.8958e+001
  2.4493e-001
  2.1437e+000
  1.0598e+001
  3.6876e+001
  5.3525e-001
  4.1753e+001
  9.0938e+001
  1.0726e+001
  9.7164e-001
  2.1304e+001
  4.1560e+002
  1.6596e-001
  4.6110e+001
  1.8576e+000
  2.4568e+001
  6.7379e+001
  1.5023e+000
  1.0227e+002
  4.0329e+001
  1.5550e+002
  4.8742e+000
  1.2458e+001
  1.9009e-001
  5.1084e-001
  2.1769e+001
  1.9676e-001
  2.9189e+000
  1.1209e+002
  1.2168e+000
  1.3292e+002
  4.2457e+001
  4.2586e+002
  2.6255e-001
  8.0626e-001
  2.3080e+001
  2.3127e+000
  1.2352e-001
  4.8620e-001
  4.1174e+002
  7.5633e-001
  1.1068e+001
  4.7022e-001
  3.7998e+001
  1.4165e+001
  3.9092e+001
  6.8630e-001
  2.9871e+002
  1.3121e+002
  4.9493e+001
  3.0171e+000
  4.8693e+001
  7.9459e+001
  1.9481e-001
  3.7108e+000
  6.0769e+001
  1.5921e-001
  1.1697e+003
  6.3398e+001
  3.1460e+001
  2.9344e+001
  3.1060e+001
  3.5280e+001
  3.6829e+001
  4.3138e+002
  2.7847e+000
  1.7630e+001
  7.3973e-001
  2.1322e-001
  5.8428e+000
  2.8215e+000
  6.9871e+001
  5.0406e+000
  3.0710e+002
  5.2023e+001
  5.2782e+002
  4.3582e+002
  6.5320e+001
  8.5625e-002
  4.7562e+001
  1.3656e+002
  2.1173e+000
  1.8601e+001
  2.0613e+002
  3.6951e+001
  1.7230e+001
  5.1583e+000
  5.6973e+000
  1.3861e+002
  5.5969e+001
  4.4195e-001
  1.7393e+002
  1.3959e+002
  1.3058e+003
  1.2867e+002
  4.2753e+000
  3.4599e+001
  7.2674e-001
  1.3485e+000
  1.8642e+001
  1.7592e-001
  2.2519e+000
  1.7247e-001
  3.4143e+002
  6.0685e+001
  9.6323e+000
  8.6090e+001
  3.2811e-001
  7.3357e+001
  6.8359e+000
  2.2874e+000
  2.3680e+000
  6.9748e-001
  5.9018e-002
  8.4174e+000
  6.2502e+001
  1.6041e+000
  1.0572e+001
  1.0879e+002
  2.6768e+001
  2.6499e+002
  1.3199e+000
  4.2856e+000
  1.0971e+002
  5.5243e+002
  6.2636e+001
  3.6925e-002
  5.3504e-001
  8.7773e+002
  3.8404e+000
  9.1408e-001
  2.9339e+001
  2.1865e+000
  1.1247e+002
  1.3960e+001
  3.0632e+000
  7.3557e+001
  2.5194e+001
  1.2248e+000
  4.8020e+000
  9.9743e+000
  1.1691e+002
  8.0258e+000
  8.7864e+000
  1.0518e-001
  5.3430e-001
  3.9527e-001
  8.0728e+001
  2.2025e+002
  2.8687e+002
  3.1146e-002
  1.3595e+002
  3.2342e+000
  3.1256e+002
  8.2261e+000
  2.3129e+001
  5.3349e+000
  7.9406e-001
  1.3267e+001
  1.3776e+001
  2.4829e+002
  2.4233e+000
  4.3318e+001
  3.7193e+001
  8.3577e-001
  9.1021e+001
  3.8403e+002
  1.0069e+001
  7.3007e+002
  2.3718e-002
  1.9959e-001
  4.0534e+000
  1.5340e+002
  1.2931e-001
  1.3339e+001
  1.1294e+003
  5.3660e+001
  2.4667e-001
  1.9017e-001
  2.7137e-001
  1.9053e+001
  6.8649e+000
  1.1957e+000
  3.9357e+002
  1.7115e+002
  3.2088e-001
  3.3200e+002
  5.3067e+002
  4.6618e+002
  9.1213e+001
  4.9258e+001
  2.0368e-001
  3.5671e+001
  4.2506e+000
  6.5172e+000
  3.3109e-001
  1.2908e-001
  1.1434e+002
  3.8482e-001
  4.1464e+002
  1.0367e+001
  1.6326e-001
  1.7334e+001
  1.4397e+001
  2.3325e+001
  2.3720e-001
  1.2564e+000
  1.1758e+001
  8.1253e-002
  6.2869e+001
  1.3739e+002
  4.7275e+001
  3.0028e+002
  7.3238e+002
  2.9467e+000
  2.2625e+002
  3.8824e+000
  2.7001e+001
  5.9645e-002
  3.8806e+000
  1.0406e+001
  2.6465e+000
  8.5334e+001
  4.3943e+000
  1.2607e-001
  5.9844e+002
  2.3642e+001
  3.9330e+001
  2.2747e+000
  6.9438e-001
  7.1845e+001
  9.6924e-001
  4.6963e-001
  1.8221e-001
  2.1626e+002
  2.5191e+002
  1.0484e+001
  8.1686e-001
  3.3296e+002
  8.3547e+001
  2.6545e-001
  1.0190e+001
  4.0316e+000
  2.0682e+001
  1.5525e+002
  1.4245e+001
  1.7393e+002
  7.0602e+001
  2.9229e+002
  2.5951e+001
  9.4675e+002
  1.1098e+001
  9.4715e+000
  4.1258e+001
  1.2652e+002
  1.5514e+001
  9.5595e+001
  3.2966e+000
  2.0366e+002
  4.3629e+000
  6.2920e-001
  2.2819e+001
  9.2403e-001
  2.1171e+002
  5.3199e-001
  1.8430e+000
  8.7392e+001
  2.1759e+000
  6.0215e-001
  5.4400e+000
  1.2792e+002
  2.3771e+002
  5.4859e+002
  8.8191e+000
  5.4878e+002
  1.4601e+000
  1.5443e+001
  8.6694e-001
  1.5240e+001
  1.5689e-001
  4.4042e+001
  3.3947e+001
  5.3618e+002
  1.6056e+000
  9.9399e+001
  8.3520e-001
  8.3113e+001
  4.9268e+002
  1.6520e+001
  5.0514e+001
  2.4282e+002
  7.6554e+002
  1.4819e+002
  3.1985e+001
  4.8890e+001
  2.2667e+000
  6.6013e+000
  7.6020e+000
  4.1283e+000
  2.8016e+002
  1.2112e+000
  3.8055e-001
  5.1595e-001
  1.5549e+000
  5.2049e+001
  1.0926e+001
  4.0584e+002
  2.8546e+000
  4.1196e+000
  3.1548e+001
  5.6928e+001
  1.7857e+000
  8.5192e+001
  2.3874e+001
  6.7113e+001
  1.7262e+002
  9.9655e-001
  2.4028e+000
  2.4357e+001
  1.9657e-001
  1.9943e-001
  8.1274e+000
  7.8760e+000
  1.0002e+002
  2.5439e+002
  7.8640e-002
  2.2819e-001
  1.2071e+002
  1.8876e+000
  3.4946e+001
  2.7406e+001
  4.0882e-002
  3.7834e+001
  5.1935e-001
  2.1020e+000
  8.9318e+000
  1.4975e-001
  4.6047e+002
  4.9040e+002
  6.7686e+001
  2.2481e+000
  6.4257e+001
  4.9598e-001
  2.5692e+002
  1.8206e+001
  5.3579e-001
  2.0494e+002
  2.2303e+002
  1.1362e+000
  3.2137e+002
  1.1877e+002
  7.3288e+001
  2.3976e+001
  9.7331e-002
  1.4795e+000
  2.6818e+001
  2.9997e-001
  1.0137e+000
  6.5209e+000
  3.9113e+001
  2.4176e+000
  3.1580e+000
  3.8224e+002
  7.3220e+000
  8.8240e-001
  2.4787e+002
  9.1439e-002
  9.6143e+001
  3.4807e+001
  9.0941e+002
  5.1478e+001
  1.2662e+001
  1.2626e+001
  1.7058e+002
  1.4396e+000
  2.5617e+001
  4.8221e+002
  6.9980e+001
  1.2378e+001
  8.7342e+001
  2.6400e+000
  6.3318e+000
  1.8211e-001
  2.1583e-001
  8.1255e-004
  4.9736e+001
  5.1120e+001
  1.6850e+002
  1.0262e+001
  1.7055e+002
  2.1654e+002
  3.3265e+000
  7.6727e-001
  3.8374e+000
  6.3450e+002
  9.8697e-001
  3.8176e-001
  1.1904e+000
  2.2541e+002
  3.1762e+002
  1.6723e+001
  1.3354e-002
  5.0483e+001
  7.7091e+000
  2.9244e+001
  2.1562e+001
  4.1984e-001
  4.2944e-002
  2.3786e-001
  7.2030e-002
  1.6098e+001
  3.7410e+001
  1.0120e-001
  6.4920e+001
  3.3210e+001
  1.5087e+000
  9.0330e-001
  1.1274e+001
  2.0668e+002
  1.0249e+001
  9.2558e+001
  1.2888e+001
  1.9442e+002
  3.7240e+002
  9.3939e+002
  7.4693e-002
  4.7043e+000
  3.9464e+000
  5.2219e-002
  1.2266e+002
  3.7264e+000
  1.1439e+002
  5.1326e+001
  6.6067e-001
  1.1930e-001
  8.4931e+002
  3.8256e+001
  9.6520e-001
  7.5484e+000
  8.6865e-001
  1.4698e+001
  1.4436e+001
  1.5307e+002
  2.7569e+001
  2.0841e+002
  3.8083e+001
  1.7062e+002
  1.1027e+002
  8.5491e+001
  6.1939e+001
  6.4173e+002
  8.5515e-001
  1.2621e+002
  2.6736e+002
  4.3221e-001
  3.6593e-001
  1.3518e+002
  2.9910e+001
  4.1219e+002
  5.3327e+000
  1.7676e+002
  1.5102e+001
  3.8251e-001
  2.0063e+000
  2.5069e+002
  8.3026e+000
  1.8211e+002
  1.3802e+002
  4.4281e+001
  1.7538e+002
  1.4152e+000
  8.7124e+000
  6.9788e+002
  1.7055e+001
  5.4988e+000
  3.6967e+002
  7.6432e+001
  2.0990e+001
  6.9540e+000
  1.3323e+002
  6.2755e-001
  3.9201e+002
  4.0364e+001
  7.6873e+002
  3.7879e-001
  1.1515e-001
  1.0255e+002
  1.3395e-001
  2.3002e+001
  3.1429e+001
  1.5925e+002
  4.4326e+000
  1.0128e+000
  8.2250e+001
  3.9758e+000
  3.3272e+001
  4.6445e+001
  6.8507e-001
  1.0875e+001
  8.3397e+000
  5.0626e+001
  4.3688e-001
  9.7177e+001
  4.7020e-001
  3.7783e+000
  6.7109e+001
  2.1094e-001
  1.0090e+002
  6.7239e-001
  3.1000e+002
  1.2503e+002
  3.4841e-001
  1.9751e+001
  9.3594e-001
  6.4727e-001
  4.3388e+000
  5.4257e+001
  4.7742e+000
  2.3913e+000
  9.6509e-001
  1.4025e+002
  3.3968e+002
  1.2514e+000
  5.2326e+000
  2.0860e+002
  2.1118e+000
  3.3328e+000
  1.0568e+000
  7.8370e+001
  6.3795e-001
  5.1396e+002
  2.9561e+002
  1.8209e+002
  2.0138e+001
  1.8255e+001
  4.0301e+002
  1.0812e+000
  2.2947e+001
  7.5361e+001
  6.1180e+002
  3.8007e+002
  1.2269e+002
  1.9593e+000
  6.8833e+000
  2.8157e+002
  1.4432e+001
  4.0366e+000
  5.7199e+000
  1.4147e+001
  3.0526e+000
  1.7097e+002
  4.7003e+002
  7.3203e-001
  2.0984e+001
  9.0785e-001
  1.8056e-001
  7.3900e-003
  3.3074e+000
  9.7955e+000
  1.0545e+000
  4.4393e+001
  4.0842e-001
  2.4864e-001
  3.1790e+001
  4.0147e+000
  5.8597e+001
  4.5309e+000
  6.5979e-001
  1.8889e+002
  1.3404e+000
  2.9305e+001
  1.1900e+002
  3.4986e+002
  5.6173e-001
  2.8987e-002
  4.4060e-001
  1.2223e+003
  5.7566e+001
  3.4850e+002
  4.5319e+002
  3.2979e-002
  8.6275e+000
  8.0233e-002
  2.3918e+000
  3.7519e+002
  1.0051e+002
  1.5515e+001
  7.5635e-001
  1.4301e+002
  4.1550e+002
  1.4364e+001
  1.3269e+000
  3.0430e+002
  1.8631e+001
  8.5011e+002
  1.7267e+001
  7.9858e+002
  5.4886e+000
  5.4611e-001
  1.0718e+002
  5.4831e-001
  6.2172e+000
  1.1508e+002
  3.1310e+002
  6.9716e+001
  4.9312e+000
  4.1800e+001
  3.3738e-001
  5.1710e-001
  1.4320e+001
  5.8353e-002
  2.2876e+001
  1.2094e+002
  2.7774e+001
  5.4969e+000
  2.1887e+001
  1.5698e+000
  5.9723e-001
  9.0659e+001
  1.2427e+002
  1.4798e+001
  4.4277e+000
  1.9907e+002
  7.4498e+000
  4.4801e+000
  6.1822e+002
  4.9746e+002
  3.0600e+001
  1.2437e+000
  3.8332e+002
  9.4757e+001
  4.1310e+000
  2.8464e+001
  5.7473e+002
  1.0646e-001
  2.1076e+001
  1.3127e+002
  1.2066e+002
  3.7757e+002
  2.8971e+000
  2.1761e+000
  6.4228e+000
  1.4054e+001
  1.0276e+001
  3.5351e+000
  2.7123e+001
  5.7399e+000
  2.1723e-001
  2.4439e+001
  6.0263e+001
  2.4398e+000
  4.6377e+002
  4.8563e-001
  2.1269e+001
  7.1126e+001
  1.3716e+000
  2.1791e+000
  7.1895e+001
  2.5381e+001
  1.3319e+000
  6.8057e+001
  3.8487e+001
  1.2719e+002
  1.5218e+000
  1.3900e+001
  2.4616e+000
  2.4071e+000
  3.4986e+002
  2.1891e+002
  2.8848e+000
  2.1863e+000
  5.3449e+000
  8.2780e+000
  1.9430e+002
  3.5839e+002
  7.1775e+000
  2.3830e+001
  5.1972e-001
  1.0749e+002
  2.6348e+002
  1.3065e+003
  1.6759e+000
  5.5971e-001
  1.1952e-001
  7.7868e+001
  3.2619e+002
  8.2441e-001
  6.7632e+000
  4.0945e+001
  4.0275e-001
  1.4485e+001
  1.3742e+001
  1.7069e+002
  1.8862e+001
  1.1258e+002
  2.1964e+002
  9.8128e+001
  7.6385e+000
  1.8519e+002
  1.0338e+002
  3.1442e+001
  4.4937e+001
  5.2129e+001
  1.9981e-001
  4.0427e-003
  5.8704e+001
  1.1860e+001
  1.9766e-001
  1.1305e+002
  7.9706e+001
  1.4728e+002
  1.7323e+001
  1.6823e+001
  2.6120e+001
  3.7459e+002
  1.9705e+002
  3.7917e+000
  5.6440e+000
  5.3325e+000
  4.4804e+002
  1.6679e+000
  7.4476e+001
  2.5427e+002
  8.6554e-001
  6.6545e+000
  7.2322e+002
  7.3368e+002
  2.4910e+001
  2.5828e-001
  5.3019e+001
  1.1561e+001
  2.4876e+002
  6.6333e-001
  3.6335e+000
  2.1585e+000
  9.1265e-001
  1.2688e+001
  3.4361e+001
  3.2628e+001
  1.8884e+001
  1.4661e+001
  1.6331e+002
  1.2925e+001
  1.6177e-001
  1.9054e-002
  3.4773e+002
  4.2275e+001
  3.2088e+002
  5.0897e+001
  1.3832e+003
  3.0736e+001
  1.3709e+000
  2.5205e+001
  2.1484e+002
  3.7009e+000
  1.0365e+003
  3.1713e+000
  1.6565e+002
  2.2363e+001
  7.8927e+000
  2.6363e+000
  1.4372e+000
  1.0979e+002
  7.1030e+000
  2.1350e+002
  3.7306e-001
  3.3167e-001
  6.0782e-001
  2.7715e+001
  2.9511e+002
  1.0222e+000
  6.4085e+000
  4.8444e-001
  1.7878e+002
  1.6113e+001
  2.7842e-001
  3.6727e+001
  5.5974e+002
  8.4738e+000
  5.3090e+000
  1.2045e+001
  1.4689e+000
  3.2274e-001
  8.5551e+002
  7.7062e-001
  1.4098e+001
  2.8617e+000
  5.4233e+002
  7.9476e+001
  1.8729e+002
  5.0932e+002
  2.5933e+002
  7.1498e-001
  5.7489e+000
  1.0995e+002
  2.5389e+000
  2.2613e-002
  3.4277e+000
  2.6666e-001
  1.8315e+000
  2.1443e+002
  5.1120e+000
  5.0048e+002
  4.1463e+000
  1.8886e+002
  2.5347e+001
  3.2981e+001
  1.9728e+001
  4.7178e+002
  4.4118e+002
  4.6880e+002
  1.0759e+001
  5.0564e-001
  5.9081e-001
  6.1615e+001
  4.0811e+001
  3.5571e+000
  2.9907e+000
  8.9907e+000
  8.7125e+001
  1.5007e-001
  5.4140e+001
  1.2621e+000
  1.0045e+000
  1.6869e+001

