   0.3648
   0.9548
   1.4357
   0.4419
   1.4749
   0.3663
   1.1171
   0.8888
   4.4492
   0.7491
   0.0652
   0.5375
   1.2675
   2.5717
   1.1518
   0.2569
   0.5016
   0.4361
   0.3422
   0.0307
   0.3898
   0.8224
   0.6437
   1.1198
   0.6059
   4.3523
   0.4990
   1.5038
   1.3662
   0.3123
   0.4898
   3.8616
   0.2137
   0.9314
   0.4363
   0.2396
   1.3157
   0.2648
   0.1057
   0.9618
   4.9440
   1.5249
   1.5678
   0.1126
   0.5594
   0.6613
   2.3148
   0.0947
   0.9410
   1.0515
   0.2634
   0.4961
   0.4445
   0.6058
   1.6504
   1.3616
   0.1771
   0.2716
   0.3763
   1.2479
   0.1118
   0.4200
   0.8217
   1.6935
   6.1730
   1.9913
   0.4809
   0.1066
   1.4385
   0.6251
   0.0187
   0.6768
   1.6009
   0.1487
   0.3345
   1.8639
   3.4209
   0.4215
   0.0087
   0.1705
   0.4648
   0.3835
   0.1993
   1.1660
   0.4171
   4.7407
   3.5471
   0.3214
   0.6745
   0.5822
   0.1889
   0.2645
   0.6918
   2.5318
   1.4748
   0.3850
   1.5166
   0.7702
   0.0041
   0.4702
   0.2190
   0.6318
   1.2013
   1.4126
   0.5193
   2.4094
   1.4016
   0.4007
   0.1991
   0.2196
   0.7784
   1.5450
   0.0178
   1.2085
   0.7174
   0.2006
   0.1032
   0.5509
   0.1093
   1.5718
   0.3244
   0.0919
   0.4160
   0.3576
   0.2806
   2.1515
   0.1783
   1.5243
   3.8200
   0.1033
   2.2209
   0.0063
   1.1043
   0.7303
   1.5654
   2.1688
   0.1407
   0.8323
   2.7593
   0.4058
   0.3107
   2.2805
   1.7449
   0.6106
   1.6536
   1.2328
   1.7658
   1.9609
   3.6629
   1.0048
   0.2358
   0.8707
   1.0001
   0.7250
   0.1568
   0.4505
   0.0203
   0.6833
   0.7011
   1.0511
   1.0371
   1.0425
   0.9144
   2.2976
   1.3524
   0.0951
   1.2329
   1.5584
   1.0548
   0.0651
   0.2098
   0.2011
   1.9445
   0.6095
   0.2737
   0.3787
   1.6350
   1.0590
   0.3560
   1.5696
   2.1741
   0.4209
   0.9698
   0.1704
   0.8375
   2.5846
   0.1560
   1.5099
   0.0532
   0.9032
   4.4630
   1.4707
   0.7020
   0.7075
   0.9217
   2.6118
   0.5200
   0.6285
   1.2469
   1.5314
   0.4032
   1.3896
   0.8823
   0.4943
   0.1753
   0.0477
   0.1526
   1.0728
   0.2505
   1.6227
   0.4738
   1.3651
   0.0456
   1.5518
   3.0345
   0.3660
   0.1444
   2.3947
   0.9126
   1.5925
   1.3795
   0.2993
   2.7678
   0.5197
   4.2063
   0.3598
   0.2482
   0.2638
   0.7150
   0.2745
   1.5299
   0.5139
   0.1187
   0.3101
   2.0712
   0.0036
   0.7190
   2.2904
   1.9886
   2.7922
   0.2104
   0.4160
   0.7966
   0.1222
   2.5610
   0.3215
   1.7216
   1.3748
   0.5420
   0.2255
   0.7055
   2.4584
   0.3652
   0.8963
   1.4234
   0.2527
   0.3099
   2.9160
   4.4889
   0.1232
   0.5802
   0.3074
   0.3210
   1.2127
   1.4991
   0.1658
   0.2294
   0.7330
   0.1171
   0.1311
   2.3575
   0.5864
   0.0949
   0.2123
   0.0877
   1.1285
   0.1864
   0.5151
   3.7456
   1.7821
   0.3124
   0.4319
   0.2655
   0.4321
   1.6257
   0.9444
   0.3664
   0.3514
   0.6204
   0.1188
   1.0634
   1.0494
   0.0447
   0.4035
   0.3403
   0.2615
   2.0709
   0.7940
   1.3146
   0.0778
   0.2881
   2.4572
   0.3439
   0.3629
   1.7172
   0.7776
   0.9183
   0.8433
   1.2018
   0.0006
   0.2776
   1.0365
   2.7516
   0.0179
   1.2703
   0.8129
   0.3457
   0.7117
   0.3303
   0.1534
   0.5571
   1.8777
   0.0492
   1.4504
   1.1500
   0.6119
   2.3817
   0.6564
   0.0817
   3.0643
   2.1847
   4.4086
   0.0929
   0.2578
   0.7662
   0.9494
   0.5266
   0.0688
   0.1336
   3.3313
   1.8148
   0.1070
   0.1066
   1.4460
   0.1950
   1.7242
   0.7103
   0.8968
   0.0702
   1.9104
   0.1396
   0.2109
   0.1434
   2.1898
   1.6939
   0.4233
   0.0939
   0.2181
   1.3174
   0.2289
   0.9439
   0.4215
   2.4103
   2.4769
   1.9977
   0.3725
   1.7519
   0.2950
   0.0651
   0.2280
   0.1775
   0.7687
   0.4590
   0.7395
   0.8653
   0.1869
   1.6671
   0.1869
   0.8218
   0.2622
   0.0308
   0.0128
   1.3394
   0.6598
   1.0449
   5.2964
   2.3210
   1.9865
   1.5778
   1.2033
   0.6496
   0.4026
   1.4416
   0.0150
   1.3422
   1.3627
   0.3120
   1.0068
   1.9419
   1.0903
   0.2925
   0.0408
   0.6497
   3.8674
   0.4370
   1.2444
   1.6404
   0.0322
   1.5934
   0.4560
   0.1251
   0.9173
   0.5496
   2.6543
   0.4783
   0.2701
   2.0315
   0.3150
   0.2472
   0.1267
   0.0512
   0.3771
   0.3120
   0.0470
   0.0465
   1.1105
   0.0009
   3.3213
   1.2310
   0.1546
   0.2149
   0.3646
   0.5661
   0.3350
   0.2121
   1.0110
   1.6207
   2.6225
   0.1003
   0.0385
   0.9943
   0.2127
   4.3060
   0.1740
   0.1055
   2.4148
   0.9566
   0.6492
   1.8986
   1.9448
   1.7123
   0.5311
   0.6386
   0.2176
   0.4299
   0.4775
   0.1741
   0.4364
   2.4569
   0.4859
   0.0258
   0.0300
   0.3547
   7.5980
   0.1062
   0.0355
   0.2614
   1.7022
   0.5982
   0.0176
   1.2003
   0.9080
   0.8067
   0.4529
   0.4501
   2.9496
   0.9492
   3.6527
   0.5160
   0.3811
   0.6092
   0.4100
   0.4551
   0.1613
   1.0479
   2.0212
   0.6138
   1.1097
   0.4863
   1.4766
   0.3383
   0.1515
   0.9215
   0.9281
   1.6268
   0.0830
   0.4999
   0.0424
   0.1083
   2.5696
   0.1888
   1.0966
   0.8229
   1.0886
   0.4593
   0.9272
   1.4004
   2.1246
   0.2464
   0.8530
   3.3395
   1.6399
   0.0858
   0.1735
   0.8328
   2.3154
   0.5352
   1.4806
   3.1218
   2.9493
   0.5487
   0.7455
   0.4297
   0.7209
   2.5013
   0.5403
   0.4600
   1.8241
   3.0815
   0.0142
   0.7428
   0.5292
   1.7442
   0.4243
   0.1665
   0.0067
   0.0007
   0.0607
   0.4040
   1.1472
   0.5336
   0.0764
   0.0039
   0.8904
   0.3464
   2.5645
   5.1198
   0.8764
   0.0027
   2.4202
   0.0395
   0.6854
   0.2911
   0.8122
   0.0650
   0.1625
   0.1237
   3.3595
   0.0455
   0.2403
   1.6225
   1.1365
   0.6710
   1.3267
   0.4081
   0.8640
   0.3760
   0.3342
   0.3661
   1.3461
   0.5235
   4.0270
   0.9049
   0.4899
   0.9048
   2.0556
   0.2046
   0.1644
   0.6502
   0.9429
   0.1232
   0.7113
   0.0870
   0.1454
   0.5314
   0.1175
   0.2694
   0.1981
   0.2047
   5.5852
   0.0992
   0.3650
   0.5033
   0.5880
   0.2244
   0.2622
   1.0104
   3.2622
   0.1607
   0.0990
   0.0442
   0.2278
   1.8882
   1.4781
   0.4071
   1.3542
   1.2199
   0.6831
   0.0500
   0.9951
   1.9819
   7.0476
   0.9973
   0.7187
   0.3888
   0.0178
   1.0795
   0.1245
   0.1085
   5.1982
   0.5047
   1.8919
   1.6722
   0.2229
   0.1785
   0.0884
   2.5769
   2.7128
   2.4950
   0.1813
   0.4727
   2.4695
   0.0284
   3.9491
   2.9598
   0.7186
   2.9745
   0.2293
   0.5153
   0.3816
   1.2650
   0.6675
   0.2498
   0.1396
   0.2152
   0.1992
   2.9500
   0.2166
   0.7698
   0.5456
   4.0785
   1.7196
   0.0975
   1.0700
   0.7470
   0.1046
   1.4043
   0.8248
   1.6665
   0.6176
   1.6741
   0.8048
   0.4927
   0.3278
   0.3759
   0.3901
   1.7154
   1.4517
   1.0048
   0.1802
   0.0166
   0.1599
   0.1806
   1.7439
   0.4273
   3.9516
   0.7501
   0.5858
   3.0061
   0.4620
   0.1028
   0.0640
   1.6831
   0.0449
   4.0489
   1.5327
   0.7921
   0.2513
   0.4422
   0.2294
   2.4715
   3.0789
   0.2834
   0.4913
   0.5403
   0.0145
   0.4478
   0.1551
   1.3695
   0.0903
   0.7656
   0.4231
   0.8351
   1.5738
   0.2397
   2.3353
   3.5696
   0.2356
   1.3974
   0.2456
   1.1572
   0.2903
   0.6695
   2.2344
   0.3919
   3.4076
   0.6711
   0.3300
   0.1019
   0.6311
   0.4070
   3.1396
   0.7529
   0.2696
   1.3789
   0.2548
   1.1333
   0.4739
   1.6919
   1.0667
   0.7187
   0.2270
   0.3246
   0.1767
   0.5410
   2.2405
   1.4457
   0.1785
   0.3143
   0.3837
   0.5413
   0.2831
   0.5697
   0.3491
   0.5110
   0.4001
   0.5221
   0.2576
   0.1573
   0.7556
   1.7375
   0.9720
   2.3760
   0.0585
   0.5941
   0.6480
   1.6476
   0.3957
   3.4211
   3.8871
   0.5441
   1.3308
   0.3395
   1.5432
   1.3156
   0.4945
   0.0691
   2.3030
   0.1108
   0.0757
   1.2251
   0.4226
   0.0673
   0.5770
   0.1219
   0.1722
   0.1533
   0.8793
   0.7583
   0.5100
   1.4459
   4.8656
   3.0195
   1.0972
   0.8711
   0.1644
   0.0934
   1.0197
   1.7915
   2.8599
   4.5456
   1.3789
   0.0624
   1.2125
   1.0634
   0.5193
   0.3319
   0.0515
   0.0214
   0.6174
   1.7842
   0.0685
   0.2453
   0.1422
   0.0891
   2.3149
   0.1909
   0.2261
   0.1894
   2.2255
   2.3706
   0.5305
   1.6905
   1.5029
   0.8831
   2.0354
   0.3624
   0.3727
   1.6549
   0.5036
   0.2875
   2.9115
   1.6338
   1.2764
   0.0049
   0.1860
   1.3239
   2.6231
   1.6445
   1.9542
   1.7358
   0.4259
   0.4801
   1.5375
   0.0883
   0.4581
   0.7752
   0.6071
   1.6695
   1.3305
   0.3600
   0.3385
   0.4064
   1.4839
   3.2278
   0.2947
   0.2737
   0.3149
   0.9047
   0.2688
   0.3117
   0.1822
   1.4657
   0.1518
   2.2446
   0.9254
   3.0740
   0.5996
   0.9183
   0.1521
   0.2456
   0.1713
   0.5305
   0.1534
   3.1230
   2.0072
   0.2404
   1.5688
   0.3658
   0.1182
   0.2994
   0.7566
   5.9078
   3.9428
   1.7681
   1.2613
   0.0642
   1.6947
   0.9525
   3.2189
   0.4729
   0.1263
   0.4324
   0.9528
   0.2610
   0.0613
   0.3849
   0.4652
   0.3327
   0.1094
   0.1648
   0.6384
   0.6289
   1.4943
   1.6798
   0.5414
   0.6762
   1.5507
   0.2747
   1.6701
   1.8907
   0.3961
   1.7663
   1.2897
   1.5186
   0.2570
   0.0521
   0.6952
   0.2412
   0.0651
   1.6149
   1.8909
   0.0637
   1.0443
   2.2072
   1.0223
   1.9067
   0.2007
   0.7838
   0.4361
   2.0916
   0.9616
   0.3883
   0.5553
   1.6969
   1.8832
   0.8222
   1.7507
   0.0191
   1.4409
   2.3193
   3.0077
   1.8668
   0.6089
   0.7364
   0.1508
   0.0108
   0.0937
   0.2977
   0.2801
   1.8096
   2.3322
   0.6906
   1.0319
   2.8120
   0.5175
   3.5479
   0.7598
   0.8496
   0.6342
   0.2958
   0.8131
   1.3995
   0.9522
   1.7637
   0.1794
   0.2498
   0.0865
   0.1268
   1.1154
   1.5559
   1.3333
   1.8650
   0.1847
   0.3465
   0.0420
   0.1991
   0.6721
   0.2454
   4.9245
   2.4596
   0.8859
   0.0780
   0.0639
   2.6024
   1.0332
   2.8434
   0.6438
   0.4074
   3.5329
   0.8687
   0.1297
   0.7885
   0.4745
   1.1282
   1.4876
   0.1729
   3.5874
   0.0627
   1.6406
   2.4232
   0.0005
   1.0439
   0.2304
   0.2337
   0.0714
   1.6996
   0.0915
   0.7087
   0.2747

