100
6.01924
7.58106
7.18864
8.11964
9.17496
8.66115
9.41168
10.6664
11.0064
11.2458
12.1147
12.5781
13.2182
14.9174
14.5466
15.3204
16.3704
17.1968
17.0419
17.824
18.2679
19.2937
19.9314
20.0198
20.5272
22.031
22.9319
23.294
23.8267
24.6474
25.8345
26.8016
26.3863
27.2628
26.9683
27.8541
28.1037
28.0478
32.1583
30.7332
32.1055
30.5151
31.8117
31.5879
33.3351
32.8139
33.5089
32.5634
34.3248
36.121
35.0285
36.2604
36.6297
36.4307
35.6121
37.1432
36.6618
37.8286
37.3479
39.3036
38.2337
41.2476
39.1297
40.9347
41.2207
40.9589
41.6589
42.399
41.7094
42.4804
43.6622
44.5355
43.1708
43.6831
43.0133
45.5047
44.1375
43.9382
45.7024
43.4491
45.0724
48.6576
45.0824
45.9751
45.0024
44.7534
47.3914
45.2721
48.0061
47.1362
47.9465
45.4081
48.9753
46.372
46.3354
47.3064
49.206
47.0817
48.3094

