100
23.3241
22.2248
25.7202
26.4053
25.2148
24.3688
26.3137
24.8463
25.6376
26.3623
27.1965
26.6362
28.2204
26.9318
27.5037
28.9353
26.429
28.19
29.2148
28.807
27.4253
29.4444
28.5311
27.7218
29.8198
29.4279
31.9281
30.3066
30.1699
29.4964
30.7806
30.7564
30.552
31.7663
30.6875
30.118
30.6288
31.3528
31.6446
30.2185
30.4984
31.541
31.0521
31.3232
33.6264
30.6438
33.1497
32.2471
32.0011
31.8589
31.4796
31.7364
32.3395
33.4953
32.273
32.5132
33.7294
34.5937
32.3691
34.1386
32.7668
32.5633
33.1151
31.947
34.5041
33.8495
34.7416
32.4133
34.898
33.7623
34.2675
35.9408
35.6113
34.134
35.0777
35.4958
35.3048
37.3262
34.8359
37.2996
36.7584
35.7397
33.3234
36.8209
37.2004
34.795
34.8339
35.9344
37.8322
38.1774
35.7098
36.9986
37.0432
36.2523
36.25
37.1507
36.9615
38.3329
35.1223

