100
6.94324
5.31921
5.64545
5.3165
4.65166
5.40887
5.40114
5.63429
4.78901
5.2207
4.60224
4.84377
4.34087
4.6143
4.52252
4.94392
4.48904
4.32058
4.25725
4.11249
4.54733
4.11577
4.27496
4.16701
4.24699
4.03037
4.44459
4.20972
4.4687
4.1736
4.23078
4.17942
4.13853
4.27035
4.60721
4.32981
4.3348
4.39818
4.4449
4.41569
4.23789
4.14697
4.0774
4.43018
4.57319
4.28839
4.52111
4.0463
4.31718
4.38636
4.1501
4.33118
3.80976
4.37264
4.69966
4.48406
4.39365
4.65263
4.45794
4.68159
4.27752
4.2538
4.31506
4.23457
4.58157
4.26452
4.10851
4.65434
4.42192
4.52879
4.48423
4.17309
4.17837
4.6441
4.63926
4.70765
4.99977
4.50686
4.22586
4.38789
4.50745
4.36228
4.49094
4.28294
4.44884
4.76863
4.50833
5.00511
4.59618
4.64933
4.94506
4.7713
4.47708
4.71772
4.65323
4.67438
4.68969
4.56704
4.51822

