100
63.7201
65.0601
55.8676
60.005
62.8594
57.1561
58.1888
58.2528
60.2352
61.9382
59.6161
60.8563
57.2925
61.9288
56.7436
58.8219
57.0772
59.5279
57.3
58.5272
57.3491
59.1873
61.7314
59.7422
61.6223
61.7824
58.8463
63.6289
60.4692
63.6678
59.3315
57.5331
59.5504
54.4722
59.8035
58.4545
60.3278
54.7453
61.0283
57.5051
58.2616
62.4529
57.0103
60.9667
61.5478
60.3405
61.2774
60.7611
62.4109
64.1283
62.537
59.6743
60.9113
61.46
60.2396
61.0661
58.1551
57.1318
60.7973
59.0116
54.3973
57.7715
54.7644
59.1297
60.116
62.9493
59.7694
57.3077
61.4907
63.508
63.8279
55.7457
65.9313
58.532
59.2752
61.9885
61.926
57.4918
60.1845
60.2548
56.0216
59.0399
61.3268
60.5399
59.7411
58.8953
64.3207
56.4077
58.3276
62.7113
57.6425
60.9403
60.3254
59.0334
58.6425
53.2796
61.5645
60.7978
57.8615

