100
68.9583
63.0317
67.2609
63.1418
71.8354
69.7044
67.5719
71.2091
70.4978
73.0048
66.6862
70.3432
68.3714
71.148
74.5255
70.3746
70.5353
70.2965
73.836
65.98
70.4981
64.3033
71.7161
65.4251
69.0904
62.6653
63.1299
64.5637
69.9623
76.8856
71.9982
69.815
68.8473
74.0415
69.6589
72.3187
77.7979
70.1662
69.9204
68.428
69.6993
65.1328
71.6878
73.827
68.7709
70.6495
68.9504
64.971
71.207
69.2839
69.2528
68.5965
73.6946
70.9623
65.2526
66.2409
67.9065
72.7533
71.5307
69.5333
71.2131
65.0847
66.6973
66.5596
68.2851
66.7078
78.2926
74.0893
72.6171
69.2824
66.635
67.031
69.386
64.6386
66.7409
64.5153
65.455
66.182
66.4494
73.7478
70.0748
70.3538
74.3983
71.2471
69.0768
69.2887
68.467
71.4703
73.802
72.3475
67.1391
70.4384
66.6185
72.8374
69.0152
73.032
70.4075
74.5582
73.8136

