100
3.05414
4.17219
5.199
7.04105
8.80115
10.976
11.8673
15.1719
14.7127
15.1047
14.564
17.5482
19.03
18.3974
18.2106
19.4363
20.8144
19.9194
24.3565
20.2472
22.8071
21.1478
23.3416
23.1339
23.0252
21.8178
22.0953
21.2453
21.4328
23.4124
23.1751
24.0251
23.8025
26.245
23.2681
23.0567
25.8975
23.9846
24.9288
24.7009
24.7377
23.2712
27.3898
25.2371
24.7865
22.6996
24.8794
23.9678
26.9017
24.7126
25.0349
22.913
24.3513
26.0502
24.9768
23.4224
23.8176
29.0266
24.4209
25.0307
25.7658
26.073
24.5493
22.9907
26.506
26.5053
26.8753
25.0196
25.4294
25.8304
26.5874
26.1668
28.2491
25.4388
26.3385
27.4202
27.2407
26.1619
28.5404
23.7875
24.6535
27.0746
28.0941
28.7696
26.7684
23.9245
24.7614
28.2899
28.3386
27.9144
28.2323
26.9307
27.1245
25.8616
28.3494
26.4201
29.199
29.3715
26.9827

