100
62.665
63.314
65.4471
59.0836
62.5109
61.6606
60.0726
66.1434
57.7815
63.3331
60.2615
65.2386
60.9527
60.0241
58.7482
66.9099
67.0442
61.1172
63.3691
64.727
61.6518
59.8468
64.138
62.0952
62.4358
60.3148
63.8481
62.1602
63.6744
61.1533
60.9936
58.5688
62.5611
67.3846
66.8677
62.189
60.6697
64.2576
61.7083
64.6098
65.2147
65.0367
61.7282
62.4969
62.208
61.4427
62.6218
66.2076
63.9986
60.7433
65.3825
63.2635
61.2021
60.2975
62.3761
61.4931
59.1846
63.3767
61.1961
62.0337
62.863
61.5808
60.2278
64.2306
66.4628
59.8109
59.8379
62.568
62.015
63.0775
65.0966
62.9588
62.6746
57.5112
60.9186
62.987
61.9222
60.9456
63.5202
62.1943
67.3247
62.4335
59.7767
64.3541
60.5839
67.0399
60.3254
65.908
61.8043
58.9655
64.3711
62.5513
66.9985
64.0643
64.9873
59.5072
61.7679
66.4098
61.6256

