100
0.361478
0.307116
0.283129
0.3229
0.310422
0.263516
0.288106
0.275029
0.309282
0.265261
0.234103
0.255959
0.278208
0.278223
0.315901
0.315093
0.307198
0.263719
0.267201
0.269649
0.271482
0.284155
0.296256
0.284173
0.280991
0.27058
0.299745
0.290803
0.304211
0.261732
0.254535
0.234717
0.282917
0.283233
0.318824
0.305297
0.293353
0.290309
0.266327
0.272365
0.293092
0.279899
0.307001
0.314455
0.326254
0.311608
0.298422
0.284701
0.255721
0.338063
0.262762
0.270928
0.292736
0.297024
0.321448
0.303658
0.275272
0.248174
0.309177
0.324529
0.274421
0.27457
0.271979
0.280452
0.293582
0.309383
0.284699
0.29499
0.25312
0.288326
0.268697
0.269509
0.291114
0.28326
0.317808
0.315527
0.327119
0.279947
0.314906
0.277171
0.312216
0.31701
0.259057
0.302778
0.294579
0.283785
0.295348
0.317986
0.265933
0.297978
0.28703
0.286541
0.266003
0.263836
0.334284
0.306299
0.316821
0.329409
0.320438

