100
0.416414
0.397904
0.427471
0.445716
0.467101
0.520459
0.532525
0.523089
0.55888
0.480743
0.527045
0.582775
0.498311
0.590317
0.587346
0.57259
0.651316
0.660231
0.684504
0.622542
0.82381
0.66348
0.732329
0.672314
0.755564
0.730249
0.71212
0.742822
0.855621
0.823788
0.816907
0.809952
0.776414
0.808808
0.833314
0.936876
0.910725
0.903646
0.788825
0.930236
1.05437
0.855236
0.913719
1.00413
0.942649
0.961576
0.966149
0.947398
1.02698
0.955286
1.25221
1.10366
1.0874
1.05984
1.01439
1.01453
1.16293
1.17186
1.2269
1.36011
1.11194
1.15658
1.11947
1.24228
1.23251
1.26292
1.43918
1.32528
1.34576
1.32919
1.24182
1.36854
1.17927
1.28056
1.34279
1.43887
1.39003
1.46444
1.45534
1.27154
1.59045
1.38034
1.50924
1.50372
1.56082
1.64138
1.67053
1.54496
1.56903
1.54706
1.61453
1.50387
1.56696
1.50877
1.72499
1.77276
1.74249
1.53186
1.667

