100
24.2802
25.9721
28.178
31.1328
32.8257
35.482
35.6502
37.5592
34.2002
40.0945
41.3301
41.3459
40.25
44.8132
44.8832
43.8772
47.2546
47.3041
46.0198
46.6522
50.0437
49.881
50.7547
48.7522
51.4191
49.4927
49.7667
52.587
53.7168
52.2727
50.9973
51.0672
50.6147
53.4688
53.1836
53.7227
54.7824
51.5993
54.6555
55.98
54.2163
57.02
55.3982
55.7999
56.0598
55.8406
54.2562
55.6075
57.4042
55.8798
55.6087
56.932
58.1266
56.3751
57.1239
55.7356
56.7195
56.1109
56.0499
55.2962
56.6298
56.1977
58.1315
57.6735
56.3247
58.7399
58.9523
57.363
56.9662
56.8929
59.2608
57.6269
59.0122
58.232
59.1269
60.3215
58.4891
61.4204
58.8882
58.229
59.4826
57.8702
60.885
58.8136
57.9195
61.4412
58.227
60.9656
59.2353
60.6393
59.244
59.604
59.8831
59.8036
59.3711
58.9665
59.7797
59.3129
59.625

