100
13.1515
16.0838
11.0518
10.0151
16.5807
17.1834
9.48831
12.1709
12.2477
10.1955
13.6867
10.1427
16.3171
12.4456
18.3054
9.32717
16.4266
12.6019
13.3839
9.71993
10.5404
12.5384
15.8939
14.727
19.8851
13.0696
14.1086
12.1607
13.5959
15.8832
13.5975
19.9092
11.4446
9.22615
10.2704
11.7621
12.8096
11.3291
14.245
10.8358
15.138
9.99324
13.7448
11.6748
9.67283
12.0087
16.5445
10.4606
10.2805
17.2149
11.3887
12.7398
14.4631
10.8139
13.6425
13.787
11.5964
13.0316
10.4568
10.8286
14.857
13.1351
15.3747
9.78987
18.5348
17.0389
16.1579
14.4876
11.8463
17.176
17.0752
13.1682
9.9449
10.9118
9.08692
9.29839
11.3624
13.3465
8.96259
15.3116
10.371
17.9739
17.3161
11.143
13.3455
13.8065
13.2324
14.8048
11.9337
18.2367
15.4325
14.2269
10.5006
11.1659
13.4294
14.3031
11.277
14.7305
13.7722

