100
0.510943
0.51059
0.556399
0.668443
0.636063
0.694763
0.714105
0.845428
0.735101
0.862335
0.99981
1.06114
1.04878
1.16522
1.06885
1.24771
1.1983
1.29285
1.32714
1.20238
1.50516
1.29273
1.37044
1.38636
1.45401
1.52816
1.77594
1.81183
1.88762
2.03728
1.91494
1.93281
2.11634
2.14936
2.06541
2.23035
2.21835
2.62815
2.4704
2.55613
2.32431
2.4904
2.55174
2.41542
2.85573
2.64448
2.63968
2.56869
2.96401
3.41793
2.99853
3.23632
3.20866
3.13082
3.35857
3.14887
3.4546
3.04448
3.42143
3.1578
3.89616
3.65857
3.82031
4.08088
4.05831
3.81792
4.84667
3.81948
4.04183
3.86466
4.3727
4.46961
4.34379
4.56747
4.58712
4.11874
4.93122
4.42136
4.94588
4.96919
5.23219
4.89386
5.19321
5.00738
4.94668
5.55574
5.55184
5.04564
5.2795
5.44846
5.12988
5.71594
5.80465
5.27411
5.15996
5.86921
5.59188
5.68287
5.70426

