100
46.8803
49.953
47.8053
44.1565
44.5649
43.2345
47.2869
46.737
44.7561
49.2175
46.8734
47.982
45.5574
48.2945
47.8859
46.3933
48.2128
46.5297
50.677
51.5232
54.1945
45.7849
48.0137
53.2614
45.3326
45.7052
45.6657
49.2976
43.6508
42.4758
47.2325
45.2948
43.2499
49.7372
42.476
47.0785
49.6343
45.8661
51.1755
43.5513
59.0403
45.922
45.7521
49.0135
42.4051
49.0108
45.8627
44.1103
42.7115
46.8363
46.0195
45.2183
49.2137
48.5211
50.0517
48.642
45.8759
47.3901
49.2598
47.9774
40.7032
49.2877
50.3356
48.172
47.3232
49.167
44.601
43.9141
48.4291
45.282
43.4724
50.6308
46.8616
48.1544
49.5422
47.6495
42.1081
44.02
46.9982
50.1597
49.6373
44.9108
50.5135
40.2768
43.1258
46.3187
42.277
49.0682
49.2241
48.2273
48.281
39.823
42.0366
50.741
43.7484
45.2986
47.5735
47.9796
41.5099

