100
0.327094
0.316699
0.312925
0.360828
0.357128
0.383965
0.333589
0.37564
0.365672
0.345919
0.318052
0.327018
0.331516
0.360459
0.340158
0.354487
0.42126
0.434154
0.395442
0.391817
0.408767
0.441384
0.408436
0.445859
0.433602
0.409189
0.395384
0.40429
0.414979
0.416348
0.412687
0.479563
0.407392
0.440051
0.478838
0.415997
0.416596
0.448627
0.447858
0.425908
0.42398
0.47307
0.477417
0.482813
0.421346
0.475265
0.471151
0.450714
0.548624
0.515492
0.437047
0.515595
0.534675
0.546363
0.485486
0.499832
0.519435
0.586046
0.539364
0.55231
0.485221
0.462283
0.54127
0.465064
0.487072
0.521423
0.484638
0.532474
0.518849
0.521402
0.590782
0.49845
0.535987
0.550528
0.547794
0.529107
0.560984
0.534111
0.501015
0.592036
0.53511
0.52614
0.573014
0.498826
0.588539
0.568515
0.585799
0.499748
0.603326
0.553465
0.522713
0.548574
0.618811
0.600836
0.576571
0.577499
0.542626
0.636955
0.680219

