100
16.9119
19.0185
15.2028
18.8579
13.847
15.6209
18.4573
14.1072
18.656
14.8422
20.6863
22.489
19.5205
17.559
19.3849
16.1934
16.85
16.0197
14.917
17.2945
17
16.4787
14.3011
18.0595
13.8966
16.1015
17.4827
18.2086
13.0968
21.449
16.5679
13.5199
17.2701
13.7793
15.0534
20.4629
15.9596
20.4831
14.6886
16.4219
16.2344
17.5647
12.6035
14.7197
17.8982
17.2684
13.4008
17.3168
16.945
17.3354
18.5266
17.4549
17.3326
17.2618
21.5946
12.8934
14.653
17.855
16.6743
17.9138
19.9449
20.7674
15.338
18.6887
15.8873
17.7439
18.1196
19.9555
15.6683
18.5362
17.9925
19.6283
16.7203
17.6584
16.3637
17.8937
18.167
19.677
15.5089
15.2436
15.8917
18.1504
20.0293
17.5771
21.6477
13.0834
16.2142
16.8481
19.2379
17.5151
15.7361
13.0692
18.9167
13.5013
18.6828
18.5691
24.357
15.5877
14.0957

