100
2.17875
2.28898
2.74664
3.29709
3.12957
3.92234
4.13071
4.10291
5.17193
5.30388
5.42122
6.21209
6.47426
6.55258
7.28465
7.97926
7.41146
8.18923
8.24896
9.39256
8.91106
9.33552
9.41314
10.0325
11.128
10.7732
12.3522
10.4383
11.4883
12.7102
12.5895
13.1027
11.1306
14.1842
14.6053
13.1419
12.8797
14.6833
13.2995
15.902
14.8304
16.2787
15.4874
13.4928
16.7067
14.5346
15.8503
17.1593
16.2482
16.2549
18.0805
17.4621
16.5435
17.0122
17.8893
17.4252
17.7877
19.3185
17.3995
18.9523
17.4746
19.8619
19.1898
18.9826
18.8578
18.3902
20.5013
21.3248
20.1116
20.0599
20.8706
20.3554
20.2877
25.3301
21.3593
21.4527
21.0313
18.9654
20.376
21.1088
21.0658
23.3507
22.658
21.6626
22.4326
22.9076
20.6502
21.0762
22.3257
21.8074
22.2703
22.9329
25.6168
19.0813
21.3862
26.7113
21.6419
22.9834
23.1092

