100
50.36
50.0239
50.9537
48.6454
50.3905
48.0923
48.7288
48.3859
48.8805
49.1749
46.8939
46.9366
47.0952
47.7328
48.0867
49.1253
52.5416
48.6206
47.737
50.3442
48.5687
48.382
49.332
48.6041
49.8516
48.477
47.3934
48.6842
49.697
49.3566
48.6456
48.5209
47.6414
49.0587
49.154
49.4687
50.0365
49.5048
50.3222
48.5558
48.0383
50.084
48.2452
51.2221
48.1991
49.2179
47.3788
47.3174
48.1109
47.5009
48.1792
50.6596
51.2185
49.7228
48.9485
51.0384
51.5553
47.9366
48.5472
49.8073
50.4802
48.2936
48.6503
48.0081
48.1032
48.1532
48.6326
51.6028
50.2873
48.8236
47.8276
49.1995
50.6658
49.6121
48.728
47.1418
51.3245
46.6925
47.8874
50.0526
48.9736
48.7174
48.2824
49.4854
48.6376
49.0604
48.4669
46.8121
48.943
47.7201
49.6287
51.0255
47.2388
49.8703
47.6005
46.8576
49.1836
48.6838
48.482

