100
8.66935
10.9059
10.9296
11.2825
14.7604
5.7766
10.5417
11.0012
13.5499
9.04046
12.9405
8.52394
7.38661
10.2145
11.3438
10.2346
9.7613
12.0869
10.9845
7.98726
7.96468
11.127
12.2559
11.7882
14.9662
10.1213
10.805
12.6901
10.5136
8.37693
12.2298
11.8772
12.8556
7.48865
7.32672
10.011
14.2152
6.12219
7.58973
9.26295
11.797
8.03614
8.78239
9.97188
10.9798
9.62677
9.32276
10.2927
10.4035
14.6917
12.7952
7.40367
13.9718
10.5821
11.1357
11.575
9.76815
8.83305
9.04002
7.03703
9.9604
13.3358
9.17945
10.2633
9.40182
7.86893
7.56886
7.57456
10.2254
11.2195
9.79902
10.9534
12.5745
8.53725
7.18553
12.1126
10.3821
10.2982
10.5076
12.8033
7.34267
9.05961
9.62186
7.93048
12.2461
8.67068
10.2888
13.1158
11.8488
9.6067
11.236
12.6598
9.70976
8.44407
8.67791
8.61321
6.91465
11.7443
12.1741

