  6.9886e-002
  7.3024e+001
  1.4230e+000
  1.5481e+000
  2.2680e+001
  1.8600e+002
  8.4318e+002
  1.2431e+001
  6.2234e+001
  1.3098e+001
  6.9505e-002
  9.5061e-001
  1.1766e+001
  5.1290e-001
  3.3091e+002
  2.3611e+000
  1.0858e+001
  7.2365e-002
  6.5048e+000
  9.2343e-001
  4.2541e+001
  2.7488e+001
  5.0263e+002
  1.1797e-001
  3.2043e+001
  4.4924e+001
  1.3813e+001
  9.4488e-002
  8.5448e-001
  5.8235e-002
  7.4945e+002
  1.7920e+000
  1.2873e+001
  1.9870e+000
  3.8971e+001
  3.7611e+002
  1.1956e-001
  4.1722e-001
  1.7782e-001
  7.3224e-001
  5.1549e+001
  8.9640e+002
  6.7054e-001
  8.6616e-002
  4.6868e-001
  7.1193e+000
  7.5414e-002
  3.5084e-001
  2.8224e+000
  1.1094e+000
  4.5743e+001
  5.8519e+001
  6.5756e+000
  1.1061e+003
  9.8302e-002
  1.0890e-001
  8.2652e+002
  1.5289e+000
  3.9473e+001
  4.5643e+002
  2.1815e+002
  2.6404e+000
  6.5396e+001
  3.0617e+000
  1.1296e+001
  1.3671e+000
  2.8003e+001
  2.2955e-001
  1.4662e+002
  8.8216e+002
  8.5955e-001
  1.2241e+000
  1.9531e+000
  9.2958e-003
  1.1081e+001
  7.9136e-001
  1.1118e+000
  3.3126e+000
  1.1559e+000
  7.8838e+000
  6.7934e+002
  2.5678e+000
  4.9977e-001
  3.8201e-002
  1.2130e-001
  3.2959e+000
  1.8413e-001
  6.7746e+001
  8.9166e+001
  1.5945e+002
  1.0545e+003
  2.8007e-001
  1.7682e+000
  1.2414e+000
  1.0141e+002
  3.0098e+000
  3.0527e+001
  5.7113e+001
  1.3670e+001
  1.3856e+000
  3.0812e+001
  1.5473e+001
  6.1842e-001
  8.3439e+001
  2.7588e+002
  2.8480e+002
  1.8579e+000
  1.3089e-001
  7.1709e-001
  1.1193e+002
  5.5362e+002
  1.9958e-001
  7.6316e+000
  2.1105e-001
  2.7669e-001
  1.2124e+002
  8.2359e-001
  2.4543e+001
  9.8624e+002
  3.8669e+002
  3.4194e+002
  7.9148e-002
  2.6557e+002
  1.0877e+000
  1.9734e+001
  2.8704e+002
  1.1845e+000
  1.4422e+002
  5.5250e-001
  1.6540e+002
  1.0660e+000
  1.5229e+001
  5.5526e-001
  1.4806e+002
  2.4146e+001
  2.2426e+000
  9.9570e-001
  2.8762e-001
  4.1151e-001
  2.0705e+000
  3.4714e+000
  5.6536e+000
  1.6677e-001
  5.1744e+001
  2.0831e+002
  2.1501e+002
  7.7104e-001
  6.1604e-001
  8.1756e-001
  6.4049e+000
  6.0575e+000
  3.5637e-001
  8.1540e-001
  2.9481e+001
  2.0159e+001
  7.3610e-002
  4.3051e+001
  2.3905e+002
  1.3698e-001
  4.7910e-001
  7.2403e-001
  2.5498e-002
  8.6720e-001
  2.6541e+002
  1.3554e+000
  4.6776e-001
  1.6150e+001
  1.9332e+000
  3.7288e-001
  1.3962e+001
  1.9854e+002
  3.1807e+001
  5.3548e+000
  7.1083e+002
  1.8516e+000
  2.3397e+001
  5.7517e+002
  3.7682e+000
  3.5251e+002
  5.1138e-001
  5.8696e+002
  1.5695e+000
  1.8012e+000
  2.1666e-001
  2.2390e-002
  1.3783e-001
  1.6892e-001
  2.1746e-001
  3.4491e-001
  2.8508e+000
  1.0953e-001
  2.0604e+001
  9.5950e-001
  2.4349e+002
  9.4922e+001
  2.9162e+000
  1.3239e+002
  1.0264e+002
  1.2633e+001
  1.9249e-001
  4.5181e+001
  4.3623e-002
  7.0601e+000
  2.9424e+000
  4.9866e+000
  2.9433e-001
  3.9035e+000
  3.1013e-001
  9.4925e+000
  2.3555e+000
  1.5041e+002
  3.9176e-001
  6.0144e+002
  1.1049e-001
  9.6509e+001
  5.5050e-001
  1.2245e+002
  3.7694e+002
  9.2037e+000
  3.1036e+001
  2.2430e-001
  2.7217e-001
  1.1422e+000
  6.0410e+001
  1.1726e-001
  1.2323e+002
  3.9652e-001
  5.8476e+002
  7.0578e-001
  9.1028e-002
  4.4347e-001
  2.4762e-001
  4.8346e-001
  2.3008e-002
  5.2293e+002
  6.0162e-001
  4.4647e-002
  3.9310e-001
  8.9721e-002
  1.0342e-003
  1.1992e+001
  3.5845e+000
  2.0264e-001
  6.2682e-002
  2.1472e+002
  5.8047e-001
  5.1631e+001
  3.6755e+001
  6.9121e+002
  4.6657e+002
  1.8362e+001
  1.1820e-001
  2.4433e+000
  2.2849e+002
  8.2562e-002
  1.8387e+000
  1.3596e-001
  2.5597e-001
  6.5561e+001
  3.4623e+000
  4.3547e+002
  5.1676e+002
  1.1287e+000
  1.0541e+000
  7.6958e-001
  5.3779e-001
  5.9061e+001
  1.9180e+000
  4.2002e+001
  4.0147e+001
  4.5621e+002
  4.0654e+000
  2.8763e+001
  9.0141e-001
  2.3370e+000
  5.3919e-001
  7.3807e+002
  2.1129e-001
  1.9447e+002
  4.1639e+002
  1.4870e+003
  1.3421e+000
  3.2609e+000
  7.0917e-001
  3.1261e+000
  1.7975e-001
  1.3246e+000
  2.7276e+002
  2.4705e+002
  1.6800e-003
  2.0842e-002
  3.8367e-001
  3.5039e+002
  3.2300e-001
  1.0664e+002
  3.6296e-004
  7.0824e-001
  4.4580e-001
  1.7556e+001
  2.9375e+001
  2.5681e-001
  2.6337e+000
  7.6791e+001
  1.5631e+002
  2.5195e+002
  1.6372e-001
  2.6444e-001
  8.5561e+000
  2.9647e+000
  1.5010e-001
  9.8514e-001
  4.5937e+001
  8.8933e+001
  1.0555e+002
  4.1729e+000
  6.5360e+001
  1.4408e+000
  2.9867e-001
  2.4162e-001
  9.1393e-001
  7.0205e-001
  5.5024e-003
  2.1926e+000
  3.7791e-001
  9.1553e+001
  2.0344e+000
  2.5434e+000
  1.8231e+000
  2.1173e-001
  4.5769e-001
  2.0776e-001
  9.0077e-002
  5.8495e+000
  9.6150e-002
  2.3905e-002
  6.9529e+000
  1.0423e+000
  1.8804e+002
  1.9969e-001
  3.3583e-001
  6.0090e+002
  1.3356e+002
  5.3385e-002
  2.7576e-001
  5.7040e+002
  3.9321e+000
  4.5071e+002
  8.1065e+001
  1.9277e+002
  7.5591e-001
  3.2621e-001
  1.4462e-001
  5.5240e+000
  3.4738e+002
  3.4742e-002
  5.5580e-001
  3.4930e-002
  1.6612e+000
  8.6545e+000
  2.7757e-001
  1.4610e+002
  3.0033e-002
  8.5673e-002
  9.6414e-001
  3.3625e+001
  5.1656e+002
  4.5312e-002
  3.7028e+002
  3.5006e+001
  7.5898e+002
  3.7249e+000
  4.7343e-002
  2.5302e-001
  2.3544e-001
  3.5400e-001
  2.8085e-002
  9.1595e+000
  1.4035e+003
  1.9308e+002
  2.7894e+002
  7.0267e-002
  7.2492e+001
  9.9193e-002
  1.3393e+003
  6.9120e-001
  2.1952e-001
  2.0045e-001
  1.5626e+002
  3.6417e+002
  3.8343e+001
  2.9356e+000
  1.6969e+001
  4.6627e+001
  1.0034e-001
  3.6910e+002
  9.7863e-002
  8.7431e+000
  9.2814e-001
  2.2099e+001
  9.5021e-001
  1.1590e-002
  7.8755e+002
  1.8829e-001
  1.9137e+000
  5.8306e+001
  1.9255e+000
  1.1000e+001
  6.9721e-001
  2.8177e+001
  2.0109e-001
  3.3486e+001
  2.8229e+001
  2.2150e+001
  4.5982e+002
  2.3719e+000
  1.3940e-001
  1.6287e-001
  6.8702e-001
  2.2760e-001
  5.0419e-002
  2.5474e+001
  8.9296e-001
  3.1980e-001
  9.8706e-001
  1.3358e+002
  5.0819e-001
  1.3684e-001
  2.1273e-001
  1.8538e+000
  1.9123e+001
  2.2809e-001
  1.6608e-001
  1.1898e+000
  6.7917e-001
  2.6444e-001
  4.5945e+000
  1.0636e+002
  1.7452e-001
  5.7250e-003
  6.0722e-001
  6.0942e+001
  8.5405e+002
  4.3346e+002
  5.5981e-002
  3.3208e+001
  8.7280e-003
  1.4419e+000
  7.0342e-001
  2.0166e-001
  4.3776e-002
  1.2173e-001
  5.6052e-002
  1.2767e-001
  3.4454e+000
  2.8932e+002
  3.7372e+002
  5.4834e-001
  1.0760e+001
  2.5020e-001
  3.6010e-002
  9.8013e-001
  1.4086e-001
  1.4242e+001
  2.1932e+000
  2.5362e+002
  9.8032e-001
  1.2214e+000
  4.0908e-001
  6.1633e+001
  6.8232e+001
  4.9198e+000
  1.4956e-001
  2.4608e+001
  6.0011e-001
  5.8743e+000
  5.4069e-001
  5.4252e+001
  6.4785e-001
  2.6889e+002
  1.0218e+001
  9.1990e+002
  5.3340e+002
  1.2066e-001
  1.2496e+000
  6.2522e+001
  2.4038e+001
  2.3895e+002
  2.5898e-001
  7.3614e-001
  1.0920e-001
  2.2338e+000
  2.1579e+000
  2.4666e+002
  6.4541e-001
  1.5635e-001
  3.0776e-001
  7.3800e+000
  1.6658e+002
  4.1991e+002
  1.9063e-001
  2.9212e+002
  4.0084e+000
  4.2044e-001
  4.8930e-002
  9.7221e+001
  1.1267e+001
  1.6508e+001
  1.7078e+000
  5.3287e-001
  1.1978e+000
  3.5636e+002
  2.5031e+001
  6.2399e+000
  1.3184e-001
  7.4481e+000
  1.9922e+002
  2.9444e+000
  4.5088e+000
  2.0189e-001
  6.8717e-002
  8.2827e-001
  9.5333e+000
  1.5646e+000
  2.1399e+002
  3.8868e+000
  1.5071e+002
  7.1939e-001
  7.1754e-002
  7.9682e+000
  3.7758e-001
  8.0049e+000
  5.0761e+000
  1.2977e-003
  1.3524e+000
  2.1671e+001
  7.0316e+001
  7.6255e-001
  6.8762e-002
  1.2805e+002
  1.6843e+002
  7.8253e+001
  9.5600e+001
  1.9762e+002
  4.2037e+001
  2.5912e+000
  2.0318e+000
  1.8033e-002
  1.7927e+002
  6.1337e-001
  2.2558e-001
  3.3357e+002
  7.2957e+002
  1.0224e+001
  3.4711e-001
  2.7409e+002
  5.5903e+001
  7.8400e-003
  6.5252e+000
  2.0920e+001
  3.7763e+000
  7.9343e-002
  6.9731e+001
  3.3282e+000
  5.1396e-001
  3.7626e+002
  5.0954e+000
  4.3314e+001
  1.8512e-002
  4.0955e-001
  1.5978e+002
  3.6357e+002
  4.3520e-001
  3.6177e-001
  8.8997e+002
  2.1274e+000
  5.3860e+002
  7.0293e-002
  1.9045e+000
  8.8095e-001
  1.5024e-002
  1.5583e+002
  8.8107e+001
  6.6510e-001
  6.5804e-001
  3.2180e-001
  6.9805e+002
  1.7769e+002
  5.5746e-001
  4.8939e-001
  4.0160e+002
  1.3066e-001
  8.0941e-001
  8.6103e-001
  7.7248e+001
  1.7093e+000
  5.1351e+001
  5.1932e-001
  1.4271e+002
  1.2229e+000
  4.4303e-001
  3.4922e+000
  1.4782e+001
  2.6175e-001
  6.9963e+002
  2.0820e+002
  6.3298e-001
  5.3310e+000
  1.0250e+000
  2.1994e+002
  1.5408e+001
  7.1367e-001
  1.8019e+001
  6.8023e-001
  8.8042e-001
  8.8995e+000
  4.8985e+002
  1.6235e-001
  3.7971e+000
  2.9881e+001
  1.0046e+002
  3.5554e+002
  7.9248e-001
  5.5817e-001
  1.1323e+002
  6.3723e-001
  2.4865e+000
  1.4022e+000
  2.8360e-002
  5.3060e+000
  5.5633e-001
  3.0400e+001
  2.6738e-001
  1.3819e+001
  2.3031e-002
  2.9222e+000
  7.6634e+002
  3.2835e+000
  6.1036e+002
  1.3231e+000
  1.2769e+000
  7.9397e-001
  1.2962e+002
  1.4772e-001
  3.0434e-001
  8.3603e-001
  3.3335e-001
  1.5738e+000
  8.7704e-002
  8.2536e+001
  7.1634e+002
  1.9372e+001
  1.6088e+001
  3.1031e+002
  6.2384e+001
  4.3692e-002
  8.3690e-001
  7.8751e+001
  1.6369e+002
  8.3917e-001
  1.7299e-001
  4.5308e+000
  1.5819e+001
  3.6806e-001
  3.4253e+001
  6.8434e-001
  2.4210e+001
  5.0751e-001
  1.4442e+001
  1.0950e-001
  2.2804e-001
  1.1822e-001
  3.9989e-001
  1.4793e+001
  9.9414e-001
  1.7864e-001
  1.8191e+001
  1.6483e+002
  4.4113e+002
  6.2104e-001
  1.4685e+002
  1.3145e+002
  4.5894e+001
  8.3969e+002
  6.1832e+002
  5.8109e+001
  5.7659e+001
  3.7607e-001
  1.8130e+002
  1.9623e+002
  7.5684e-002
  6.6768e+002
  2.6401e-001
  7.8676e-001
  2.1457e-003
  2.3119e+002
  3.2810e+002
  1.0059e+002
  2.9037e-002
  1.4804e+001
  1.6798e-002
  1.1035e+000
  6.4464e+002
  2.3450e+000
  2.4837e-001
  3.0737e-001
  1.6377e-001
  3.5990e+002
  1.2706e+001
  5.8889e-001
  5.8925e-001
  8.5676e+000
  5.4073e+001
  1.4308e+002
  1.3790e-002
  7.5109e-001
  1.9426e+002
  4.0548e+001
  9.6977e-002
  1.6797e+003
  4.2321e-001
  1.7004e+001
  2.0072e-001
  4.4661e+000
  4.2575e+000
  4.9636e+000
  1.7368e+000
  2.3277e-001
  7.0941e+001
  1.4136e+000
  2.2949e-001
  4.2792e+002
  5.6966e-001
  7.0887e+001
  8.5234e+000
  8.6549e-002
  5.5082e+000
  2.8214e+000
  2.7388e+001
  1.2423e-001
  9.8520e-001
  3.6162e+002
  6.2304e+000
  2.9854e-001
  7.2501e-001
  1.3818e+001
  2.3183e+001
  1.8240e-001
  1.7328e+002
  5.2842e+000
  4.4127e-001
  8.4085e-001
  1.4019e-001
  3.1781e+001
  8.5649e+000
  1.1711e-001
  2.6554e+001
  1.1571e+001
  6.8749e+002
  3.6829e-001
  3.9465e-001
  3.9444e-002
  3.3582e+002
  4.2410e+001
  1.3976e+002
  9.3631e+000
  2.9327e+002
  1.5672e-001
  3.4360e+002
  3.4868e+002
  3.7448e+000
  1.1190e-001
  9.7963e-001
  2.8124e-001
  1.7851e-001
  4.2483e+002
  6.3269e-001
  7.7577e+002
  1.6170e-001
  2.4390e+002
  8.0835e+000
  3.8161e+001
  9.7309e-002
  8.7066e+001
  1.1192e+003
  1.8487e+003
  3.6256e-001
  8.2973e+001
  5.4075e+001
  5.1588e+001
  3.2517e+002
  9.9123e-001
  6.2515e+001
  1.1727e-001
  3.4377e+001
  2.2067e-001
  3.6964e-001
  7.0756e+000
  1.4348e-001
  1.1709e+001
  5.6838e+001
  1.4393e+003
  5.5864e-002
  5.0119e-001
  1.8715e+000
  7.8040e+002
  6.7291e+001
  2.1209e+002
  2.3899e+002
  2.5096e+001
  1.3862e+001
  3.1427e-001
  2.0169e+002
  2.6266e+002
  9.1089e+001
  1.2296e+000
  1.1204e+000
  9.8034e-001
  6.9891e-001
  4.4523e-001
  3.2194e+002
  5.1583e+001
  3.8704e-001
  3.9026e-001
  4.1589e-001
  2.7622e-001
  7.1757e-001
  1.4014e-001
  1.0649e+003
  1.2675e-001
  6.5523e-002
  4.3337e+002
  2.4420e+000
  2.1035e+001
  3.6587e+000
  2.4662e-001
  2.6763e-001
  1.3169e-001
  1.7257e+002
  7.2867e-001
  6.7369e+001
  1.6041e+001
  2.3689e+002
  1.1207e-001
  2.2616e+002
  1.1571e+001
  1.3476e+001
  2.7610e-001
  2.8705e-001
  3.0080e+000
  3.0374e+000
  1.7513e+000
  4.0902e-001
  1.9190e+000
  5.4011e+000
  4.9709e-001
  2.6479e+001
  6.8966e+002
  3.2454e+001
  4.2984e+001
  1.8584e-001
  8.2613e-002
  1.2255e+000
  1.0343e+003
  8.5667e+001
  4.6727e+000
  6.0243e+001
  8.8394e+001
  1.2149e-001
  9.0112e+002
  1.1532e+002
  2.0939e+002
  2.7097e+000
  6.9005e-001
  6.1361e+002
  1.7600e+002
  5.4774e+000
  1.3924e+001
  1.7303e+002
  2.0181e+002
  2.0695e+002
  4.3153e+001
  4.6665e+002
  3.8513e-002
  2.8516e-002
  3.7475e+002
  4.6604e+002
  6.6295e-002
  1.2332e+002
  3.9848e+001
  5.6481e+001
  1.3919e+000
  3.2189e+001
  5.3289e-001
  1.6446e+001
  6.6198e+001
  1.4159e-001
  1.3520e+000
  1.4464e+000
  4.3544e-001
  3.8379e-001
  5.5508e+002
  2.3205e+002
  1.5998e+000
  8.7636e-001
  4.1772e+002
  1.3521e+001
  6.2375e-001
  1.5356e+000
  1.0780e+002
  1.5874e+001
  1.6120e+002
  2.2485e+001
  3.2081e+000
  1.5228e-001
  4.7206e+002
  5.4145e+002
  1.1212e-001
  2.3647e-001
  3.0044e-002
  4.0883e+001
  3.0534e+000
  2.2870e+000
  3.4447e+001
  1.0157e+000
  5.1031e-001
  2.9036e-002
  4.9324e-002
  4.3579e-001
  1.5189e+000
  2.3451e+000
  9.4828e-002
  1.3265e+000
  3.2682e-001
  1.8145e-001
  2.4201e-001
  4.3624e+002
  9.3486e-001
  3.7316e-001
  3.2975e+000
  5.3945e+002
  1.1647e+002
  1.2522e-001
  4.8883e+002
  4.1020e+000
  8.7773e+002
  1.9544e+002
  9.8859e-001
  6.0981e-002
  1.0076e+003
  1.0213e-003
  4.5240e+000
  1.4605e+001
  7.9238e+001
  5.1393e+000
  7.2376e+000
  3.6561e-001
  4.1710e+001
  3.5664e+002
  3.9132e-001
  4.7859e+002
  4.6459e+000
  6.8350e-002
  9.3096e-002
  4.7435e+001
  2.1196e-001
  6.3172e-002
  1.7287e+001
  2.9851e+000
  4.2763e+000
  1.2766e-002
  1.2490e+000
  5.6613e-002
  1.8751e+001
  6.0365e+002
  5.2050e+000
  1.4747e+003
  2.4649e+002
  4.5703e+002
  2.2069e-001
  1.0770e-001
  1.0836e-001
  2.3324e+000
  2.3912e+000
  1.1887e+000
  5.9918e+002
  1.9661e+000
  5.9161e-001
  1.6295e-001
  3.5218e+002
  2.5428e-001
  5.1878e+001
  1.1789e+000
  2.2640e-001
  3.2470e+001
  7.2757e-001
  6.1261e-002
  6.3646e+002
  3.0725e-001
  2.0437e-001
  2.2633e-001

