  6.1334e+001
  2.4418e+002
  8.9725e+001
  3.7797e+001
  5.3801e+001
  4.1973e+001
  7.8726e+001
  1.8763e+001
  7.1035e+001
  5.6368e+001
  1.8939e+002
  2.8567e+001
  7.8346e+001
  7.4345e+001
  1.3325e+002
  2.2276e+001
  4.0796e+001
  1.1030e+002
  1.6335e+002
  1.2275e+002
  4.7261e+001
  9.0701e+001
  3.0863e+001
  7.7616e+001
  2.5458e+002
  6.1442e+001
  1.1263e+002
  3.0496e+001
  8.6208e+001
  3.7113e+001
  1.9317e+002
  3.0687e+001
  8.8470e+001
  1.4765e+002
  5.8436e+001
  3.4987e+002
  5.5390e+001
  2.7443e+002
  1.2311e+002
  1.7606e+002
  7.2444e+001
  2.2756e+002
  7.8872e+001
  2.5494e+002
  4.7659e+001
  4.3823e+002
  1.6899e+002
  2.0746e+002
  1.2525e+002
  2.9348e+001
  1.0567e+002
  2.8810e+001
  1.4906e+002
  3.1721e+001
  3.5649e+001
  2.9443e+002
  4.3266e+001
  1.9360e+002
  7.3666e+001
  4.3454e+001
  1.4714e+002
  4.2854e+001
  3.5408e+001
  6.6351e+001
  9.8149e+001
  8.2908e+001
  1.2622e+002
  5.5070e+001
  1.3782e+002
  9.2714e+001
  1.8218e+002
  4.7622e+001
  2.7484e+002
  8.4015e+001
  5.0719e+001
  5.0442e+001
  1.0747e+002
  1.0861e+002
  6.9140e+001
  4.7181e+001
  3.5515e+001
  2.3825e+001
  1.5325e+002
  1.4917e+002
  1.3380e+002
  3.6549e+001
  2.9108e+002
  5.6037e+001
  1.5345e+002
  4.2616e+002
  3.0628e+001
  1.1617e+002
  8.4227e+001
  4.8277e+001
  3.3476e+002
  3.8032e+002
  1.6879e+001
  8.3093e+001
  1.2630e+002
  2.5580e+002
  1.5407e+002
  2.0420e+002
  1.1589e+002
  7.6067e+001
  1.9429e+002
  1.8962e+001
  1.3939e+002
  6.7384e+001
  7.3002e+001
  1.6597e+002
  5.1683e+001
  1.4421e+002
  7.4939e+001
  2.7345e+001
  6.2424e+001
  3.4279e+001
  6.1656e+001
  7.2653e+001
  7.4316e+001
  5.7711e+001
  6.8026e+001
  1.3679e+002
  1.0808e+002
  9.2066e+001
  8.7389e+001
  2.3984e+002
  2.2178e+002
  6.3027e+002
  2.6913e+001
  1.2521e+002
  5.1866e+001
  4.4079e+001
  1.6436e+002
  1.4795e+002
  3.7054e+002
  2.5636e+001
  2.3417e+001
  3.3760e+001
  2.3306e+002
  7.8473e+001
  3.1793e+001
  4.3303e+001
  7.8238e+001
  1.1942e+002
  2.1510e+002
  4.3255e+001
  2.7595e+002
  3.6582e+001
  4.8761e+001
  1.1831e+002
  3.3891e+001
  2.8336e+001
  1.1698e+002
  3.9519e+001
  1.1178e+002
  5.5771e+001
  9.5630e+001
  1.4651e+002
  9.7317e+001
  3.1366e+001
  1.2642e+002
  1.9349e+002
  1.0630e+002
  1.7241e+002
  4.5567e+001
  1.5174e+002
  1.1932e+002
  6.8383e+001
  3.6378e+001
  6.0536e+001
  5.9522e+001
  3.3310e+001
  9.4120e+001
  7.8098e+001
  1.1774e+002
  3.0906e+002
  1.7376e+002
  2.0398e+001
  1.5885e+001
  8.1124e+001
  6.2956e+001
  3.1329e+002
  2.7178e+001
  6.0687e+001
  9.9923e+001
  8.3238e+001
  5.5113e+001
  7.5581e+001
  9.6559e+001
  4.8127e+001
  2.2900e+002
  2.7615e+002
  1.5716e+002
  1.5538e+001
  7.3286e+001
  1.1234e+001
  1.0465e+002
  1.5359e+002
  1.9945e+002
  5.4115e+001
  2.2354e+002
  1.6072e+001
  6.3579e+001
  2.3489e+002
  1.0118e+002
  3.4692e+001
  1.1913e+002
  7.6177e+001
  2.7450e+001
  3.5491e+001
  1.5640e+001
  4.5315e+001
  2.6548e+001
  7.9802e+001
  8.4208e+001
  1.1088e+002
  5.5753e+001
  1.5347e+002
  1.5316e+002
  3.8536e+001
  4.6142e+001
  3.9675e+001
  5.1633e+001
  3.2647e+001
  6.3761e+001
  6.0454e+001
  1.3552e+002
  4.5652e+001
  1.4043e+002
  1.8218e+002
  1.1060e+002
  1.4703e+002
  2.2953e+001
  1.1085e+002
  8.9610e+001
  1.1764e+002
  6.6364e+001
  7.0599e+001
  6.8410e+001
  6.1216e+001
  7.8504e+001
  7.9217e+001
  4.8887e+001
  8.3325e+001
  5.7965e+001
  2.0232e+001
  2.0779e+002
  1.6537e+002
  7.6029e+001
  4.2389e+001
  1.5920e+002
  3.3502e+001
  1.4607e+002
  5.3258e+001
  1.0054e+002
  3.3056e+001
  1.0302e+002
  1.0680e+002
  8.8579e+001
  4.0235e+001
  8.1725e+001
  2.7605e+001
  1.0317e+002
  1.8038e+002
  6.0835e+001
  1.6301e+002
  1.1612e+002
  2.7926e+001
  3.6437e+001
  8.1967e+001
  1.2444e+002
  1.6266e+002
  4.0636e+001
  6.8702e+001
  9.4381e+001
  3.4689e+001
  5.1202e+001
  8.7208e+001
  8.1221e+001
  1.7050e+002
  3.4668e+001
  1.1167e+002
  1.9538e+002
  1.7143e+002
  4.5665e+001
  4.4586e+001
  1.7418e+002
  1.0762e+002
  7.2571e+001
  5.3973e+001
  9.9772e+001
  1.1497e+002
  4.1847e+001
  3.3920e+001
  1.0008e+002
  6.5338e+001
  1.9370e+002
  5.0511e+001
  6.5465e+001
  1.3183e+002
  7.8765e+001
  6.2597e+001
  4.3906e+001
  1.1618e+002
  7.3555e+001
  1.0028e+002
  6.1427e+001
  2.8867e+001
  1.6413e+002
  1.2387e+002
  2.2446e+002
  1.9551e+002
  4.7780e+001
  3.8310e+001
  5.0136e+001
  5.9540e+001
  7.5616e+001
  4.3653e+001
  7.8617e+001
  6.3665e+001
  1.0513e+001
  4.4999e+001
  7.8884e+001
  1.8122e+001
  2.2555e+001
  4.0018e+001
  2.9816e+001
  4.9120e+001
  1.7500e+001
  5.2320e+001
  3.7731e+001
  6.9031e+001
  2.5772e+001
  1.0415e+002
  1.3271e+002
  4.2064e+001
  3.1971e+001
  9.3531e+001
  3.8696e+001
  1.3967e+002
  8.5739e+001
  7.7331e+001
  2.2827e+002
  1.8158e+002
  9.9371e+001
  1.8368e+002
  1.3567e+002
  1.4956e+002
  2.2199e+002
  1.2674e+002
  8.3945e+001
  5.5301e+001
  1.2678e+002
  3.8915e+001
  3.4114e+001
  5.2509e+001
  7.8415e+001
  8.5087e+001
  4.2855e+002
  2.3564e+001
  5.8086e+001
  6.1338e+001
  4.8176e+001
  3.5932e+001
  7.4919e+001
  7.5633e+001
  1.0758e+002
  4.1255e+001
  3.1694e+001
  4.2384e+001
  6.9529e+001
  1.1896e+002
  1.0075e+002
  4.6662e+001
  1.4719e+002
  4.6910e+001
  2.1395e+001
  2.4684e+001
  7.7924e+001
  1.6942e+002
  1.1995e+002
  4.1306e+001
  1.1584e+002
  5.9608e+001
  7.4639e+001
  1.3448e+001
  9.0570e+001
  1.1844e+002
  1.4163e+001
  3.1444e+001
  7.6711e+001
  6.4799e+001
  3.5119e+001
  1.3733e+002
  6.0897e+001
  1.3937e+002
  1.2973e+002
  1.5018e+002
  3.8978e+002
  1.8906e+001
  5.1260e+001
  5.7211e+001
  1.0522e+002
  2.1734e+002
  6.8745e+001
  1.8736e+001
  5.9492e+001
  2.7134e+001
  7.4375e+001
  2.0531e+002
  2.1232e+002
  2.4079e+002
  1.6787e+002
  2.4627e+002
  2.4868e+001
  4.0179e+001
  3.2636e+001
  2.0018e+001
  4.4414e+001
  7.5422e+001
  1.1983e+002
  9.6086e+001
  1.4148e+002
  9.0053e+001
  5.1112e+001
  1.6466e+001
  1.2479e+002
  2.9657e+001
  3.3959e+001
  4.0157e+001
  4.3928e+001
  1.3060e+002
  1.0090e+002
  1.6824e+002
  9.0420e+001
  8.5767e+001
  1.3782e+002
  3.6521e+001
  1.1607e+002
  8.2307e+001
  2.1074e+002
  6.8388e+001
  9.4789e+001
  4.0268e+001
  6.1225e+001
  1.3834e+002
  8.0436e+001
  7.2248e+001
  9.4863e+001
  6.6032e+001
  2.1464e+002
  1.1475e+002
  1.1711e+002
  1.7384e+001
  3.2721e+002
  1.1551e+002
  1.2843e+002
  3.3019e+001
  9.0004e+001
  9.2689e+001
  4.0272e+001
  1.4330e+002
  8.6815e+001
  3.6584e+001
  2.1862e+001
  5.7711e+001
  3.4943e+001
  2.9959e+001
  6.7186e+001
  8.3176e+001
  7.6241e+001
  7.2050e+001
  8.7654e+001
  1.3751e+002
  2.5455e+002
  5.5131e+001
  6.7314e+001
  1.2055e+002
  9.8105e+001
  6.5914e+001
  4.1011e+001
  2.7663e+002
  8.9995e+001
  2.4967e+002
  4.1884e+001
  4.0498e+001
  5.0197e+001
  1.1873e+002
  5.5501e+001
  4.5132e+001
  4.6725e+001
  3.7546e+001
  1.8123e+002
  7.2074e+001
  1.1839e+002
  1.2762e+002
  9.4170e+001
  5.1227e+001
  4.9874e+001
  6.4227e+001
  7.1724e+001
  3.5920e+001
  1.3110e+002
  1.2333e+002
  9.9987e+001
  7.7160e+000
  1.2932e+002
  7.2710e+001
  5.7797e+001
  3.2552e+002
  7.3458e+001
  1.3390e+002
  4.6325e+001
  9.7112e+001
  1.4443e+002
  6.5286e+001
  1.1360e+002
  4.7404e+001
  3.7603e+001
  3.3455e+002
  1.7725e+002
  4.8408e+001
  6.7109e+001
  6.5146e+001
  1.4598e+002
  9.5663e+001
  8.3784e+001
  2.3934e+002
  1.5211e+002
  2.0064e+002
  4.0105e+001
  7.0134e+001
  1.3535e+002
  1.4091e+002
  1.5659e+002
  1.2741e+002
  4.9132e+001
  1.6949e+002
  9.0311e+001
  2.6902e+001
  1.2614e+002
  1.0873e+002
  3.4896e+002
  2.5526e+001
  7.7336e+001
  9.6023e+001
  9.8512e+001
  1.2585e+002
  2.0368e+002
  2.2624e+001
  2.4135e+001
  4.9099e+001
  7.6965e+001
  1.1059e+002
  2.1795e+001
  1.1880e+002
  1.5936e+002
  1.3458e+002
  4.2380e+001
  1.2221e+002
  6.3958e+001
  1.2326e+001
  7.8272e+001
  1.1294e+002
  3.8365e+001
  2.7734e+001
  5.9883e+001
  4.3558e+002
  4.5261e+001
  7.2760e+001
  1.2357e+002
  8.7029e+001
  4.7172e+001
  1.7194e+002
  5.3137e+001
  8.3099e+001
  6.7125e+001
  4.8527e+001
  1.5132e+002
  5.3559e+001
  4.2282e+001
  1.5028e+002
  2.2535e+001
  1.7866e+002
  1.3001e+002
  1.0544e+002
  1.3246e+002
  1.9009e+001
  5.4120e+001
  1.6013e+002
  2.2444e+001
  5.5682e+001
  1.3456e+002
  1.0636e+002
  4.7774e+001
  1.4796e+001
  3.8383e+002
  1.1876e+002
  1.2437e+002
  3.4781e+001
  6.4947e+001
  5.9226e+001
  1.1951e+002
  5.6091e+001
  1.0204e+002
  7.7003e+001
  1.2495e+002
  1.0484e+002
  1.1265e+002
  1.3009e+002
  2.1944e+002
  9.4141e+001
  5.3999e+001
  6.8301e+001
  1.1380e+002
  1.0922e+002
  5.1737e+001
  2.2177e+002
  2.2598e+001
  4.8412e+001
  1.7577e+002
  2.4778e+001
  1.0367e+002
  1.0416e+002
  1.0857e+002
  4.7837e+001
  9.3684e+001
  3.0756e+001
  6.9096e+001
  2.4386e+002
  1.8964e+002
  2.0909e+002
  3.4431e+001
  2.6569e+001
  4.7795e+002
  5.6919e+001
  5.4703e+001
  3.0076e+001
  4.9844e+001
  1.0071e+002
  9.2500e+001
  7.0132e+001
  6.5741e+001
  1.1947e+002
  7.0422e+001
  1.6750e+002
  1.2790e+002
  2.3978e+001
  8.9164e+001
  9.5862e+001
  2.5440e+002
  1.2840e+002
  8.7739e+001
  4.7274e+001
  1.8418e+002
  9.6312e+001
  1.7436e+001
  1.0452e+002
  2.7305e+001
  4.6338e+001
  1.1137e+002
  8.7858e+001
  5.6990e+001
  1.8631e+002
  9.5886e+001
  4.1613e+002
  2.6272e+002
  1.7103e+002
  7.8356e+001
  2.2181e+002
  4.0453e+001
  7.1385e+001
  3.8393e+001
  5.8766e+001
  1.5161e+002
  8.5822e+001
  5.4233e+001
  1.5804e+002
  1.4977e+002
  1.5267e+002
  3.2312e+001
  1.0597e+002
  2.1943e+002
  1.2633e+002
  3.3303e+001
  6.8380e+001
  1.2666e+002
  2.3306e+001
  5.3909e+001
  5.7034e+001
  3.7825e+001
  1.4578e+002
  2.1697e+002
  1.2265e+002
  3.6030e+001
  2.2972e+001
  5.5223e+001
  7.4186e+001
  1.0670e+002
  2.8743e+001
  1.4608e+002
  2.0845e+001
  4.4531e+001
  1.7667e+002
  4.3488e+001
  1.6982e+002
  2.0107e+002
  1.8810e+002
  7.3911e+001
  8.9710e+001
  9.8896e+001
  8.7893e+001
  7.3055e+001
  8.2954e+001
  3.8717e+001
  4.2744e+001
  8.4177e+001
  1.2269e+002
  3.7776e+001
  1.8797e+002
  4.0363e+001
  2.9986e+001
  1.1539e+002
  6.5446e+001
  3.0967e+002
  2.5445e+001
  8.1427e+001
  2.6914e+001
  3.8331e+001
  2.2590e+001
  3.7333e+001
  7.9525e+001
  5.4380e+001
  1.8144e+002
  3.5462e+001
  2.4540e+001
  3.6971e+001
  4.0711e+001
  1.2291e+002
  6.8535e+001
  1.2058e+002
  5.8214e+001
  2.0867e+002
  8.2693e+000
  6.9341e+001
  4.2612e+001
  6.2635e+001
  7.5513e+001
  5.7549e+001
  8.9097e+001
  1.3891e+002
  3.9359e+001
  3.7857e+002
  5.7548e+001
  1.6349e+001
  3.7775e+001
  1.9232e+002
  7.1985e+001
  7.5953e+001
  2.9944e+002
  1.1875e+001
  3.9335e+001
  8.3138e+001
  1.0849e+002
  9.8928e+001
  4.0076e+001
  1.2959e+002
  1.3917e+002
  1.2730e+002
  3.5637e+001
  7.7991e+001
  2.7908e+001
  6.2475e+001
  5.1698e+001
  9.7004e+001
  1.7736e+001
  8.4930e+001
  4.9800e+001
  3.6706e+001
  1.0070e+002
  1.7978e+001
  1.5707e+001
  7.4070e+001
  6.4996e+001
  4.6520e+001
  8.4428e+001
  1.6242e+002
  3.0159e+001
  5.4652e+001
  5.0464e+001
  6.1791e+001
  3.0790e+001
  9.0809e+001
  8.8079e+001
  6.1459e+001
  3.7735e+002
  3.3840e+001
  3.2534e+002
  9.1766e+001
  2.5190e+002
  1.0545e+002
  1.3531e+002
  3.6642e+001
  2.1689e+002
  9.2143e+001
  1.2451e+002
  8.1143e+001
  1.2953e+002
  9.7276e+001
  1.6399e+002
  1.7906e+001
  1.8149e+002
  2.4867e+002
  6.8815e+001
  9.6903e+001
  3.7053e+001
  1.0113e+002
  1.7156e+002
  1.2855e+002
  2.9895e+001
  5.7317e+001
  2.8047e+001
  5.0697e+001
  5.3132e+001
  6.0648e+001
  6.9568e+001
  1.6551e+002
  4.2401e+001
  1.2103e+002
  2.5514e+002
  3.7667e+002
  3.1146e+001
  2.4439e+002
  9.7104e+001
  2.1931e+002
  3.6373e+001
  9.8383e+001
  9.2947e+001
  8.2643e+001
  1.2362e+002
  2.3718e+002
  1.0540e+002
  6.4659e+001
  1.5974e+002
  1.6704e+002
  1.8666e+002
  9.5391e+001
  1.4636e+002
  2.1397e+002
  7.4031e+001
  1.7355e+002
  2.6518e+002
  5.2560e+001
  9.3162e+001
  9.7004e+001
  1.0490e+002
  8.1465e+001
  5.1803e+001
  9.4692e+001
  4.5066e+001
  1.6952e+002
  8.7055e+001
  4.3362e+001
  1.7693e+002
  2.8593e+001
  1.5398e+002
  3.5024e+001
  2.6857e+001
  3.0625e+001
  6.4432e+001
  4.9311e+001
  3.2487e+001
  8.8667e+001
  2.9362e+002
  5.2247e+001
  5.3669e+001
  2.1221e+002
  1.7982e+002
  8.4964e+001
  9.3058e+001
  6.9920e+001
  5.6517e+001
  4.2868e+001
  2.4773e+002
  5.3060e+001
  1.8200e+002
  7.7003e+001
  2.7236e+002
  1.6254e+002
  6.6190e+001
  7.0887e+001
  4.7407e+001
  3.4474e+002
  9.5432e+001
  2.5659e+002
  1.2614e+002
  6.1803e+001
  3.6517e+001
  2.1214e+002
  5.6443e+001
  2.3305e+002
  4.1834e+001
  3.0879e+001
  6.5543e+001
  1.4744e+002
  1.2677e+002
  7.8658e+001
  1.0133e+002
  8.1535e+001
  9.6139e+001
  6.6759e+001
  4.9138e+001
  6.3093e+001
  1.0777e+002
  5.8060e+001
  3.3222e+002
  1.0144e+002
  1.9274e+001
  3.3012e+001
  1.4148e+001
  1.1579e+002
  7.6831e+001
  9.2066e+001
  4.9198e+001
  8.5968e+001
  2.2716e+002
  2.9074e+001
  8.8446e+001
  7.6024e+001
  8.6739e+001
  1.0952e+002
  1.6967e+002
  4.6122e+001
  1.8423e+001
  1.6631e+001
  5.1159e+001
  1.3768e+002
  1.3784e+002
  1.2491e+002
  1.4425e+001
  7.3965e+001
  1.6661e+002
  4.4628e+001
  3.2716e+001
  1.3041e+002
  2.9784e+001
  9.0638e+001
  6.3187e+001
  1.4254e+002
  2.2028e+002
  4.0787e+001
  2.4947e+001
  2.4801e+001
  7.0625e+001
  6.9117e+001
  6.6304e+001
  4.7846e+001
  5.6773e+001
  4.4475e+001
  4.9125e+001
  3.0029e+001
  8.7727e+001
  8.0160e+001
  1.5695e+001
  7.1059e+001
  6.7446e+001
  8.6442e+001
  3.6354e+001
  1.7430e+002
  1.9574e+002
  5.1983e+002
  2.5146e+001
  6.1967e+001
  1.5350e+002
  9.5537e+001
  5.7643e+001
  5.0199e+001
  7.6524e+001
  1.1884e+002
  1.9176e+002
  5.8737e+001
  1.4296e+002
  4.4414e+001
  5.3865e+002
  5.6037e+001
  1.6685e+002
  1.3964e+002
  5.5086e+001
  5.9439e+001
  1.5408e+002
  2.9251e+001
  4.3393e+001
  8.9683e+001
  9.3202e+001
  1.1268e+002
  4.5458e+001
  8.3681e+001
  7.3846e+001
  8.2916e+001
  1.2742e+002

