  4.0088e+000
  1.8378e-001
  5.5377e+002
  5.1765e+000
  4.6582e-001
  3.4435e+002
  3.1654e-001
  2.3880e+001
  2.0836e+003
  8.1747e-001
  3.6768e+002
  1.5902e+002
  3.1868e+000
  1.8032e-001
  1.9567e+000
  1.2749e+000
  6.0270e-001
  1.5393e+000
  6.6202e+002
  2.3382e+002
  1.6554e+000
  1.1685e+000
  3.4266e+000
  1.5388e+000
  3.0744e+002
  3.3974e+000
  6.7018e+001
  3.8632e+000
  7.3508e+001
  2.2859e-001
  1.0255e+000
  3.9106e+002
  3.4340e+001
  1.8652e-001
  4.9203e-001
  1.5946e+000
  1.7421e-001
  1.7976e-001
  1.3872e-002
  2.0515e+002
  2.1358e+000
  2.1740e+001
  3.1225e+000
  2.0933e+000
  4.5983e+002
  2.0413e-002
  5.1684e+000
  1.0558e-001
  3.9846e-001
  4.6764e+001
  2.7640e+000
  1.0981e+001
  3.0590e-001
  2.4403e+002
  1.6331e+002
  1.9796e+003
  2.6667e-001
  4.1331e-002
  1.4019e+000
  4.3152e+000
  1.4438e+000
  2.2221e+001
  9.1874e-001
  9.9185e-001
  1.2975e+000
  2.9099e+000
  6.5467e-001
  6.5408e+000
  7.9177e-001
  2.1471e+000
  3.0524e+000
  1.7951e+001
  4.5079e-001
  1.1227e+002
  8.6640e-001
  2.3738e-001
  2.1701e+002
  1.7913e+000
  2.3437e+001
  7.2363e+002
  7.8526e+002
  2.9700e+002
  1.4820e-002
  5.1044e-001
  1.6773e-001
  1.7610e+000
  1.1985e+000
  1.1121e+001
  2.5814e+000
  3.2601e+000
  6.3626e-001
  9.1066e+000
  7.3393e-001
  2.0599e+000
  1.6842e+003
  7.7182e+000
  1.4217e-001
  3.9060e+002
  4.0621e-001
  3.4924e+000
  5.6197e-001
  3.1361e-001
  6.2388e-001
  3.9655e+000
  1.1150e-002
  2.3511e+000
  1.4659e+000
  2.3993e+003
  1.6415e-001
  8.6440e-001
  2.2020e+000
  2.9757e+002
  7.2465e-001
  6.8933e-001
  3.8528e-001
  9.9005e+000
  1.7678e+000
  4.6535e+002
  2.8242e+002
  5.7995e+000
  1.2406e+000
  1.2995e+001
  9.5246e-001
  2.6763e-001
  1.9586e+000
  1.1573e+002
  4.0265e+000
  1.1439e+000
  2.1218e-001
  1.3669e+000
  4.0846e+001
  7.1154e+001
  4.1570e-001
  1.3453e+000
  3.0677e-001
  1.4336e+000
  2.0347e-001
  1.4830e+003
  1.3939e-001
  2.4153e+001
  9.5269e-001
  2.7472e-001
  8.4335e-003
  1.1025e+001
  4.2228e-001
  9.0908e-001
  2.0589e+000
  3.0116e-001
  1.7868e+002
  4.4027e+000
  2.4314e+000
  4.1902e-001
  5.1190e-001
  3.1517e+002
  1.8770e-001
  2.6061e-001
  7.0727e+001
  1.5864e+002
  1.7544e-001
  7.1435e+001
  2.2958e+000
  1.3455e+002
  5.4338e-001
  4.7785e+002
  1.6472e+002
  2.0192e+002
  1.7919e+002
  2.2712e+002
  4.3674e-001
  1.9695e-001
  2.7245e+000
  7.5676e-001
  3.5640e-001
  1.5729e+000
  1.5482e-001
  3.2937e-001
  2.4406e-001
  8.2797e-001
  3.4892e-001
  3.1231e+002
  4.0286e+002
  1.8041e+001
  2.7709e+000
  6.5248e+000
  1.6697e+000
  2.6894e+000
  4.2481e+002
  3.8330e+002
  7.8881e-002
  2.2684e+001
  1.4292e+001
  2.4604e+001
  3.9743e+000
  6.1289e+002
  9.2512e+002
  4.9555e-001
  6.4830e+002
  4.1721e+000
  4.2958e+002
  6.6168e-001
  7.2525e+000
  1.7356e-001
  1.0983e+001
  1.0207e+000
  2.6611e-001
  2.2948e+001
  4.1435e-002
  1.1938e+003
  6.1678e+002
  3.9636e-001
  6.3300e-001
  3.1793e+000
  2.0526e-001
  1.0981e+000
  4.5109e+000
  5.5225e+000
  2.4802e+000
  1.2503e+002
  6.0219e-001
  3.7279e+000
  1.7979e+001
  1.5070e+000
  2.6701e-001
  1.5253e-001
  4.9011e-001
  3.2835e+001
  5.0084e+000
  8.3385e-002
  1.7649e-001
  8.0997e+002
  5.5839e-001
  2.9563e-001
  1.0682e+000
  2.8393e+000
  8.7971e+001
  4.1768e+001
  1.6472e+000
  1.4914e+002
  6.8594e-001
  4.2312e+002
  5.4339e+002
  1.6039e+002
  3.3980e+002
  4.6516e+002
  4.4073e+000
  1.0034e+000
  3.4933e+000
  9.6405e-002
  1.0023e+000
  1.3072e+000
  7.1137e-001
  1.7412e+000
  3.6998e-002
  8.0404e-002
  1.6321e+003
  5.6798e+001
  2.2960e-001
  8.6510e-001
  8.1907e-001
  1.0089e+002
  1.9629e+001
  1.4566e-001
  3.6703e-001
  6.0133e+001
  1.3629e+000
  6.8333e-001
  8.3065e-001
  2.2245e+002
  4.9075e-001
  1.1989e+002
  5.2510e+001
  2.4528e+000
  5.0158e-001
  1.0001e+002
  8.7682e-001
  1.4056e+002
  1.2256e-001
  3.5107e+000
  1.5091e+000
  1.1016e+002
  9.4774e-003
  2.8518e+000
  7.4062e+002
  3.7714e+000
  2.5098e+000
  3.0565e+000
  1.2564e+000
  4.9787e-002
  1.3190e+000
  2.6296e+001
  1.0305e+001
  3.3368e+002
  8.5136e-001
  2.5930e-001
  7.1144e-001
  2.2981e+000
  3.0323e+002
  6.3063e+002
  2.7820e-001
  3.4086e+002
  3.6951e+002
  5.0589e-001
  1.6895e+000
  8.6368e-001
  1.4510e+000
  8.2965e-001
  7.0960e-001
  1.9745e+000
  2.1320e-001
  1.7194e+000
  1.8966e+000
  1.3370e+000
  7.7400e+002
  4.5376e+000
  2.2930e+000
  1.8623e+000
  4.9333e+002
  4.0421e+002
  1.3935e+003
  7.8506e-001
  5.8417e+002
  2.9570e-001
  1.8283e+000
  4.7983e-001
  2.6276e+000
  1.8234e+000
  7.4124e+001
  2.0413e+000
  1.0235e+003
  9.4220e-001
  1.3470e+000
  8.1665e-001
  8.6146e+001
  2.2260e-001
  5.7724e-001
  4.1336e+001
  5.9337e+000
  8.2596e-001
  1.0531e-001
  1.7963e+000
  2.5242e-002
  4.6962e+002
  4.3564e-001
  4.6500e-001
  5.9479e+001
  9.7518e-001
  5.2121e-002
  1.0563e-001
  4.5738e+000
  1.6676e-001
  2.6153e-001
  1.9565e+001
  8.2991e+000
  1.4725e+002
  1.1961e+000
  1.4260e+003
  1.7665e+000
  1.1125e+000
  9.1359e+002
  3.8167e+000
  3.2739e-001
  2.3055e+002
  1.4420e+000
  2.0500e+002
  1.1824e+003
  1.5261e+000
  9.6132e-001
  3.5359e+001
  6.6455e+000
  8.9167e-001
  1.7373e+000
  2.2925e-001
  1.0429e+000
  1.8358e+002
  4.1065e-001
  1.5601e+000
  1.3755e+000
  1.3082e+002
  2.9321e+000
  8.2539e-001
  1.6619e+000
  4.4013e+000
  2.6076e+002
  5.8889e-002
  7.0595e-001
  5.9986e+000
  3.6425e-001
  4.1302e+001
  3.5790e+002
  3.1257e-001
  8.5570e-001
  4.0974e+002
  2.2653e+000
  1.6166e+000
  7.6390e+001
  7.5555e+001
  1.8821e+000
  1.3996e+000
  1.9500e+000
  7.2257e-001
  3.0079e+002
  3.9396e-001
  2.9783e+000
  2.3402e-001
  1.3495e+000
  1.1495e+000
  1.4155e+002
  3.2369e-001
  9.7815e-001
  1.0083e+000
  5.5062e-001
  2.0419e+001
  1.3403e+000
  2.0930e+000
  3.2170e+000
  1.2546e-001
  9.6752e+001
  1.5787e-001
  9.5837e+000
  1.6561e+001
  5.4775e-001
  2.1850e+000
  9.8869e+000
  1.7959e+002
  2.7926e+001
  2.5084e+000
  1.0568e+000
  1.2149e+000
  1.9624e+002
  3.9211e-002
  2.6820e+000
  5.6209e+001
  2.8059e+002
  2.0718e+002
  7.0100e-001
  6.0668e-002
  8.2113e-001
  7.1902e+000
  4.8011e+000
  1.2516e+000
  3.7469e-001
  9.0961e-001
  8.3146e-001
  1.0717e+000
  1.9132e-001
  6.5759e+002
  8.3650e+000
  3.4980e-001
  9.9588e-001
  6.0983e+000
  3.8782e+002
  5.8694e+001
  1.4691e-001
  7.2278e-001
  1.0772e+002
  2.1589e-001
  6.1149e-001
  9.1472e+001
  3.1999e+001
  4.5334e-001
  6.1567e+001
  4.5141e+002
  9.0952e-001
  8.6870e-002
  2.7692e-001
  7.8701e-001
  9.3234e-001
  7.2359e+001
  1.2335e+000
  9.9337e-001
  1.7394e+000
  3.3104e+000
  1.3901e+000
  1.5397e+002
  2.4436e+000
  4.2440e-001
  8.2680e+000
  5.1931e-001
  4.2083e-002
  1.9567e+000
  7.3590e-001
  5.5701e+000
  3.5245e-001
  5.8229e+002
  7.8039e+000
  5.6031e-001
  1.6007e+000
  2.4733e+002
  9.1384e-001
  1.3482e+000
  7.6440e+000
  1.4115e+000
  1.8803e-001
  9.8574e+000
  1.7757e-001
  6.4238e+001
  5.9975e-002
  4.7719e-001
  1.0752e+000
  4.5069e+000
  2.3662e+002
  1.0985e+000
  6.0232e+001
  8.9171e-001
  1.4294e+000
  9.8171e+001
  5.9019e+002
  1.3132e+000
  3.0662e+001
  9.1796e+001
  1.7181e-001
  2.8442e+001
  2.6023e-001
  4.2293e+000
  1.1797e-001
  2.9663e-001
  1.5897e-001
  1.8795e+000
  2.3867e-001
  1.1343e+000
  1.6768e+000
  1.0385e+003
  1.8953e+001
  7.4144e-002
  1.5500e-001
  1.2780e+001
  1.2764e+002
  1.3070e+000
  1.1744e+001
  2.0622e+000
  2.7091e+000
  9.8070e-001
  2.0229e+000
  1.3819e+001
  5.8236e+001
  2.9092e-001
  5.4799e-002
  4.1526e+001
  1.6062e+000
  2.1645e+002
  1.8337e+002
  1.0962e+000
  8.4032e-001
  1.4407e-001
  1.8371e+001
  3.4241e-001
  1.6048e-001
  5.0831e+002
  1.6810e+001
  3.0575e+000
  3.8654e+002
  2.8562e+000
  1.5678e+000
  1.5580e+002
  6.6454e+000
  9.7714e+001
  7.7070e-001
  6.3328e-001
  7.3873e+001
  5.8650e-001
  4.2548e+000
  5.8403e-002
  1.0739e+002
  1.5323e+002
  8.5568e-001
  1.8769e+000
  4.4912e-001
  7.3585e+002
  5.2742e+000
  1.3401e+000
  5.1363e-001
  1.2420e+000
  3.0238e-001
  7.4269e-001
  1.7603e+000
  4.5391e+000
  6.6750e-001
  5.7542e-001
  2.1036e+000
  1.1548e+000
  2.3070e+000
  2.2990e-001
  2.6902e+000
  2.0083e+000
  1.0912e-001
  3.2894e+000
  2.7159e+001
  3.9984e-001
  3.4272e+000
  2.9687e+000
  4.3529e+000
  1.5538e+000
  1.0875e+000
  1.5530e+000
  1.5452e+000
  1.5837e+000
  4.2953e+002
  1.0895e-001
  1.4921e+000
  3.2065e+000
  6.4897e-001
  1.2190e+000
  1.1050e+000
  1.1471e+000
  4.0410e+001
  2.4105e+000
  1.1217e+000
  7.2437e-002
  7.3278e-001
  5.5050e+001
  6.2867e-001
  4.2209e+002
  8.2592e-001
  4.3048e+001
  6.7286e+000
  1.6363e+000
  1.1695e+000
  8.0721e+000
  2.6451e+001
  1.8278e+000
  1.9192e+000
  1.0970e+000
  1.5605e+003
  2.9505e-001
  4.1361e-001
  1.1140e+003
  4.7673e-001
  1.0395e+000
  2.4432e+000
  7.7777e-002
  2.0469e+002
  8.9608e+000
  4.4602e-001
  1.8570e-002
  3.3137e+002
  4.8375e+000
  8.2141e-001
  6.2851e-001
  4.3469e+001
  2.1799e+001
  6.0897e-001
  5.5136e-001
  6.7739e+000
  6.0852e+000
  2.5921e+002
  7.8444e-001
  1.1802e+001
  3.0296e+000
  1.3185e+003
  1.1133e+000
  7.3884e-001
  2.0318e+000
  2.0824e-001
  2.4929e-001
  1.5046e+000
  9.7074e-001
  3.5484e+002
  1.6940e-001
  3.7952e+000
  7.0647e-001
  3.0020e+001
  2.2250e+002
  8.9975e+002
  2.9017e+000
  1.1498e+000
  3.9085e-001
  1.2070e+000
  4.4719e-001
  2.3624e-001
  3.8410e+000
  1.4682e-001
  3.0085e-001
  1.9461e+002
  5.0627e-001
  1.5301e+000
  6.4319e-001
  1.3632e+000
  1.1920e+000
  1.2640e+000
  6.4587e+002
  3.2764e-001
  3.5119e+000
  1.9244e-001
  4.9759e-001
  8.8420e-002
  2.7231e+000
  2.5408e+000
  6.9165e-002
  2.2215e+003
  1.2222e+000
  7.8480e-001
  1.8049e+001
  8.0229e-001
  1.4494e+000
  5.9478e+000
  5.1587e+000
  1.1178e+000
  1.2529e-001
  4.3718e-001
  1.1122e-002
  8.5547e-001
  1.1921e+000
  1.6357e+000
  3.2703e-001
  1.4143e+002
  1.7426e+002
  1.1786e+000
  2.7781e-001
  1.3514e+003
  1.0247e+003
  9.3794e+002
  2.0165e+002
  6.6826e-001
  2.1434e+001
  3.2388e+001
  1.5432e+000
  1.6023e+001
  6.8976e-001
  3.3409e+001
  1.5077e+002
  3.8362e-001
  1.0666e+000
  3.1661e+001
  7.6866e-001
  1.8999e+000
  8.6007e-001
  3.2523e+001
  4.2470e-001
  3.4672e-001
  3.6848e-001
  8.4667e-001
  1.0527e+000
  1.5437e+002
  1.5492e-001
  2.8952e+000
  7.0520e-001
  1.5703e-001
  1.1701e+001
  2.2698e-002
  3.4999e-002
  4.7058e-001
  5.6743e+000
  5.1238e+000
  4.7129e+002
  4.3813e-001
  6.2735e-002
  1.1401e+002
  3.7146e+002
  8.3638e-001
  3.6826e+002
  1.2789e+001
  7.5212e-001
  1.7309e-001
  2.5242e+000
  4.7096e-002
  4.0485e+002
  2.3167e+000
  1.8644e+000
  4.8423e-001
  7.2093e-001
  4.4996e-001
  1.5636e+001
  3.1221e+002
  3.1455e-001
  1.2515e+000
  1.9785e-001
  5.0360e-001
  3.8929e-001
  2.3726e-001
  1.7055e+000
  8.7363e-001
  1.0351e+000
  2.5104e+002
  6.2501e-001
  9.6009e-001
  3.3127e-002
  3.9301e+002
  8.4525e-001
  3.3038e-001
  1.4942e+001
  2.5653e-002
  1.9254e+000
  9.5582e+001
  3.8317e+001
  7.1920e-003
  7.8139e+001
  7.4151e-001
  7.9811e-001
  2.8935e+001
  4.0219e+002
  1.7475e+003
  3.0480e+000
  7.6388e+000
  7.8285e-001
  2.7687e-001
  3.0168e+002
  1.0516e+002
  2.3164e-001
  4.3378e+002
  6.7848e-002
  1.0419e+000
  6.2475e-001
  2.8648e-001
  3.2375e+001
  1.3891e+003
  1.7001e+000
  5.5012e-001
  2.6208e+000
  3.7893e+000
  1.3423e+000
  4.1799e-001
  7.3273e+001
  1.5605e-001
  2.4465e+000
  5.8563e-001
  2.0679e+002
  5.7207e-001
  1.2079e+000
  8.4952e+001
  3.1073e+002
  7.7390e+001
  3.5467e+000
  4.2233e+000
  1.3245e+002
  1.0288e+002
  6.2713e+002
  1.5942e+002
  8.1920e+002
  6.6910e+000
  1.1126e-001
  1.7987e+000
  7.4799e+001
  2.1438e+002
  7.8562e+002
  7.8789e+000
  1.8857e-001
  3.1404e+002
  1.2128e+000
  7.5409e-001
  2.7801e+002
  2.9659e+002
  9.0999e+001
  6.5051e-001
  1.4063e-001
  4.3351e-001
  8.6602e+002
  6.7943e-002
  2.0708e+000
  3.8733e+000
  1.9640e+000
  5.4072e-001
  2.4659e+000
  6.1796e-001
  2.8303e+000
  6.1987e+000
  2.8474e+000
  5.1757e-001
  1.7835e+002
  2.8800e+002
  3.7714e-001
  3.1165e+001
  5.2349e+000
  2.9805e+001
  3.6007e+000
  2.4892e+000
  3.1769e+000
  1.3222e+000
  1.0210e-001
  5.5866e+000
  3.3212e+001
  2.0005e+000
  3.0686e+000
  1.0683e+003
  2.5896e+001
  1.0975e+000
  1.8769e-001
  6.9761e-001
  3.6138e-001
  9.1988e-001
  2.4130e+002
  1.5705e+000
  1.0283e+000
  3.8306e+000
  1.6086e+000
  1.4940e-001
  4.4428e+002
  1.3887e-001
  8.2986e-001
  4.4659e+002
  8.0198e+000
  1.0598e-001
  6.0371e+002
  7.6486e+002
  3.8101e-001
  1.1569e+001
  1.9721e+002
  1.7294e-002
  5.7135e-001
  5.1328e-001
  1.0631e+001
  9.6713e-001
  5.5134e+002
  4.2985e-001
  1.4622e+000
  2.3931e+000
  3.1834e+002
  7.4645e+002
  6.0215e+002
  1.2760e+000
  1.8664e+000
  3.3373e+002
  1.4207e+000
  5.3496e+002
  6.2307e-001
  7.5114e-002
  1.0994e-001
  5.8357e-001
  7.9152e-001
  3.2980e+002
  1.5224e+003
  7.1517e+002
  1.1495e+000
  5.6619e-001
  3.9421e+001
  5.0766e+001
  2.6722e-001
  4.1767e+000
  2.8485e-001
  6.5539e-001
  2.4664e+000
  1.3092e+000
  1.3778e+000
  4.0513e-001
  2.0811e-001
  9.0269e+000
  6.3950e+000
  1.0708e+002
  2.5565e+000
  3.4225e+001
  1.0237e+002
  3.0156e+001
  1.0075e+000
  9.4000e+001
  1.4896e+000
  7.6159e+000
  4.4868e-002
  2.0909e+000
  5.5803e+002
  4.4623e-001
  7.4094e+000
  3.9092e-002
  4.9499e-001
  3.8839e+000
  3.0747e-001
  1.8831e+000
  2.1819e+002
  3.3844e-001
  4.7589e-003
  3.6708e-001
  2.9198e+002
  1.8169e+000
  5.9051e+002
  5.1163e-001
  9.5829e-001
  5.2505e-001
  4.5832e-001
  2.1648e+002
  1.1560e+000
  1.2624e+002
  9.2096e-001
  2.6603e+002
  2.1107e-001
  8.0691e-001
  2.5900e+001
  4.7814e+000
  3.5888e-001
  2.7373e-001
  1.2862e+000
  9.1150e-001
  1.8458e-001
  5.2817e-001
  3.3457e-002
  9.5478e-001
  1.8108e+000
  3.3386e-001
  1.8429e+000
  2.6548e+000
  1.1139e+002
  5.0564e+002
  2.7201e+000
  8.3521e+001
  1.1975e+003
  1.2900e-001
  8.1344e-001
  1.1538e+000
  8.7124e-002
  1.0824e+003
  5.3112e-001
  7.7360e-001
  5.3661e+000

