  1.2244e+001
  1.3531e+002
  9.3660e-001
  1.4554e+000
  1.6843e+002
  1.0475e+002
  5.0208e+001
  4.9489e+001
  9.9439e-001
  2.9895e+001
  4.0756e+001
  2.6555e+002
  3.7197e-002
  2.3613e+001
  4.6812e+002
  2.1164e+000
  1.4949e+002
  1.2971e+001
  1.1003e+001
  2.7190e+002
  4.8711e+001
  3.4740e+001
  1.9855e+002
  1.5176e+002
  5.5239e+002
  2.0324e+001
  5.3649e+001
  4.2169e+002
  2.4904e+000
  1.3209e+002
  1.1834e+001
  7.1753e+001
  8.7628e+001
  1.7024e+000
  8.4578e+000
  4.4437e+000
  1.0126e+001
  1.5178e+001
  1.0636e+002
  1.5901e+000
  1.3649e+002
  3.8528e+001
  9.9365e+000
  1.0043e+001
  8.1115e+001
  8.3186e+001
  1.9686e+002
  1.8885e+001
  6.6648e+001
  3.0340e+001
  2.9782e+001
  3.5275e+001
  1.3024e+001
  2.2724e+001
  5.9363e+001
  1.4374e+002
  1.6380e+001
  3.5039e+002
  1.2199e+001
  2.1982e+002
  5.4480e+001
  3.4846e+002
  2.9162e+001
  1.2493e+001
  7.8293e+000
  1.4850e+001
  1.5691e+001
  1.7619e+002
  1.5211e+001
  6.3041e+001
  8.3343e+000
  4.3568e+002
  4.4402e+001
  2.8723e+002
  6.0087e+001
  4.3277e+002
  8.4809e+001
  7.4020e+001
  1.1817e+002
  9.5688e+000
  1.6411e+001
  4.8932e+001
  7.0805e+000
  3.7145e+001
  4.7268e+002
  1.9378e+001
  2.2599e+002
  1.9398e+002
  1.9389e+001
  3.0075e+001
  2.2925e+000
  1.5681e+000
  1.1104e+002
  1.2892e+001
  2.9628e+000
  1.4808e-001
  2.2341e+001
  1.1304e+002
  1.6061e+002
  2.3008e+002
  7.2396e+000
  7.4741e+000
  1.1894e+002
  4.4899e+000
  4.2101e+002
  2.4452e+001
  1.0961e+001
  6.9016e+000
  1.9228e+001
  5.2371e+001
  1.0093e+002
  9.8601e+001
  1.3091e+001
  2.5463e+001
  3.2198e+002
  6.2367e+001
  1.3762e+002
  1.8131e+001
  8.8563e+001
  1.4168e+002
  5.2319e+000
  1.6132e+002
  1.5622e+002
  2.0956e+002
  1.3187e+001
  3.5648e+002
  9.2037e+000
  1.2965e+002
  2.4944e+002
  7.5547e+001
  4.5016e+001
  1.4594e+000
  2.7099e+002
  1.6973e+001
  4.3823e+001
  6.6200e+001
  1.5295e+002
  3.2445e+001
  7.1756e+001
  1.0324e+001
  5.0675e+001
  8.7599e+001
  6.3474e+000
  3.1987e+002
  1.9353e+001
  7.9720e+001
  1.1964e+002
  8.4937e+001
  2.6813e+001
  8.9644e+000
  6.1975e+001
  4.8204e+001
  1.6879e+002
  2.9791e+002
  4.8042e+002
  8.9864e+001
  7.1222e+000
  4.2433e+002
  1.6127e+000
  1.2667e+001
  7.5036e+001
  1.2042e+002
  5.2256e+001
  7.1959e+000
  4.0810e+001
  2.2522e+000
  8.6945e+000
  1.4687e+000
  4.5335e+000
  9.7724e+001
  7.3901e+001
  3.8262e+002
  8.9792e+000
  9.2100e+001
  1.0427e+002
  2.4121e+000
  1.0611e+002
  2.3422e+001
  1.1028e+002
  1.4464e+001
  7.7766e+001
  3.0222e+002
  1.4223e+002
  9.5681e+001
  1.5805e+002
  1.5944e+002
  4.4035e+000
  1.2555e+001
  1.7679e+002
  1.9567e+002
  3.1335e+002
  2.5543e+002
  3.9917e+001
  3.2748e+002
  9.3685e+000
  6.4350e+001
  1.7431e+002
  1.3257e+002
  2.1267e+002
  1.0005e+002
  9.2807e+000
  1.7825e+001
  1.7781e+001
  6.3134e+002
  1.8262e+001
  1.5164e+001
  5.8868e+001
  2.1996e+001
  3.8756e+000
  3.4144e+002
  3.3093e+001
  3.3130e+002
  4.8276e+001
  1.2471e-001
  5.5386e+000
  7.0444e+001
  1.8054e+001
  2.6515e+002
  4.5331e+000
  9.6315e+001
  1.9414e+001
  2.2546e+002
  3.9478e+001
  4.0087e+001
  2.0594e+002
  1.5009e+000
  1.5673e+002
  1.3563e+002
  1.3023e+002
  5.3031e+001
  7.4578e+001
  2.7538e+000
  2.8153e+002
  5.0416e+001
  1.5363e+002
  3.2005e+001
  1.1996e+001
  9.0792e+000
  5.8322e+000
  3.0607e+001
  2.5282e+001
  1.7995e+002
  5.2906e+001
  1.0676e+001
  1.0416e+000
  1.2351e+002
  1.6923e+001
  3.1947e+001
  9.1177e+000
  9.7044e+000
  6.3576e+000
  5.7283e+001
  3.6945e+001
  1.0237e+002
  4.1915e+001
  2.7927e+001
  2.0484e+001
  1.1518e+001
  4.0450e+001
  1.5772e+001
  1.9191e+001
  2.7843e+001
  7.1031e+001
  9.1129e+000
  1.7802e+001
  1.8436e+002
  7.9262e+001
  4.3428e+002
  4.0037e+000
  7.8947e+001
  2.2550e+001
  3.3283e+001
  7.4982e+000
  2.4879e+002
  1.6073e+002
  1.5904e+002
  6.6318e+000
  2.0197e-001
  4.1885e+001
  2.2298e+002
  4.5686e-001
  5.8914e+000
  8.0873e+000
  2.0710e+000
  7.5195e+000
  1.1268e+002
  2.0394e+000
  6.0066e+001
  8.0634e+001
  5.9896e+001
  3.9336e+001
  2.1779e+001
  3.2031e+001
  1.4952e+001
  7.4449e+000
  3.9587e+002
  2.5386e+001
  2.2319e+002
  9.8203e+001
  2.8177e+001
  4.7772e+001
  6.8777e+000
  1.3580e+001
  3.3102e+002
  2.1393e+001
  2.5795e+001
  3.1745e+000
  1.1558e+002
  4.6328e+002
  1.0245e+002
  4.8567e+001
  7.1164e+001
  1.3048e+001
  1.0023e+001
  3.1966e+000
  4.1200e+002
  8.7681e+000
  1.4530e+002
  7.3000e+001
  3.4834e+002
  5.0641e+001
  9.3987e+001
  2.1582e+002
  4.0306e+001
  5.6678e+000
  3.3976e+002
  9.9162e+001
  2.5401e+001
  2.6113e+002
  3.2995e+002
  1.9259e+001
  3.2345e+002
  2.7004e+001
  1.3238e+002
  7.0861e-002
  1.1843e+001
  1.2347e+002
  2.0897e+001
  2.1614e+001
  2.0473e+001
  3.9894e+000
  1.9484e+002
  1.0682e+001
  4.4299e+001
  4.0726e+000
  3.4767e+001
  1.1212e+001
  6.7259e-001
  3.1589e+001
  1.2857e+002
  1.0594e+002
  1.1479e+001
  2.1254e+000
  1.0212e+002
  4.0474e+001
  4.7481e+001
  2.6879e+000
  7.0368e+001
  1.5906e+002
  1.7721e+000
  1.2723e+002
  3.4676e+001
  6.8880e+000
  4.1698e+001
  3.1222e+001
  1.2098e+002
  7.1012e+002
  1.3789e+002
  1.7689e+001
  4.0750e+002
  5.6071e+002
  2.9942e+002
  3.0327e+001
  1.6485e+002
  2.4274e+000
  6.7964e+001
  1.2446e+000
  2.8701e+001
  1.3044e+002
  8.6427e+000
  3.3454e+001
  8.1225e+001
  5.0051e+001
  1.7758e+002
  2.0895e+001
  1.8683e+002
  5.1089e+001
  6.2091e+002
  4.2479e+001
  4.7261e+001
  7.1513e+001
  1.8612e+002
  3.9239e+000
  2.2486e+001
  8.6996e+001
  1.7555e+002
  1.6999e+002
  3.9530e+001
  1.3389e+002
  4.1437e+001
  1.8225e+001
  1.0845e+002
  1.9073e+001
  3.7119e+000
  2.3829e+002
  2.9830e+001
  2.9909e+001
  1.5780e+002
  8.2932e+000
  2.6752e+001
  8.3050e+000
  1.0007e+001
  6.8603e+001
  4.7091e+001
  3.9854e+001
  2.5547e+001
  2.2620e+000
  1.0236e+002
  2.3962e+001
  4.0150e+001
  2.6934e+001
  1.3683e+001
  3.8359e+002
  6.0243e+000
  1.3229e+002
  2.1262e+001
  3.4480e+001
  2.1962e+002
  5.1655e+002
  1.7781e+001
  1.2055e+002
  4.8070e+001
  1.0226e+002
  2.7754e-001
  1.2422e+001
  2.4573e+000
  1.8122e+000
  2.1706e+001
  1.7171e+002
  1.6557e+002
  1.9020e+002
  1.2123e+002
  7.1276e+001
  4.2045e+001
  1.7626e+001
  1.2849e+002
  5.4500e+001
  3.4431e+002
  1.2018e+002
  2.2820e+002
  7.4728e+000
  7.5465e+001
  1.0146e+001
  4.9120e+002
  2.0877e+002
  3.7438e-001
  2.5014e+002
  2.9091e+001
  3.6130e+001
  5.1686e+000
  4.3943e+001
  9.7603e+001
  1.3184e+002
  5.2979e+001
  2.4491e+001
  5.4001e+001
  4.8341e+002
  3.0581e+001
  2.8531e+002
  7.6809e+000
  3.3129e+002
  1.9530e+001
  8.0282e+001
  4.3190e+001
  3.1291e+001
  2.0900e+002
  5.4535e+001
  6.4044e+001
  1.6864e+001
  4.5986e+002
  6.1068e+001
  3.8477e+000
  3.1901e+000
  7.4686e+000
  2.6169e+001
  2.2929e+002
  2.2855e+002
  1.5863e+002
  9.2377e+000
  8.4539e+001
  1.5682e+002
  8.3874e+000
  5.6027e+002
  1.2776e+002
  2.2631e+002
  4.0140e+000
  2.4930e+001
  2.3219e+001
  8.9955e+001
  1.1999e+002
  4.1679e+002
  2.9202e+001
  4.0449e+000
  1.4029e+001
  2.1556e+001
  9.1537e+001
  2.8239e+001
  3.5620e+002
  3.2063e+000
  1.0832e+001
  3.3955e+001
  1.6125e+002
  1.6483e+001
  1.4430e+001
  2.0441e+002
  4.2838e+001
  1.0385e+002
  2.9230e+002
  1.1958e+001
  1.0206e+002
  5.2424e+000
  5.4924e+001
  1.9281e+001
  2.7997e+001
  1.1212e+001
  1.0166e+002
  1.0176e+002
  3.4317e+002
  2.9001e+000
  3.6665e-001
  1.1415e+001
  6.5330e+001
  8.9835e+001
  5.3466e+001
  3.2786e+002
  6.0770e+001
  1.0608e+001
  3.1451e+000
  3.3393e+002
  5.6922e+001
  5.5783e+001
  3.7786e+001
  1.3146e+001
  3.7944e+002
  3.8163e+001
  1.5807e+002
  1.2550e+000
  8.1718e+000
  2.5091e+001
  4.3325e+002
  4.5122e-001
  4.9153e+001
  1.3945e+002
  5.4887e+001
  3.3518e+000
  6.3595e+001
  2.0001e+002
  9.0110e+001
  4.3878e+001
  2.0265e+002
  2.5703e+000
  2.0602e+002
  3.8407e+001
  1.3023e+001
  9.3472e+001
  4.7507e+001
  7.5557e+001
  3.0134e+000
  2.0591e+002
  2.4272e+002
  2.0859e+001
  7.3086e+001
  4.8740e+000
  8.0412e+000
  1.1880e+002
  1.0043e+002
  9.6461e+001
  3.3456e+000
  1.8687e+000
  1.8748e+001
  1.2097e+002
  4.5941e+001
  4.1128e+002
  1.6822e+001
  1.6682e+002
  4.7338e+001
  1.2382e+002
  3.6048e+000
  1.6178e+001
  1.2174e+001
  1.3032e+001
  6.7653e+000
  2.7818e+002
  7.6292e+000
  2.1175e+001
  4.4188e+001
  4.6236e+001
  3.2159e+000
  9.8053e+001
  3.9183e+001
  2.0220e+002
  7.7134e+001
  1.7053e+002
  2.7139e+002
  3.0710e+001
  1.0777e+000
  3.6534e+001
  6.7171e-001
  7.6722e+000
  1.5274e+001
  6.2031e+000
  6.3922e+000
  9.0514e+001
  2.2793e+000
  2.1187e+001
  5.8292e+000
  7.1991e+000
  1.3665e+001
  1.7559e+001
  2.4524e+000
  9.3516e+001
  1.2024e+001
  1.0275e+002
  2.1052e+002
  5.1772e+001
  1.9389e+002
  6.9158e+001
  4.6704e+002
  5.3621e-001
  7.1336e+001
  2.5426e+001
  2.3241e+002
  2.8375e+002
  4.8560e+001
  4.5852e+002
  3.7901e+001
  6.9794e+000
  5.4716e+001
  2.8881e+002
  5.3517e+001
  3.0317e+001
  2.7251e+002
  2.4111e+002
  1.3860e+001
  1.4113e+000
  1.0520e+001
  2.7439e+000
  1.4530e+000
  4.8007e+001
  1.1501e+000
  9.2260e+001
  5.9188e+001
  1.0976e+001
  6.4490e+001
  1.3646e+002
  1.3876e+002
  1.9148e+001
  2.5079e+002
  2.3479e+002
  6.1889e+001
  9.1267e+001
  1.6037e+000
  1.2451e+002
  9.5694e+001
  1.3801e+002
  9.5413e+001
  8.8054e+001
  1.5279e+002
  1.3949e+002
  1.8132e+002
  2.6034e+000
  4.3047e+002
  1.1328e+002
  5.5640e+002
  1.8486e+002
  2.1580e+001
  6.2918e+000
  3.8183e+001
  3.4044e+000
  4.4847e+001
  6.0068e+001
  1.1896e+001
  4.0837e+001
  4.6396e+000
  2.9892e+001
  1.4353e+001
  1.5317e+001
  4.8747e+001
  1.1982e+000
  2.4129e+001
  8.4316e-001
  2.7426e+001
  2.4621e+002
  4.5414e+000
  2.4249e+001
  6.7923e+001
  2.3902e+002
  8.6603e+001
  2.7505e+001
  2.7435e+001
  1.3093e+002
  2.5251e+001
  4.1109e+002
  2.0808e+001
  2.3952e+000
  7.2566e+000
  2.2109e+001
  2.5422e+001
  9.5875e+001
  9.6976e+001
  4.1860e+000
  2.6525e+001
  1.1750e+002
  2.3369e+002
  6.3749e+002
  8.7157e+001
  8.1814e+000
  2.8086e+000
  7.6417e+001
  3.3536e+000
  1.5857e+001
  6.2170e+001
  1.6076e+001
  2.4075e+002
  6.5219e+000
  8.9518e+001
  4.2767e+001
  3.1429e+001
  1.4575e+002
  1.8801e+001
  5.2072e+001
  2.9646e+002
  6.0179e+000
  6.9140e+001
  2.7022e+001
  6.6562e-001
  1.3459e+002
  1.3845e+002
  3.7118e+002
  3.8598e+002
  1.6433e+000
  3.7368e+002
  1.9716e+002
  2.3183e+000
  1.9159e+000
  7.2861e+000
  1.9414e+001
  9.8503e+001
  3.2543e+002
  1.4607e+002
  3.0763e+002
  1.0256e+000
  1.0445e+001
  7.3822e+001
  8.1872e+000
  1.9155e+001
  4.8650e+002
  1.2152e+002
  1.4139e+001
  2.5080e+002
  9.8111e+001
  2.3595e+000
  2.5506e+002
  1.6760e+002
  3.2800e+001
  5.4452e+000
  4.6104e+002
  9.6585e+001
  2.7968e+002
  7.4326e+001
  1.0767e+002
  4.7545e+001
  2.7644e+002
  6.2943e+001
  2.0283e+002
  1.2638e+001
  6.5425e+001
  2.6395e+001
  7.1059e+001
  7.9327e+000
  2.3619e+001
  5.0124e-001
  6.3300e+001
  1.7069e+002
  1.0698e+002
  1.6180e+002
  1.1072e+002
  3.3857e+002
  4.0652e+001
  9.6150e-001
  2.1879e+000
  5.4843e+001
  4.0398e+000
  5.2128e+002
  2.7727e+002
  8.4797e+002
  1.7722e+002
  1.2048e+001
  1.8745e+002
  3.5763e+002
  1.5827e+001
  7.2567e-001
  7.0027e+001
  1.3541e+000
  7.5791e+000
  1.5132e+002
  2.7906e+001
  5.1850e+001
  9.2390e+000
  3.1615e+002
  3.5147e+000
  7.7278e-001
  5.9673e+002
  2.1623e+002
  7.3186e+001
  5.5954e+002
  2.0565e+000
  2.8300e+002
  2.2669e+000
  1.6570e+002
  1.0541e+002
  2.4657e+002
  5.7673e+001
  2.9351e+001
  1.7515e+001
  3.0964e+001
  7.1549e-001
  1.9310e+001
  3.9131e+001
  2.8469e+001
  1.3417e+000
  2.2617e+002
  7.0751e+001
  6.8535e+001
  1.3007e+000
  4.5074e+000
  5.8569e+001
  3.0167e+001
  4.7877e+001
  2.8368e+001
  5.2957e+001
  1.3300e+001
  1.5347e+001
  5.7625e+000
  7.7279e+000
  3.0218e+001
  1.0712e+002
  2.6845e+001
  3.3859e+001
  2.6631e+002
  5.1655e+002
  4.2754e+001
  1.5930e+000
  6.9516e+001
  2.5875e+002
  2.2383e+001
  2.7753e+002
  7.7149e+001
  3.0175e+000
  7.1169e+000
  1.4565e+001
  1.9872e+002
  1.4935e+000
  3.0997e+001
  1.3644e+001
  5.9871e+000
  2.3067e+002
  1.9774e+001
  3.2977e+001
  2.9993e+001
  3.0204e+002
  1.0573e+001
  1.1103e+002
  4.0721e+002
  6.9726e+001
  2.3262e+001
  8.3153e+000
  7.3593e+001
  6.1980e+001
  2.9030e+001
  2.8179e+002
  2.0523e+001
  8.1004e+000
  9.1421e+001
  4.9779e+001
  6.8158e+000
  2.3869e+001
  1.6248e+002
  6.8181e+001
  5.6898e+000
  5.2398e+000
  1.4455e+002
  1.8835e+002
  1.2694e+002
  3.3258e+001
  7.5556e+000
  2.5043e+000
  2.2457e+001
  1.8361e+001
  2.8107e+000
  1.1758e+002
  7.8343e+001
  7.5621e+002
  1.2581e+001
  1.1704e+002
  1.3752e+001
  4.6010e+001
  2.9931e+000
  1.5672e+002
  1.8079e+002
  2.0961e+002
  3.4375e+001
  4.8586e+001
  5.1165e+002
  7.5218e+000
  9.0668e+002
  4.5606e+001
  2.0420e+001
  3.3824e+000
  1.3624e+002
  2.0330e+002
  1.3325e+000
  2.9322e+000
  1.3583e+002
  1.0869e+001
  3.8267e+001
  1.6705e-001
  8.5705e-001
  6.6486e+001
  9.6771e-001
  2.7576e+002
  4.2976e+001
  2.7034e+000
  6.9646e+001
  1.1013e+002
  6.1591e+001
  1.5389e+001
  8.0917e+001
  1.3437e+002
  4.9119e+002
  1.0581e+002
  1.2530e+002
  1.7955e+001
  1.8006e+002
  2.9672e+001
  2.1510e+001
  1.0224e+003
  1.5675e+002
  6.0332e+002
  1.9526e+002
  5.2463e+001
  5.4336e+001
  1.3190e+002
  2.4711e+001
  8.2912e+001
  4.4320e+000
  7.7101e+000
  9.8106e+001
  2.3821e+002
  1.1461e+002
  2.5314e+000
  8.8338e+001
  3.1816e+001
  1.7809e+002
  2.6532e+000
  7.4557e+001
  1.3085e+001
  2.0385e+001
  6.4053e+000
  4.1148e+000
  3.2112e+001
  6.5616e+001
  9.4549e+001
  1.2533e+003
  1.6863e+002
  2.8357e-002
  8.1167e+001
  2.5586e+001
  1.7911e+000
  1.9080e+000
  7.6276e+001
  3.3606e+001
  9.0732e+001
  2.6946e+002
  1.4404e+001
  7.1830e+002
  5.7819e+001
  1.4680e+000
  6.6434e+001
  1.1288e+002
  3.1282e+002
  1.4659e+001
  2.7901e-001
  1.4834e+001
  1.0310e+003
  7.4621e+000
  3.8781e+000
  1.2558e+002
  1.6335e+001
  2.8178e-001

