  2.5436e+002
  1.1203e+000
  6.3276e+001
  1.2492e+002
  2.6660e+002
  3.9042e+001
  1.4600e+001
  7.6680e+000
  1.6776e+001
  1.7976e+002
  5.7121e+001
  2.7349e+001
  2.0573e+002
  1.2742e+001
  3.0812e+001
  4.6860e+002
  2.8587e+001
  1.4645e+002
  9.0010e+001
  2.0465e+002
  7.0613e+001
  1.1140e+002
  3.8684e+000
  1.1624e+001
  1.5871e+002
  1.4325e+002
  8.0635e+000
  1.7684e+001
  7.5039e+001
  3.7569e+000
  4.2646e+001
  4.4364e+001
  1.7178e+001
  1.5330e+002
  7.5911e+001
  9.4600e+001
  7.8800e+001
  2.7989e+002
  2.5677e+002
  2.0463e+001
  3.4362e+001
  6.0765e+001
  2.5777e+002
  1.5195e+000
  2.2792e+001
  1.5355e+001
  3.4990e+000
  3.8966e+001
  1.6884e+002
  5.2342e+000
  1.6010e+002
  5.4578e+001
  3.1628e+001
  9.4413e+001
  3.0766e+002
  6.3312e+001
  1.0299e+002
  1.4429e+002
  4.5729e+002
  2.1654e+001
  2.6491e+002
  1.6652e+002
  6.4233e+001
  5.2855e+001
  3.7078e+002
  1.6820e+001
  3.4077e-001
  5.2911e+001
  4.7566e+001
  9.1314e+001
  5.0948e+001
  1.0504e+002
  1.0017e+002
  2.4191e+001
  9.0644e+001
  9.3953e+001
  2.6331e+002
  1.0565e+001
  1.0156e+002
  2.0880e+001
  5.6901e+001
  2.5236e+001
  4.4643e+001
  7.8911e+001
  2.8014e+001
  2.9516e+001
  2.0349e+001
  6.5002e+001
  1.4491e+002
  3.2716e+002
  3.6757e+002
  2.9175e+001
  2.1645e+002
  1.6535e+001
  1.5500e+002
  5.3382e+001
  3.8479e+000
  1.7292e+001
  6.1535e+000
  6.0170e+001
  2.2894e+002
  4.5172e+000
  3.6340e+000
  5.8076e+001
  5.4589e+001
  2.7443e+002
  1.4844e+002
  1.2625e+002
  1.0970e+002
  2.7134e+002
  4.3951e+001
  3.6417e+001
  1.6429e+002
  4.8384e+001
  3.3821e+002
  2.8729e+002
  1.2315e+002
  2.9934e+001
  6.6730e+001
  3.8220e+002
  1.3417e+002
  5.1850e+000
  1.7408e+002
  1.3112e+000
  7.9983e+001
  2.5199e+002
  1.0658e+001
  4.3144e+002
  1.1942e+002
  1.3333e+002
  2.8154e+001
  1.5384e+000
  1.0690e+002
  2.3092e+001
  7.9912e+001
  3.5002e+002
  1.1327e+002
  1.8984e+002
  5.6713e+001
  7.9532e+001
  4.2942e-001
  3.2878e+001
  3.2976e+000
  5.1671e+001
  7.1090e+000
  2.6272e+002
  8.5277e-001
  6.5850e-001
  5.4435e+001
  1.5107e+001
  5.9456e+000
  9.0165e+001
  6.0639e+001
  8.5000e+001
  5.6619e+002
  5.5568e+000
  3.5574e+001
  4.7637e+002
  1.3928e+002
  4.0399e+000
  1.0481e+002
  1.9630e+002
  1.1502e+002
  4.9935e+002
  1.0580e+000
  4.0158e+000
  3.1098e+000
  1.2315e+002
  4.0301e+002
  7.9295e+001
  3.9706e+002
  1.8235e+002
  2.0647e+002
  2.8512e+002
  1.5219e+001
  2.8617e+001
  3.4423e+002
  1.7507e+002
  1.5114e+002
  7.9703e+001
  1.7445e+002
  5.9235e+001
  1.1885e+000
  3.4860e+000
  2.8486e-001
  3.6929e+001
  6.8633e-001
  6.7039e+001
  4.5243e+002
  2.7642e+002
  1.3178e+002
  1.1026e+000
  4.4728e+001
  9.3615e+001
  5.3233e+001
  1.2731e+002
  1.3150e+002
  1.0682e+002
  1.4371e+002
  4.6292e+001
  2.2334e+001
  1.1137e+002
  1.0291e+002
  3.3182e+002
  4.8554e+000
  1.8886e+002
  1.7881e+001
  9.9193e+001
  1.8012e+000
  1.7245e+002
  1.2865e+000
  4.8071e+001
  7.8001e+000
  1.8748e+002
  2.7325e+002
  2.6615e+000
  5.3723e+000
  6.9300e+000
  2.9092e+001
  4.1147e+001
  1.8319e+001
  2.5756e+002
  2.2636e+000
  2.2260e+000
  8.7882e+001
  3.4620e+001
  1.3336e+001
  1.0023e+000
  3.3352e+000
  1.3754e+002
  7.0959e+001
  5.5818e+000
  1.1333e+002
  4.4085e+001
  1.0657e+002
  2.4238e+002
  2.1609e+001
  3.7203e+001
  1.0364e+000
  1.0107e+002
  8.5005e+000
  1.0554e+002
  3.1303e+002
  1.2677e+002
  2.6784e+002
  1.6818e+002
  1.6583e+002
  3.8115e+001
  5.0024e+001
  9.7422e+001
  2.2200e+002
  1.5566e+000
  1.7777e+001
  3.2328e+002
  1.3525e+002
  9.9829e+001
  2.3943e+000
  1.5744e+001
  2.8389e+001
  1.5945e+001
  3.3460e+002
  6.3930e+000
  2.5003e+001
  5.1666e+000
  9.7715e+001
  4.5367e+002
  2.3548e+002
  4.8982e+001
  6.3739e+001
  2.4904e+002
  2.5367e+002
  7.4533e+001
  4.2129e+001
  9.7132e+001
  7.6576e-001
  1.5650e+000
  4.9967e+001
  2.5187e+001
  5.7183e+001
  3.8163e+000
  2.4441e+000
  2.0270e+002
  1.8196e+002
  2.2337e+002
  2.4493e+002
  2.4077e+000
  1.2648e+002
  4.3760e+001
  1.7424e+002
  4.9014e+000
  2.8595e+001
  2.3344e+000
  2.7489e+002
  1.4882e+001
  1.5412e+002
  3.5580e+001
  1.8697e+001
  3.9148e+001
  8.5363e+001
  1.9427e+001
  3.3394e+001
  8.6228e-001
  2.4372e+002
  6.7406e+001
  1.5731e+002
  4.7466e+001
  5.0868e+002
  1.1233e+002
  2.6859e+000
  4.3735e+002
  8.4636e+000
  5.7043e+001
  1.1452e+001
  6.8860e+000
  1.4312e+002
  1.2147e+001
  2.1129e+002
  5.1630e+002
  1.1578e+002
  4.9024e+002
  1.3658e+002
  1.1484e+002
  1.5075e+002
  1.3249e+000
  1.2405e+000
  8.2198e+001
  5.6240e+000
  1.1019e+002
  4.1878e+000
  1.1676e+001
  6.4557e+001
  3.8470e+000
  6.6639e+001
  6.2370e+001
  3.9331e+001
  1.1675e+002
  1.3762e+001
  4.4327e+002
  3.3168e+001
  1.8809e+002
  9.6397e+001
  4.9329e-001
  5.5722e+001
  3.4470e+002
  1.2354e+002
  2.8256e+002
  6.2231e+000
  1.2182e+000
  6.9143e+001
  9.3134e+001
  4.1999e+001
  7.5901e+000
  5.1999e+001
  5.4045e+000
  4.0750e+001
  1.3618e+000
  2.3356e+002
  7.4404e+001
  1.4114e+002
  1.3738e+002
  1.0228e+002
  2.9809e+002
  7.9012e+000
  9.3383e+000
  1.7293e+002
  1.5250e+002
  1.4831e+002
  8.5963e+001
  7.2109e+001
  5.0430e+000
  2.7487e+002
  1.1031e+002
  7.6254e+001
  2.6780e+001
  7.5495e+001
  7.1114e+000
  9.1117e+001
  8.4303e+000
  1.0323e+001
  1.0554e+002
  8.1955e+001
  5.7010e+000
  1.1830e+002
  3.0300e+001
  4.8669e+001
  2.5618e+001
  7.7090e+001
  1.2514e+002
  5.4575e+001
  3.9231e+001
  1.6140e+002
  2.2388e+001
  2.8514e+001
  1.3571e+002
  1.0144e+001
  3.6093e+001
  3.2258e+002
  3.8768e-001
  3.6345e+000
  1.0182e+001
  8.1553e+001
  6.9234e+001
  4.1297e+001
  4.3360e+002
  7.4902e+000
  7.0842e+001
  2.8443e+000
  1.5214e+001
  4.1605e+001
  6.6700e+001
  3.3066e+001
  3.0159e+002
  1.0739e+000
  2.2055e+002
  2.6924e+001
  4.3016e+000
  8.7026e+000
  1.3910e+002
  1.5719e+002
  4.6664e+002
  2.2755e+002
  1.1588e+002
  1.6722e+001
  2.4433e+002
  1.9485e+001
  1.2405e+001
  1.4923e+000
  1.9663e+002
  4.4025e+000
  1.0333e+002
  6.8958e+001
  1.5183e+002
  9.8632e+001
  9.1310e+000
  3.9086e+001
  3.1509e+002
  2.4107e+001
  9.6860e+000
  1.2483e+002
  3.3526e+001
  2.3274e+002
  8.0639e+001
  1.1206e+001
  1.8731e+002
  2.0272e+002
  5.2055e+001
  3.1475e+001
  1.3062e+001
  2.4258e+001
  4.6990e+000
  4.8683e+001
  1.4691e+002
  2.3434e+002
  7.1915e+001
  3.3589e+000
  4.7949e+001
  1.2797e+001
  2.1214e+000
  9.4405e+001
  1.3148e+002
  2.0159e+002
  9.1144e+000
  1.7206e+001
  4.1254e+001
  4.1890e+002
  7.0367e+001
  1.7720e+001
  1.6027e+002
  1.9534e+002
  1.9197e+002
  5.8449e+001
  2.3884e+001
  6.1078e+001
  2.4640e+002
  2.5540e+001
  1.4751e+002
  1.1642e+001
  6.3599e-001
  8.0332e+000
  6.9819e+001
  3.5057e+001
  8.3873e+001
  1.1631e+002
  9.1078e+001
  7.6478e-001
  5.6593e+001
  7.8245e+001
  1.8044e+001
  3.9207e+001
  8.0896e+000
  7.1193e+001
  2.6127e+002
  1.5931e+001
  1.5447e+002
  1.0887e+002
  4.5241e+000
  2.1207e+001
  2.1218e+000
  1.0795e+002
  1.2376e+001

