  6.9635e+000
  5.9731e+000
  2.2980e+002
  2.5062e+000
  4.8018e+001
  2.4102e+000
  7.8797e+000
  1.3256e+002
  1.9257e+001
  3.2471e+002
  7.2321e+001
  9.8273e+001
  1.2521e+002
  1.6827e+002
  2.9786e+000
  8.3181e+001
  1.1305e+000
  1.5983e+002
  2.5695e+002
  3.1688e+001
  1.2701e+002
  6.6291e+000
  1.1135e+002
  2.3954e+001
  2.6651e+001
  1.5285e+001
  4.1769e+002
  1.2759e+002
  1.3737e+001
  1.9227e+001
  3.2186e+002
  3.1031e+002
  1.2075e+001
  6.1656e+001
  2.3573e+000
  1.3410e+001
  4.2474e+001
  1.1510e+002
  4.4187e+002
  1.8091e+001
  2.3863e+001
  2.2734e+002
  1.8390e+001
  6.2937e+002
  4.8099e+000
  1.9764e+002
  1.2597e+001
  2.1645e+002
  3.3399e+001
  1.0132e+001
  2.8077e+000
  9.1869e+001
  7.8893e+001
  5.0755e+001
  1.2079e+001
  1.5138e+001
  2.5666e+001
  2.5464e+001
  1.5909e+001
  6.5299e+000
  1.4537e+002
  5.5978e+000
  2.3519e+001
  8.6962e+001
  2.1224e+001
  6.2733e+000
  8.3200e+001
  1.0949e+002
  9.3646e+001
  4.4767e+002
  2.6398e+001
  4.2114e+001
  6.7484e-001
  2.1052e+001
  8.5341e+001
  1.8059e+000
  4.5792e+002
  2.8420e+001
  5.8566e+001
  2.9132e+001
  2.2103e+001
  1.8091e+001
  5.2153e+002
  1.0449e+002
  6.7799e+001
  3.3692e+002
  3.4157e+000
  2.4590e+001
  2.7029e+002
  2.2249e+002
  1.8943e+000
  2.3063e+000
  8.6603e+001
  1.5170e+000
  5.3191e-001
  9.4671e+001
  1.2983e+002
  1.1153e+001
  7.1714e-001
  2.0686e+002
  2.4237e+002
  4.8412e+002
  6.0831e+001
  9.0593e+001
  1.0664e+002
  1.0922e+002
  3.9692e+000
  2.1523e+002
  9.6149e+001
  2.5138e+002
  8.6091e+000
  3.7701e+002
  4.2078e+001
  2.7024e+002
  7.1713e+001
  2.7924e+001
  1.2007e+002
  1.5765e+002
  6.9528e+001
  1.1027e+001
  1.3713e+001
  5.2787e+000
  9.4627e+001
  5.9542e+001
  6.6901e+000
  9.8803e+001
  4.7018e+002
  3.1042e+001
  3.1099e+001
  1.2770e+002
  6.7397e+001
  2.0045e+002
  8.1048e+000
  7.2106e+000
  2.7005e+002
  3.3138e+000
  5.7955e+000
  3.7604e+001
  2.5141e+000
  6.1321e+001
  9.3326e+001
  3.4516e+000
  5.5616e+000
  4.2833e+001
  8.5688e+001
  3.5662e+002
  1.5240e+001
  7.2865e+001
  1.9479e+001
  7.5266e+000
  2.6674e+000
  1.3934e+002
  7.9588e+001
  7.2220e+001
  1.4454e+002
  1.5553e+002
  9.5616e+000
  1.8839e+001
  7.5614e+001
  2.4657e+001
  5.1472e+001
  1.7794e+001
  8.0993e+001
  4.9483e+001
  4.2639e+000
  7.7624e-001
  1.6048e+001
  2.0793e+001
  2.3647e+000
  3.5077e+001
  4.5543e+001
  3.8287e+001
  6.9972e+001
  1.1981e+000
  3.3175e+001
  5.1892e+001
  1.7018e+001
  7.1233e-001
  1.6072e+002
  4.7809e+002
  2.9394e+002
  8.1556e-001
  6.9727e+001
  2.2185e+002
  4.6447e+001
  7.0105e-001
  2.5078e+001
  2.2641e+001
  5.7127e+002
  1.0675e+002
  6.9957e+000
  9.6426e+000
  1.7576e+002
  2.4890e+001
  2.5312e+001
  4.3711e+002
  3.2345e+001
  5.4776e+002
  2.2856e+002
  2.7808e+001
  7.2603e+000
  1.3305e+001
  4.9947e+001
  2.7837e+002
  1.4476e+000
  2.2041e+002
  6.9820e+001
  1.6340e+001
  2.4303e+001
  8.6119e+001
  3.0411e+000
  3.2510e+002
  1.2923e+002
  7.1037e+001
  2.3747e+001
  2.9101e+001
  1.4501e+002
  2.9044e+001
  1.1052e+000
  5.3497e+001
  9.6549e+001
  1.7765e+001
  6.9504e+000
  1.5292e+002
  3.8884e+001
  1.8190e+002
  1.2409e+002
  1.8468e+002
  5.8709e+001
  1.4676e+001
  4.4757e+001
  2.9670e+001
  4.6457e+002
  8.9800e+001
  1.5213e+002
  1.3960e+001
  3.2338e+001
  1.5736e+000
  4.3336e+002
  7.0753e+001
  3.7853e+001
  4.4768e+001
  1.1552e+002
  1.9852e+001
  6.5892e+002
  9.6650e+000
  1.9602e+002
  4.9639e+001
  1.4911e+001
  1.6604e+002
  4.5545e+001
  5.1216e+001
  1.8891e+001
  8.4774e+001
  1.1626e+002
  3.7753e+001
  4.7496e+002
  3.2131e+000
  3.2919e+001
  6.1861e+001
  6.6652e+001
  2.4914e+002
  8.5341e+000
  3.2950e+002
  8.0171e+000
  1.9209e+001
  1.0337e+002
  1.6367e+001
  4.6087e+001
  3.2432e+000
  2.7231e-001
  4.9223e+000
  9.3649e+001
  1.4528e+002
  1.0662e+002
  2.7338e+002
  5.2078e+000
  3.2728e+002
  1.2571e+001
  5.1967e+001
  7.2917e+000
  2.2795e+002
  5.2631e+000
  5.9759e+000
  1.1455e+001
  5.7968e+001
  5.8060e+001
  1.3344e+002
  4.4375e+001
  1.1227e+002
  3.6689e+001
  7.1118e+001
  4.0017e-001
  1.6930e+002
  9.8365e+002
  9.9235e+001
  1.7853e+000
  1.2890e+002
  1.4106e+001
  1.4391e+002
  8.2631e+001
  1.9343e+002
  4.7938e+001
  4.7223e+000
  2.2989e+001
  2.9921e+002
  2.2687e+001
  4.5770e+000
  3.1618e+000
  1.8463e+001
  1.8695e+000
  1.5039e+001
  4.3949e+001
  1.9429e+002
  1.4369e+002
  1.4168e+000
  1.9349e+000
  7.4002e+001
  8.4598e+001
  1.8754e+000
  3.0726e+002
  2.0874e+001
  2.5359e+002
  2.2592e+002
  1.0232e+002
  3.9458e-001
  2.7029e+001
  2.3814e+002
  3.4820e+001
  1.1436e+002
  7.6024e+001
  2.1115e+002
  2.6582e+001
  9.2639e-001
  4.4551e+000
  1.9306e+001
  1.1010e+001
  2.0929e+002
  2.2766e+002
  7.1451e+001
  8.5270e+000
  2.8651e+002
  5.8233e+002
  2.4063e+002
  5.7404e+001
  8.1123e+000
  2.4806e+002
  3.6008e+000
  5.7099e+001
  3.5706e+002
  2.5657e+002
  3.9245e+001
  1.4833e+000
  7.4361e+000
  3.1766e+000
  4.3858e+002
  1.6001e+001
  1.1845e+001
  1.7429e-001
  9.7544e+001
  3.4733e+001
  1.3688e+001
  2.1801e+001
  1.5312e+002
  1.6618e+002
  3.8712e+001
  2.2366e+001
  2.5447e+001
  5.2707e-001
  4.6682e+002
  1.5564e+002
  1.3024e+002
  6.3128e+001
  1.3141e+001
  1.5546e+002
  1.8715e+001
  5.2389e+001
  3.1330e+002
  1.1686e+001
  4.4759e+000
  3.0006e+001
  1.1568e+001
  2.3034e+002
  6.3029e+001
  6.0055e+001
  3.9241e+001
  1.2779e+001
  1.0423e-001
  4.9589e+000
  1.4794e+001
  4.2352e+001
  7.4996e+000
  5.2516e+001
  2.3073e+002
  7.2931e+000
  8.9149e+001
  2.3124e+002
  1.3332e+002
  2.2171e+001
  1.9495e+002
  9.0626e+001
  5.3063e+002
  3.6413e+001
  2.2119e+002
  3.3751e+001
  7.6007e+001
  1.4056e+001
  6.5379e+000
  7.6720e+001
  1.7820e+001
  8.7231e+001
  1.0315e+001
  1.3519e+002
  4.4067e+002
  8.3989e+000
  6.5053e+001
  6.0903e+001
  2.6492e+001
  5.5941e+002
  2.4797e+002
  3.8874e-001
  3.5296e+001
  9.1300e+001
  7.7713e+000
  6.3578e+000
  1.1384e+002
  4.5291e+002
  1.0654e+002
  7.9190e+002
  3.0601e+002
  6.4426e+001
  1.0231e+002
  2.7691e+000
  2.3032e+002
  1.3500e+000
  4.2289e+000
  2.7166e+002
  3.7234e+001
  5.2508e+001
  5.3140e+002
  9.1080e+000
  2.9423e+001
  9.7100e+001
  4.3989e+002
  2.5263e+000
  7.5622e+001
  9.5852e+001
  2.6615e+002
  8.0974e+000
  3.1891e+000
  1.9598e+000
  1.2021e+002
  8.6559e+001
  1.5835e+000
  5.6155e+000
  3.9775e+000
  7.8977e-001
  4.1256e+001
  9.7467e+001
  3.1480e+002
  5.9703e+000
  3.3948e+002
  6.3156e+001
  2.8172e+002
  6.3806e+001
  4.5751e-001
  7.6865e+000
  1.1320e+001
  1.0051e+002
  1.8181e+001
  1.5609e+002
  6.4872e+001
  5.1930e+001
  5.6626e+001
  9.7189e-001
  1.0994e+001
  6.3085e+001
  3.4481e+002
  3.2187e+001
  4.8223e-001
  2.6147e+002
  5.4077e+001
  2.9349e+002
  1.8268e+002
  9.4025e+001
  7.1606e+001
  7.3666e+001
  9.1683e+000
  1.2960e+001
  9.6474e+001
  2.2012e+001
  1.2764e+000
  1.8081e+001
  3.6318e+001
  5.5829e+000
  1.3982e+002
  1.5006e+001
  6.9628e+000
  3.7607e+001
  1.3418e+001

