  8.8511e+001
  9.6164e+001
  8.0255e+001
  5.8626e+001
  5.8546e+001
  2.1112e+002
  7.1913e+001
  6.5657e+001
  1.4069e+002
  2.4838e+002
  1.8484e+002
  6.2158e+001
  1.2162e+002
  4.2004e+001
  1.0658e+002
  1.2435e+002
  1.3559e+002
  4.9211e+001
  1.1690e+002
  2.0781e+002
  3.3159e+001
  4.9732e+001
  2.4706e+001
  6.2961e+001
  4.8168e+001
  9.9389e+001
  4.9100e+001
  3.1874e+001
  7.6149e+001
  3.7628e+001
  9.7927e+001
  5.7659e+001
  3.7530e+001
  1.5125e+002
  1.1610e+002
  1.3645e+002
  4.8499e+001
  2.2683e+002
  8.6415e+001
  1.1253e+002
  2.1766e+002
  8.7250e+001
  1.0213e+002
  4.1570e+001
  8.2461e+001
  1.0103e+002
  3.3292e+001
  6.1570e+001
  1.0973e+002
  2.6111e+001
  1.9541e+002
  3.5318e+001
  5.7422e+001
  1.1274e+002
  8.2937e+001
  1.3687e+002
  3.9366e+001
  1.7886e+002
  1.0724e+002
  1.1534e+002
  9.9051e+001
  6.4584e+001
  1.6793e+002
  1.3690e+002
  6.2403e+001
  2.5730e+002
  1.6161e+002
  1.1566e+002
  1.0150e+002
  1.3735e+002
  5.0613e+001
  1.9355e+002
  5.2835e+001
  1.2265e+002
  1.1488e+002
  1.1745e+002
  1.0332e+002
  3.6573e+001
  1.1698e+002
  7.0998e+001
  2.5310e+001
  2.3201e+002
  5.1365e+001
  5.7149e+001
  1.1242e+002
  9.2226e+001
  6.7429e+001
  9.3158e+001
  2.7489e+001
  5.7103e+001
  3.1837e+002
  2.1098e+002
  7.1273e+001
  6.9988e+001
  3.3554e+001
  1.0477e+002
  7.4182e+001
  9.3807e+001
  1.2364e+002
  6.8492e+001
  3.7114e+001
  8.4486e+001
  1.1803e+002
  9.4058e+001
  1.3276e+002
  1.1559e+002
  2.4707e+002
  1.0699e+002
  3.9887e+001
  7.1664e+001
  1.2463e+002
  6.0527e+001
  5.1242e+001
  4.4728e+001
  6.4675e+001
  1.5004e+002
  7.6863e+001
  1.0144e+002
  5.4310e+001
  1.0716e+002
  1.4888e+002
  7.1407e+001
  1.1908e+002
  8.6546e+001
  2.4663e+002
  3.4002e+001
  1.5101e+002
  1.0713e+002
  1.2504e+002
  8.2377e+001
  3.7249e+002
  9.7899e+001
  5.6756e+001
  1.3730e+002
  1.2931e+002
  4.3609e+001
  4.2090e+001
  1.0908e+002
  1.4188e+002
  8.7412e+001
  2.1068e+002
  4.1815e+001
  8.8080e+001
  1.4599e+002
  6.4182e+001
  2.2940e+002
  6.1216e+001
  7.7163e+001
  3.4777e+001
  1.7102e+002
  9.6198e+001
  5.5251e+001
  1.4812e+002
  2.1979e+002
  3.2926e+001
  9.0703e+001
  6.5668e+001
  5.8219e+001
  9.3041e+001
  1.1452e+002
  5.5255e+001
  9.0337e+001
  4.1317e+001
  8.2763e+001
  7.4960e+001
  1.1452e+002
  8.4268e+001
  8.4978e+001
  5.2898e+001
  9.7380e+001
  6.1678e+001
  1.4469e+002
  8.3784e+001
  9.7451e+001
  1.5326e+002
  4.4226e+001
  2.3786e+002
  2.0863e+002
  1.8354e+002
  1.4512e+002
  5.9510e+001
  6.6016e+001
  2.0636e+002
  8.3397e+001
  4.2350e+001
  8.0247e+001
  9.5879e+001
  6.4876e+001
  4.9724e+001
  9.6193e+001
  2.9066e+001
  1.4438e+002
  9.6078e+001
  1.1359e+002
  1.3153e+002
  7.6188e+001
  1.6801e+002
  1.4440e+002
  1.1078e+002
  1.4944e+002
  6.1774e+001
  1.7711e+002
  1.1409e+002
  8.7170e+001
  1.5650e+002
  1.1674e+002
  1.0242e+002
  6.6793e+001
  3.9507e+001
  1.4258e+002
  1.2994e+002
  5.3613e+001
  4.9495e+001
  4.7575e+001
  1.0104e+002
  1.6222e+002
  3.9837e+001
  4.5353e+001
  8.9394e+001
  1.1414e+002
  1.0551e+002
  1.0996e+002
  1.1125e+002
  1.5973e+002
  2.1014e+002
  9.4026e+001
  5.3577e+001
  6.6413e+001
  1.2763e+002
  1.5961e+001
  2.1919e+002
  9.1000e+000
  4.9351e+001
  7.1301e+001
  1.0994e+002
  6.1449e+001
  5.1305e+001
  3.2890e+001
  1.2099e+002
  8.9153e+001
  9.1374e+001
  1.8058e+002
  1.1475e+002
  1.9096e+002
  6.2302e+001
  1.5287e+002
  1.0449e+002
  3.5790e+001
  1.5191e+002
  1.5704e+002
  9.8971e+001
  5.6443e+001
  9.5401e+001
  7.2935e+001
  3.3651e+001
  1.1052e+002
  2.0944e+002
  5.8726e+001
  9.4117e+001
  1.7168e+002
  6.5780e+001
  5.7686e+001
  7.8337e+001
  1.2898e+002
  7.6616e+001
  3.8695e+001
  9.4425e+001
  3.8175e+001
  3.7425e+001
  1.1133e+002
  4.0640e+001
  2.2032e+002
  1.3790e+002
  1.7441e+002
  3.9638e+001
  7.4764e+001
  5.6944e+001
  8.6033e+001
  1.5038e+002
  3.4003e+001
  5.4742e+001
  1.3916e+002
  1.6423e+002
  2.9471e+001
  3.8026e+001
  4.3865e+001
  6.4526e+001
  2.8753e+002
  6.5919e+001
  4.9037e+001
  1.5663e+002
  9.4394e+001
  1.3638e+002
  1.6406e+002
  6.7161e+001
  5.6526e+001
  6.0877e+001
  5.2267e+001
  1.4243e+002
  4.2435e+001
  2.3863e+001
  7.7330e+001
  4.7604e+001
  2.2282e+002
  9.9563e+001
  8.1810e+001
  7.2224e+001
  1.2999e+002
  9.0065e+001
  8.6431e+001
  2.8560e+001
  1.0335e+002
  8.3538e+001
  1.0987e+002
  1.2224e+002
  3.4685e+001
  2.1101e+002
  1.3406e+002
  5.8037e+001
  1.4598e+002
  4.8033e+001
  1.0657e+002
  1.8248e+002
  1.2954e+002
  1.1916e+002
  1.1348e+002
  5.5860e+001
  7.8904e+001
  1.0694e+002
  9.3222e+001
  1.1961e+002
  6.2480e+001
  5.6274e+001
  1.2192e+002
  1.2263e+002
  2.2943e+002
  1.2851e+002
  1.2797e+002
  1.6902e+002
  2.3156e+002
  1.2011e+002
  1.6239e+002
  2.4585e+002
  1.7089e+002
  1.6714e+002
  3.5354e+001
  5.4871e+001
  6.6351e+001
  6.9031e+001
  8.9992e+001
  1.5197e+002
  8.0961e+001
  1.1326e+002
  5.9340e+001
  8.6450e+001
  1.1356e+002
  1.1556e+002
  5.1193e+001
  5.3026e+001
  4.5052e+001
  1.0357e+002
  9.8561e+001
  1.4231e+002
  8.7116e+001
  1.9420e+001
  1.0369e+002
  8.4143e+001
  5.7969e+001
  1.4031e+002
  7.9405e+001
  9.1201e+001
  9.8353e+001
  3.1727e+001
  5.9779e+001
  7.8079e+001
  8.7702e+001
  8.0508e+001
  1.2257e+002
  7.9763e+001
  1.0957e+002
  1.1548e+002
  1.4092e+001
  4.6581e+001
  6.1017e+001
  5.6736e+001
  9.8111e+001
  1.0897e+002
  4.2153e+001
  1.0696e+002
  1.1185e+002
  7.2298e+001
  2.4489e+002
  6.4454e+001
  4.0059e+001
  5.6095e+001
  1.0489e+002
  1.4996e+002
  1.7960e+002
  2.6950e+002
  8.8615e+001
  1.0882e+002
  6.4742e+001
  5.0483e+001
  3.0709e+001
  5.1518e+001
  6.6799e+001
  1.4874e+002
  1.9897e+002
  1.7237e+002
  4.2597e+001
  5.6061e+001
  1.5504e+002
  1.1923e+002
  1.2924e+002
  9.5451e+001
  5.5128e+001
  1.1406e+002
  1.0672e+002
  1.4972e+002
  2.1921e+001
  1.7655e+002
  1.2907e+002
  7.5094e+001
  2.7159e+001
  3.4818e+001
  1.6789e+002
  7.7961e+001
  2.0903e+001
  1.6529e+002
  4.3580e+001
  1.0342e+002
  7.8444e+001
  5.5577e+001
  5.9098e+001
  1.0274e+002
  7.7750e+001
  5.6547e+001
  4.9649e+001
  8.3755e+001
  7.9911e+001
  9.3570e+001
  5.1392e+001
  4.7698e+001
  1.1411e+002
  1.0531e+002
  1.4415e+002
  1.2915e+002
  1.3258e+002
  8.7620e+001
  1.8439e+002
  9.3041e+001
  1.6837e+002
  8.7939e+001
  6.0362e+001
  1.4681e+002
  5.4718e+001
  2.2025e+002
  7.7058e+001
  8.7752e+001
  2.7023e+001
  1.4982e+002
  5.3110e+001
  7.7193e+001
  2.2314e+002
  2.7571e+001
  8.2799e+001
  8.0232e+001
  8.1360e+001
  7.7805e+001
  3.0791e+001
  4.8941e+001
  6.0778e+001
  1.4585e+002
  1.2041e+002
  3.7440e+001
  1.2524e+002
  1.6309e+002
  1.5548e+002
  3.4766e+001
  3.3204e+001
  5.2302e+001
  4.7162e+001
  1.6173e+002
  5.8758e+001
  4.1362e+001
  4.0698e+001
  7.5924e+001
  6.6947e+001
  2.2755e+001
  1.0059e+002
  1.2197e+002
  1.1647e+002
  2.5033e+002
  5.0197e+001
  4.6530e+001
  4.2305e+001
  1.1111e+002
  6.6887e+001
  2.6739e+002
  1.2865e+002
  6.7246e+001
  1.3223e+002
  1.1894e+002
  1.5464e+002
  6.3210e+001
  2.3490e+002
  4.0256e+001
  4.8897e+001
  1.7717e+002
  8.9612e+001
  8.2008e+001
  8.3155e+001
  1.0023e+002
  1.4495e+002
  1.6192e+002
  1.2631e+002
  6.5481e+001
  6.7538e+001
  9.8202e+001
  5.9891e+001
  1.9799e+002
  6.8677e+001
  1.1928e+002
  4.9647e+001
  1.4188e+002
  4.0763e+001
  5.3807e+001
  9.3881e+001
  1.1178e+002
  6.2382e+001
  9.7697e+001
  1.2013e+002
  2.7438e+001
  1.3107e+002
  5.7540e+001
  2.3566e+002
  3.2654e+001
  9.1654e+001
  3.9506e+001
  1.9401e+002
  5.5907e+001
  1.1781e+002
  8.4493e+001
  5.7932e+001
  1.0106e+002
  8.6850e+001
  1.8706e+002
  2.6066e+001
  5.4163e+001
  1.4839e+001
  5.7463e+001
  1.3476e+002
  2.8148e+002
  1.1389e+002
  1.2023e+001
  9.4879e+001
  4.6667e+001
  2.3208e+002
  1.5319e+002
  1.6761e+002
  2.1144e+002
  1.0768e+002
  4.1352e+001
  1.4865e+002
  6.0670e+001
  1.3983e+002
  8.3949e+001
  5.9039e+001
  5.6125e+001
  7.7717e+001
  8.8783e+001
  9.2607e+001
  7.3204e+001
  1.0677e+002
  1.5255e+002
  1.7733e+002
  2.1013e+002
  1.5857e+002
  4.0157e+001
  9.2939e+001
  4.3606e+002
  8.6785e+001
  3.9658e+001
  6.5238e+001
  8.7659e+001
  1.0295e+002
  6.3899e+001
  4.3399e+001
  7.1885e+001
  3.2032e+001
  1.3977e+002
  2.3799e+002
  3.9820e+001
  2.9320e+001
  1.2944e+002
  1.2137e+002
  5.1874e+001
  7.0260e+001
  7.0582e+001
  3.5294e+001
  2.4868e+001
  6.7448e+001
  7.3616e+001
  5.0775e+001
  9.1439e+001
  1.2131e+002
  1.5564e+002
  3.8677e+001
  3.6998e+001
  1.9899e+002
  1.5691e+002
  6.8212e+001
  2.3105e+002
  9.2049e+001
  1.4864e+002
  1.9257e+002
  2.2976e+001
  4.7274e+001
  1.2090e+002
  1.0388e+002
  3.4704e+001
  6.3896e+001
  1.1591e+002
  6.9863e+001
  2.1713e+002
  4.3961e+001
  1.4408e+002
  6.9554e+001
  4.6715e+001
  5.7056e+001
  8.9398e+001
  1.1396e+002
  7.8745e+001
  7.9522e+001
  8.3838e+001
  1.2176e+002
  9.6595e+001
  7.9024e+001
  7.9923e+001
  9.7989e+001
  2.9468e+001
  3.4589e+001
  9.2236e+001
  1.1445e+002
  1.0645e+002
  1.1236e+002
  1.1753e+002
  4.7613e+001
  6.1423e+001
  3.9428e+001
  3.5263e+001
  5.5972e+001
  5.2689e+001
  7.6227e+001
  5.9659e+001
  1.5595e+002
  1.2625e+002
  4.9609e+001
  7.0022e+001
  4.6758e+001
  7.0740e+001
  1.5650e+002
  3.8049e+001
  9.5389e+001
  4.2672e+001
  7.2009e+001
  3.3669e+002
  1.0421e+002
  7.3908e+001
  8.6105e+001
  1.2418e+002
  6.4123e+001
  1.1739e+002
  5.0696e+001
  8.2240e+001
  8.0499e+001
  7.2985e+001
  9.5183e+001
  3.4227e+001
  9.5395e+001
  7.6190e+001
  1.6066e+002
  2.8789e+002
  2.4421e+002
  7.1762e+001
  7.8314e+001
  6.0963e+001
  6.3239e+001
  6.7714e+001
  1.5934e+002
  5.2720e+001
  2.3922e+001
  6.8811e+001
  8.1521e+001
  8.2897e+001
  9.5871e+001
  9.0215e+001
  4.7407e+001
  4.3082e+001
  7.8354e+001
  6.8824e+001
  1.6434e+002
  1.2529e+002
  1.5318e+002
  4.5503e+001
  3.4427e+001
  4.8710e+001
  3.2454e+001
  3.3847e+001
  8.1950e+001
  6.2303e+001
  1.5464e+002
  9.8828e+001
  1.8108e+002
  1.7214e+002
  7.3340e+001
  2.5317e+002
  9.3598e+001
  7.9435e+001
  6.1838e+001
  2.2377e+001
  1.1180e+002
  1.0499e+002
  1.4230e+002
  9.0834e+001
  1.1587e+002
  1.0079e+002
  1.1031e+002
  6.6156e+001
  7.0164e+001
  3.7915e+001
  2.0414e+002
  1.1930e+002
  1.1158e+002
  2.3826e+002
  1.4208e+002
  7.0183e+001
  4.4194e+001
  9.8831e+001
  1.7743e+002
  1.1444e+002
  8.2074e+001
  1.3628e+002
  7.9982e+001
  2.2417e+002
  2.1909e+002
  1.8203e+002
  1.4230e+002
  1.1861e+002
  7.8052e+001
  1.1767e+002
  1.7024e+002
  1.3089e+002
  4.9893e+001
  1.3382e+002
  1.3031e+002
  7.8832e+001
  1.6209e+002
  4.9823e+001
  5.3021e+001
  1.4641e+002
  8.5161e+001
  1.4307e+002
  1.7248e+002
  7.3508e+001
  2.6058e+001
  1.0105e+002
  8.7983e+001
  1.5165e+002
  1.2306e+002
  1.1386e+002
  9.3237e+001
  1.6421e+002
  9.0870e+001
  1.0319e+002
  4.8715e+001
  2.5922e+002
  1.1744e+002
  8.0144e+001
  5.9149e+001
  6.2379e+001
  8.8375e+001
  1.4814e+002
  9.0492e+001
  1.1577e+002
  8.9492e+001
  1.1395e+002
  8.7128e+001
  1.7942e+001
  6.4974e+001
  5.2116e+001
  9.1738e+001
  9.7052e+001
  1.8959e+002
  8.1398e+001
  1.6819e+002
  3.4770e+001
  1.2058e+002
  1.0335e+002
  1.0835e+002
  1.9717e+002
  8.5559e+001
  7.2387e+001
  1.9650e+001
  3.4027e+001
  9.0352e+001
  2.1682e+002
  8.7641e+001
  8.3872e+001
  9.2581e+001
  8.1507e+001
  1.5180e+002
  5.5922e+001
  6.3901e+001
  1.3862e+002
  1.8176e+002
  6.0386e+001
  1.5644e+002
  1.7818e+002
  8.2357e+001
  9.7431e+001
  1.2772e+002
  1.2650e+002
  1.0908e+002
  6.4510e+001
  1.7175e+002
  1.0764e+002
  1.2825e+002
  1.7034e+002
  7.8962e+001
  6.4570e+001
  1.4582e+002
  9.4034e+001
  1.9759e+002
  1.7010e+002
  6.0737e+001
  5.9072e+001
  1.5297e+002
  1.0133e+002
  1.4815e+002
  6.2534e+001
  6.9572e+001
  1.8272e+001
  5.6049e+001
  1.3417e+002
  1.2887e+002
  4.5513e+001
  7.6274e+001
  1.2961e+002
  9.8165e+001
  1.1615e+002
  7.1078e+001
  5.9272e+001
  1.1274e+002
  6.5987e+001
  4.8405e+001
  8.4027e+001
  1.3348e+002
  8.8522e+001
  1.8997e+002
  6.7363e+001
  8.5922e+001
  4.6476e+001
  9.1398e+001
  9.7183e+001
  1.2725e+002
  2.0785e+002
  1.0036e+002
  1.2626e+002
  5.1236e+001
  9.2981e+001
  1.2167e+001
  1.0464e+002
  1.4474e+002
  7.4944e+001
  1.1918e+002
  1.2845e+002
  4.8356e+001
  2.3194e+002
  9.8554e+001
  7.6592e+001
  2.4780e+001
  1.8234e+002
  6.2808e+001
  1.8229e+002
  1.7858e+002
  1.5796e+002
  3.8726e+001
  9.4171e+001
  8.7595e+001
  1.4058e+002
  8.2400e+001
  2.7328e+002
  1.0258e+002
  6.3982e+001
  2.7768e+002
  5.1525e+001
  7.1199e+001
  1.9729e+002
  2.1248e+002
  7.2486e+001
  4.2121e+001
  1.4283e+002
  1.3552e+001
  6.9014e+001
  1.3730e+002
  1.1216e+002
  1.0379e+002
  7.7131e+001
  5.5542e+001
  1.2340e+002
  1.0866e+001
  5.0748e+001
  1.2420e+002
  1.6334e+002
  8.4342e+001
  1.0249e+002
  7.3519e+001
  6.5762e+001
  9.8902e+001
  9.3210e+001
  9.1939e+001
  1.5377e+002
  3.9271e+001
  1.1741e+002
  4.6388e+001
  7.0561e+001
  3.5587e+001
  1.4780e+002
  1.4150e+002
  6.5678e+001
  1.6716e+002
  1.7847e+002
  1.1069e+002
  8.5182e+001
  4.0140e+001
  1.6690e+002
  1.5069e+002
  8.0321e+001
  7.8218e+001
  9.1597e+001
  1.0603e+002
  3.1749e+001
  1.1188e+002
  6.3032e+001
  1.3869e+002
  1.2462e+002
  3.8816e+001
  4.1527e+001
  4.9793e+001
  1.1406e+002
  7.9426e+001
  9.8566e+001
  4.6162e+001
  9.2016e+001
  5.0536e+001
  1.0925e+002
  1.8853e+002
  1.6976e+002
  6.4929e+001
  1.2471e+002
  6.4283e+001
  6.1106e+001
  5.3834e+001
  1.3041e+002
  4.6026e+001
  4.7447e+001
  4.9025e+001
  2.0908e+002
  6.3757e+001
  4.5965e+001
  3.1592e+001
  7.9611e+001
  4.9755e+001
  3.5811e+001
  1.2253e+002
  1.5646e+002
  2.1506e+002
  2.1813e+002
  4.8323e+001
  5.0905e+001
  6.1446e+001
  5.0723e+001
  3.6782e+001
  5.7136e+001
  1.3385e+002
  7.8459e+001
  3.4568e+001
  1.3632e+002
  1.7322e+001
  6.9232e+001
  3.7113e+001
  7.4727e+001
  1.6557e+002
  1.2685e+002
  7.9072e+001
  1.2615e+002
  1.0812e+002
  2.5482e+001
  7.9919e+001

