  6.4583e+000
  7.5172e-002
  1.9720e+002
  8.6241e+000
  5.0967e+001
  4.9059e+002
  9.9992e+000
  1.5137e-001
  5.9158e+001
  4.5938e-001
  2.8842e+000
  2.4872e+001
  8.1407e+002
  1.3592e-001
  9.9284e+000
  5.9058e-001
  2.1892e+001
  1.1860e+001
  1.1041e+001
  2.2219e+002
  6.0991e+001
  7.1654e+000
  1.9823e+001
  1.1156e+002
  1.3627e+001
  2.2258e+001
  1.0132e+002
  9.2709e-001
  2.5180e+000
  9.6871e-001
  7.3268e-001
  1.1404e+002
  2.1375e+001
  2.1827e+000
  3.6206e-001
  7.0243e-001
  2.2557e-001
  7.9119e+000
  5.8862e-001
  2.4371e+000
  3.3557e-001
  5.6624e+002
  1.8315e+000
  8.1516e+001
  9.1781e-001
  1.3519e+000
  5.9633e+001
  6.0117e+000
  1.2699e-001
  1.9786e+000
  2.0373e-002
  3.8801e-001
  1.1648e+001
  3.9976e+002
  1.4276e+002
  1.3936e+002
  4.9830e-001
  1.4397e+001
  5.0093e-001
  6.6441e+001
  6.6269e+001
  4.9019e-001
  5.2350e+002
  1.6372e+002
  3.0787e+000
  2.6647e+001
  2.3512e+000
  1.0300e+000
  4.0733e-001
  8.8946e-001
  1.3464e+001
  1.9316e+000
  7.4025e+002
  6.6767e+001
  3.3525e+002
  3.8499e-001
  1.2370e+000
  1.2928e+001
  2.0604e+002
  1.3196e+002
  1.1790e+002
  2.1940e+002
  1.3882e+000
  1.6217e+002
  3.9558e+000
  5.1739e+000
  1.4305e+000
  2.3842e+000
  1.1514e+001
  2.5796e+002
  1.8254e+000
  1.1122e+002
  3.2842e+000
  5.6504e-001
  1.4877e+001
  1.7072e+002
  1.2943e+000
  2.5285e+002
  5.9912e+000
  9.7284e+001
  7.5286e-001
  5.0509e+002
  2.2733e+002
  4.3684e-002
  2.0694e+002
  1.1073e+001
  4.0061e+002
  6.8826e-001
  2.2492e+001
  1.1778e+001
  6.9885e+001
  6.7064e+000
  9.7062e-001
  2.6507e+001
  6.5798e-001
  1.8873e+000
  3.6503e+001
  1.7765e+002
  2.1194e+000
  3.5248e+001
  8.4303e+000
  3.1665e+001
  8.5300e+001
  9.5738e+000
  1.1316e+002
  1.4683e+002
  7.3124e-002
  8.1588e+001
  7.7891e+000
  2.6844e+001
  2.9057e+000
  9.3265e+001
  1.6313e+003
  3.5227e+000
  4.1255e+002
  2.0126e+002
  4.3188e+001
  5.1699e+001
  3.4422e+000
  4.1655e-001
  1.8161e+001
  3.5091e+001
  5.7452e+000
  6.2406e+000
  2.0449e+000
  9.6999e-003
  2.0921e+000
  5.1653e+002
  3.8002e+002
  9.4402e+000
  3.3538e+000
  3.3162e+002
  3.4610e+000
  6.1809e+000
  1.3039e+001
  6.7049e-001
  1.6358e+001
  5.8532e+000
  6.7796e-001
  5.6918e-001
  2.1972e+002
  9.9362e+001
  5.4780e-001
  8.3720e+002
  7.2034e-001
  1.6092e+000
  1.7254e+000
  1.8423e+000
  2.1143e+001
  1.1446e-001
  1.3917e+000
  4.5507e+001
  6.7876e+000
  1.7852e+001
  3.2082e-001
  4.1116e+000
  5.2672e+001
  9.2644e-001
  2.5641e+002
  5.3418e+001
  9.0794e-001
  4.1982e-001
  3.5193e+002
  6.9232e-002
  7.7731e-001
  4.0670e+000
  8.5038e+001
  1.4316e+000
  2.4121e+002
  2.0872e+001
  4.3987e+001
  6.2567e-001
  3.6285e-001
  3.7052e+002
  1.1872e+000
  1.1188e+001
  8.6758e+001
  8.5584e+001
  4.1889e+000
  7.0103e+001
  1.1937e+000
  2.4639e+001
  3.2388e-001
  2.5080e+001
  1.3461e+001
  1.6746e+001
  5.9973e-001
  5.2136e+001
  6.3521e+000
  2.4979e+002
  8.7144e+001
  2.7153e+000
  1.3346e+001
  1.0460e+002
  3.7077e+002
  8.1090e+002
  5.2634e+001
  6.0722e+001
  1.4225e+002
  4.3460e+000
  4.4448e+001
  1.6637e+000
  4.6390e+001
  3.4177e-001
  1.0687e-001
  1.1706e+000
  8.4849e+001
  8.3937e+000
  6.4388e+000
  1.5522e+000
  9.5727e-003
  7.9699e+000
  1.5527e+000
  3.7431e-001
  8.3711e+001
  6.4703e-001
  2.7161e+002
  7.7096e+001
  7.8128e-002
  4.2579e+002
  6.1035e-001
  1.7423e+001
  7.4686e+001
  1.3073e+001
  4.2385e+000
  7.4116e+000
  6.3884e+001
  1.2011e+001
  1.1571e+001
  1.7390e+000
  1.2992e-001
  1.8376e+000
  1.5723e+001
  1.1568e+001
  1.9964e+000
  8.7627e+001
  3.4317e+000
  5.4626e-001
  2.9267e+000
  5.7868e+002
  1.2914e+001
  4.9806e-001
  7.2702e+001
  1.8629e+002
  2.2654e+000
  1.2522e+002
  4.1772e+001
  7.2782e+001
  6.1890e+001
  2.4866e-002
  2.0523e+001
  4.5197e-001
  1.0032e+001
  2.8841e+001
  3.2214e+001
  8.8654e+001
  4.2915e+002
  2.6786e+000
  8.3272e+001
  7.5193e+000
  2.1442e-001
  1.2752e+001
  8.6083e+000
  1.8606e+000
  1.1944e+001
  7.5642e-001
  1.1787e+001
  1.4956e+000
  4.2488e-001
  2.4525e+002
  1.5973e+002
  1.6621e+001
  1.8201e+002
  5.6683e+001
  1.0013e+000
  7.8495e+001
  3.2556e+002
  3.3994e-001
  9.7858e+000
  7.9167e+001
  2.3400e+002
  2.9827e-001
  3.9398e+002
  3.4240e+001
  7.7871e+002
  5.5042e+002
  7.6429e+000
  9.4694e-001
  2.1788e+000
  2.6930e+000
  1.4415e+001
  1.4717e-001
  7.8203e+000
  8.1322e+001
  1.4910e+002
  6.8630e+001
  4.8292e+000
  5.5330e+002
  2.6441e-001
  3.6699e+000
  1.7335e-001
  3.5205e+002
  4.6215e+000
  1.0894e+003
  8.1285e+001
  6.0715e+002
  1.6064e+002
  6.0547e+001
  8.4104e+002
  3.5351e+001
  2.6308e+001
  2.7416e+001
  1.1838e+001
  3.1891e+001
  2.9088e-001
  4.3862e+000
  4.9962e+002
  1.4485e+000
  3.9542e+002
  1.3328e+000
  1.6940e+000
  1.6444e+001
  3.0939e+002
  4.9204e+001
  5.2272e+000
  1.0616e+000
  1.6545e+002
  6.8005e-001
  1.4703e-001
  9.6721e+001
  8.1412e+001
  6.1755e-001
  1.7888e-002
  4.0298e+000
  3.2139e+002
  4.8512e+001
  3.3014e-001
  6.9952e+001
  8.6641e+000
  2.6160e+001
  1.6389e+000
  4.7186e+002
  9.7241e-002
  2.0720e+002
  9.6693e+002
  2.9704e-001
  5.4453e-001
  1.4044e+001
  4.3563e-001
  4.3484e-001
  4.1474e-001
  6.8956e+000
  5.9824e+001
  1.0933e+001
  2.4417e+002
  3.0767e+001
  1.5320e-001
  6.5425e-001
  5.9208e-001
  4.2368e+001
  1.2557e+000
  2.2886e+003
  1.2769e+001
  1.7891e+003
  5.2602e+002
  2.5368e-002
  5.9412e+002
  2.5130e+000
  2.7101e+000
  5.8482e+000
  1.2073e+000
  6.0734e+001
  1.1471e+000
  1.5940e+001
  2.6634e+002
  2.4252e+002
  1.2228e+001
  1.2832e+000
  1.9378e+000
  1.0547e+000
  6.7905e+000
  2.5371e+001
  1.7328e-001
  3.2170e+000
  4.9475e-001
  3.5738e+002
  1.5000e+002
  4.1853e+002
  8.2415e+002
  1.2845e+002
  5.3447e+000
  9.8848e-002
  3.2366e+001
  2.4202e+000
  2.1410e+000
  2.4082e+001
  3.9863e-001
  1.3790e+002
  4.8079e-001
  3.1651e-001
  2.9681e+001
  2.2704e-001
  1.0701e+002
  2.0710e+001
  2.6729e+000
  8.0653e+000
  3.6976e+002
  1.5777e+002
  1.9564e+001
  1.3557e+003
  2.4114e+001
  2.8988e-001
  8.8334e+001
  8.0426e+000
  1.0774e+002
  8.0647e+002
  6.6335e-001
  2.4619e+002
  2.6955e-001
  4.2253e-001
  1.4737e+000
  2.1653e+002
  1.2297e+002
  2.1718e+001
  6.2719e-001
  6.2265e+000
  8.8440e+000
  1.7812e+000
  1.0286e+002
  5.7462e+002
  8.7334e-001
  3.5535e+000
  5.1968e+000
  6.7328e-001
  1.1363e+000
  3.4803e+001
  2.5469e+000
  6.0160e-001
  2.1855e-001
  3.3236e-001
  2.7085e+000
  1.1578e+001
  5.8030e+001
  6.5426e+000
  2.0388e+000
  4.8134e+000
  5.2464e+001
  7.4009e+002
  7.2212e+001
  2.2122e+000
  9.4904e+000
  1.4757e+002
  6.8920e+000
  1.0118e+002
  1.2733e+001
  1.3118e-001
  9.7549e+001
  1.3044e+001
  1.6373e-002
  4.1395e+002
  5.2276e-003
  2.2543e+002
  2.5474e+001
  5.9861e+000
  2.2475e+002
  8.4864e+000
  7.5113e-001
  2.6344e+000
  1.6924e+000
  5.5025e+001
  8.1571e+001
  1.3984e+003
  1.4572e-001
  3.3157e+001
  1.1603e+002
  2.8020e+000
  5.2043e+001
  2.3918e+001
  1.1275e+003
  9.3075e+001
  6.9937e+000
  1.5898e-001
  2.3074e+001
  1.4928e+001
  2.0057e+000
  2.8141e+002
  1.9072e+001
  2.3387e+001
  4.5421e+002
  2.1799e+001
  3.4130e+000
  1.9500e+000
  4.9541e+001
  4.3969e+002
  6.2526e+000
  1.2264e+002
  2.1444e+000
  3.7981e+000
  2.5867e+001
  1.1675e+002
  1.3715e+001
  1.2150e+003
  9.1046e+001
  3.7462e+002
  5.9371e+000
  3.2086e+000
  1.4864e+000
  2.7168e+000
  3.4520e+000
  3.7938e+000
  3.8779e+001
  1.6134e+000
  2.9852e-001
  4.0356e+002
  2.7340e+000
  3.2295e+000
  6.4929e-001
  4.6174e-001
  2.4251e-001
  2.1625e+002
  1.9000e+001
  6.8134e-001
  3.9148e+002
  1.6202e+001
  1.5045e+002
  7.6038e+000
  7.0609e+000
  4.2669e+001
  1.3308e+002
  7.6673e+002
  3.5076e+002
  2.2526e+002
  1.6448e+001
  4.4068e+000
  2.5170e+002
  2.8521e+000
  1.7064e+002
  2.9928e+000
  8.7469e+000
  2.8587e+000
  6.2859e+001
  2.3344e+001
  9.4548e+000
  1.5395e+002
  2.9365e-001
  3.4397e+001
  3.7087e+002
  1.2552e+000
  1.8389e+000
  4.5995e+000
  5.4821e-001
  5.8104e-002
  4.9534e-002
  2.0699e+001
  2.6951e+001
  1.5905e+001
  1.5417e+000
  1.0734e+000
  1.3091e+000
  3.8146e-001
  6.6940e+001
  2.0648e+000
  1.0601e+001
  3.9993e-001
  4.8598e+002
  1.3934e+000
  7.7234e+000
  2.8232e+001
  8.9604e+001
  1.2999e+002
  3.1475e+001
  2.0396e+001
  2.6052e-001
  2.7846e+001
  1.6658e+001
  2.5688e+001
  3.6054e+002
  2.1312e-001
  4.7625e-001
  6.4381e+001
  2.3525e+000
  2.1420e+002
  5.7826e-001
  5.0128e+000
  1.3028e+000
  8.6414e+000
  4.0679e+002
  3.0759e+001
  8.6514e+001
  1.4004e+002
  7.1788e-001
  1.2488e+002
  2.3780e+002
  3.5034e+002
  3.4228e+000
  2.6353e+000
  2.4767e+001
  6.6155e+000
  4.7978e+002
  1.6814e+002
  2.0554e+002
  3.3185e+002
  2.7900e+001
  4.1327e+001
  5.4429e+001
  1.4353e+003
  1.1189e+001
  1.7544e-001
  1.6590e+002
  2.1049e+001
  2.0290e-001
  5.3801e+000
  9.0342e-002
  6.0995e+002
  5.5977e+001
  5.7945e-001
  1.6252e+001
  1.5545e+001
  1.4335e+000
  5.6987e+001
  7.0091e+002
  2.3365e+001
  5.9873e+000
  8.5486e-001
  3.0068e-001
  5.1496e+001
  1.1480e+002
  3.5229e+000
  3.7000e+000
  3.3794e+001
  4.7258e+001
  7.8224e+001
  5.9110e+002
  1.5359e+002
  1.1561e+002
  3.0100e+001
  6.3434e+000
  2.5780e+002
  1.9890e-001
  4.7322e+001
  1.9079e+002
  6.9335e-002
  2.1562e-001
  2.1681e+001
  1.1614e-001
  1.4798e+002
  3.2073e+000
  6.0854e+000
  1.4479e+002
  3.9885e+002
  3.6326e+001
  9.1966e-001
  5.7411e+001
  5.7959e+001
  6.9990e+000
  2.3888e+000
  1.8042e+000
  5.7460e+002
  5.0867e+002
  4.8638e+002
  4.2051e+000
  2.6360e+001
  1.0924e+001
  2.8303e+000
  5.4181e+000
  9.0487e-002
  1.0672e+000
  1.8423e+001
  4.0583e+001
  5.5335e+000
  9.0377e+001
  3.5652e+000
  1.4666e+001
  2.1607e+000
  4.2915e+001
  5.1982e-001
  2.4810e+002
  1.6270e+001
  4.5258e+001
  1.0779e+000
  4.9818e+001
  3.3508e+001
  1.1146e+000
  8.5475e+000
  1.3711e+002
  9.2022e+001
  6.1577e+000
  3.3794e+002
  1.5877e+000
  9.3161e+000
  1.4777e+001
  6.0338e+000
  1.4182e+001
  6.4549e+001
  1.9151e+001
  2.5623e+001
  6.4314e+000
  4.6859e-001
  1.1038e+002
  4.3815e-001
  1.0869e+000
  6.4896e+000
  2.6144e+001
  9.2300e+000
  4.3358e+000
  4.0435e-001
  3.0809e+002
  5.2347e+001
  5.4619e-001
  1.2816e+000
  9.7349e-001
  2.0815e-001
  5.4721e-001
  1.6290e+000
  2.5896e+002
  8.9361e-002
  3.2769e+000
  3.6219e+001
  3.8672e+001
  1.7129e+002
  1.2892e-001
  2.4373e+002
  7.8530e+001
  6.6480e-001
  6.6674e+001
  5.3109e+001
  1.9938e+000
  3.9772e-001
  3.5502e+001
  1.1314e+000
  3.6007e+002
  2.4310e+001
  5.3833e-001
  5.6164e+000
  1.0434e+002
  1.4835e+000
  2.9838e+000
  5.0984e-002
  6.9454e+000
  1.4165e+000
  1.0791e+002
  1.1995e+002
  6.8731e-001
  3.4553e+001
  4.0666e+002
  3.3356e+001
  6.1134e+001
  2.9699e-001
  2.8446e+000
  1.4935e+002
  3.1164e+000
  1.2420e+000
  7.4674e+000
  9.3765e+001
  6.7879e+002
  6.6123e-001
  6.7502e-001
  3.1559e+002
  7.4849e-001
  9.2277e+002
  5.2308e+001
  2.9043e+002
  1.7278e-001
  5.4315e+002
  1.0045e+001
  1.1488e+000
  1.2541e+001
  8.7996e+001
  5.1888e+001
  4.3640e+002
  4.0610e-002
  1.1982e+002
  4.5801e+001
  1.6984e+001
  2.5384e-001
  7.1027e+001
  1.2448e+001
  4.1741e+001
  3.1922e+000
  3.6355e+001
  3.3019e+001
  5.4847e+001
  6.3595e+001
  1.4610e+001
  7.7062e+001
  3.3628e-001
  4.4757e+000
  3.9652e-001
  7.5720e+001
  8.8235e+002
  1.8170e+001
  1.8517e+002
  1.7086e+000
  4.6339e-001
  4.1580e+002
  9.5422e-001
  2.0720e+000
  1.0541e+002
  1.3722e+001
  1.3831e-001
  6.6112e+001
  3.0112e+001
  1.4792e+002
  1.6658e+002
  3.4984e+000
  9.3950e+001
  6.7169e+000
  1.4774e-001
  2.2204e+002
  5.1737e+001
  6.4045e+001
  1.3396e+002
  9.5649e+001
  2.9104e+000
  1.0350e+001
  2.8963e+002
  3.6961e+001
  1.3125e-001
  3.5224e+000
  2.7620e-001
  3.1607e+002
  2.7071e+000
  1.0852e+002
  2.1168e+001
  2.2273e+002
  9.2018e-002
  1.1762e+001
  8.9872e-001
  4.1573e+002
  2.7305e+001
  2.4621e+002
  3.9910e+000
  1.7672e+000
  2.4674e+002
  4.1970e+001
  2.8015e+002
  1.4491e+002
  6.7979e-001
  2.4850e+000
  1.7422e-001
  6.7532e+001
  9.8364e+001
  3.5653e+001
  6.6495e-001
  2.8954e+001
  2.2206e-001
  3.8473e+002
  2.5470e-001
  1.5011e+000
  2.1864e+002
  6.0935e-002
  1.1228e+001
  4.4905e+002
  4.9510e-001
  1.7766e+000
  5.2359e-002
  9.7672e-001
  4.1746e+000
  8.2059e+000
  5.9826e+001
  6.5834e-001
  2.6523e+002
  4.6184e+001
  1.3934e+003
  1.8668e+002
  5.2469e+002
  1.2630e-001
  1.8604e+002
  6.8776e+001
  1.5731e+000
  1.4408e+002
  1.9193e-001
  6.4075e+000
  1.1077e+002
  1.8538e+000
  9.7583e+000
  1.0013e+001
  4.2201e+002
  8.1469e+001
  4.8939e+001
  1.9829e+002
  1.1930e+001
  2.7219e+002
  2.4901e+002
  5.0875e-001
  4.5142e+001
  1.2917e+002
  2.0270e+001
  2.8428e+002
  4.4054e+001
  3.5535e+001
  2.0862e+000
  5.1896e-001
  1.4282e+002
  1.1045e+000
  7.5268e+002
  3.4162e+000
  3.2503e-001
  2.3882e+002
  1.4639e+003
  3.7589e+000
  5.6438e+001
  5.1433e+001
  1.1364e+000
  1.1666e+001
  1.3572e+000
  5.1024e+002
  8.8237e-002
  2.4958e+002
  3.4477e-002
  5.5542e+000
  7.3523e+001
  5.3344e-002
  6.6618e+000
  8.0981e-001
  3.1489e+001
  5.9012e+000
  9.3537e+001
  3.0284e+001
  1.5570e+000
  1.9300e-001
  1.2236e+001
  3.2530e+001
  1.2439e-001
  3.8783e+000
  7.9738e-001
  2.8385e+002
  5.4346e+001
  1.0171e+000
  4.1885e+002
  3.7323e-001
  5.9306e+002
  3.4127e+000
  8.7580e+000
  3.3137e-001
  5.9442e+001
  6.8577e+002
  3.4889e+001
  2.4608e+001
  1.0019e+002
  1.6368e-001
  9.6333e+002
  5.6006e+002
  1.9425e-001
  1.4526e+000
  4.0472e+000
  2.8254e+002
  2.5825e+000
  5.8318e+001
  1.1505e+000
  1.9498e+002
  5.7109e-001
  1.2571e+001
  3.7966e+002
  5.7021e-001
  9.1967e-002
  2.7423e+002
  3.7869e+001
  5.4924e+000
  7.6276e+001
  5.4262e-001
  4.5150e-001
  1.4900e+001
  2.3647e+002
  1.6862e+000
  9.1497e+001
  1.2720e+002
  6.8120e-001
  6.1797e-001
  1.1025e+001
  2.3648e+002
  2.6789e+000
  4.8632e+000
  2.1749e+001
  2.2367e+001
  1.9107e+002
  5.5566e+001
  1.0784e+000
  1.4913e+000
  5.9711e+000

