  4.6070e+001
  5.9859e+001
  1.6718e+002
  2.0521e+001
  8.3086e+000
  7.3786e+001
  3.4990e+001
  1.2466e+001
  4.2873e+002
  4.9804e+000
  6.6488e+001
  1.5828e+002
  3.4770e+001
  1.5159e+001
  3.3470e+002
  9.8808e+002
  1.2393e+003
  1.3553e+002
  1.0349e+002
  4.9974e+000
  5.7350e+000
  5.1992e+001
  1.4962e+002
  4.2306e+002
  2.1490e+001
  9.6093e+000
  1.4241e+001
  9.0302e+000
  1.3286e+001
  2.0094e+002
  5.8538e+001
  2.5867e+002
  2.1643e+001
  2.0721e+001
  9.3190e+000
  7.2083e+001
  2.7597e+000
  1.9610e+002
  1.2849e+002
  1.1996e+001
  2.1397e+001
  1.6593e+001
  8.5531e+000
  7.0017e+001
  1.1410e+001
  3.2918e+002
  3.6162e+002
  4.0722e+000
  5.3692e+001
  2.3716e+001
  1.4641e+001
  1.3200e+001
  6.2965e+000
  1.3246e+001
  4.8885e+001
  1.1162e+002
  2.4238e+002
  2.0636e+001
  8.2267e+000
  9.9812e+001
  6.4453e+000
  1.6944e+001
  2.5322e+001
  1.5712e+002
  1.1152e+001
  1.4688e+001
  7.1595e+000
  2.7990e+001
  5.8169e+001
  3.5943e+001
  3.7988e+001
  4.7316e+000
  5.6493e+002
  1.0678e+001
  8.2983e+001
  7.7183e+001
  1.4694e+002
  1.3783e+001
  4.4339e+002
  7.4769e+001
  2.4000e+001
  2.7121e+001
  5.3248e+001
  1.1481e+001
  6.0562e+002
  1.4423e+001
  1.5449e+001
  1.5922e+001
  1.4081e+001
  4.6985e+001
  7.5841e+001
  3.5931e+002
  1.9923e+002
  5.4480e+001
  2.3057e+002
  1.5953e+001
  1.0827e+003
  1.7375e+001
  5.0134e+001
  7.9373e+001
  9.8219e+000
  6.4438e+000
  2.7792e+001
  3.4178e+001
  6.3712e+000
  1.3092e+001
  1.3553e+001
  1.0326e+001
  1.4046e+002
  5.7511e+001
  1.1490e+001
  1.3740e+001
  4.2508e+001
  1.4046e+001
  1.1232e+002
  5.0707e+001
  5.5183e+001
  2.6144e+001
  2.3487e+001
  1.6241e+001
  1.2883e+001
  3.3321e+002
  1.9306e+001
  1.1651e+001
  1.0428e+003
  5.3031e+001
  7.7576e+001
  9.6468e+001
  4.9051e+002
  4.2623e+001
  1.4987e+001
  6.7637e+001
  1.4996e+001
  1.7557e+001
  1.9535e+001
  2.5533e+001
  2.9166e+001
  9.0099e+001
  1.1937e+001
  9.1322e+000
  1.6370e+001
  7.1602e+000
  6.2315e+002
  2.5702e+001
  7.3991e+000
  1.1812e+001
  2.3003e+001
  5.9535e+000
  1.5122e+001
  1.5131e+001
  2.1488e+001
  1.1966e+001
  2.2327e+000
  9.6578e+000
  7.8847e+000
  4.7782e+001
  1.3585e+002
  5.7756e+000
  2.7142e+001
  1.4645e+002
  1.6071e+001
  8.0010e+002
  1.2720e+002
  1.1553e+001
  1.3787e+001
  9.1023e+001
  3.0896e+001
  2.1402e+001
  1.3327e+001
  5.4260e+001
  2.6136e+001
  8.0957e+001
  3.4149e+001
  3.0473e+001
  1.0302e+001
  3.2361e+001
  5.7630e+001
  1.3590e+002
  3.4329e+001
  4.2955e+001
  1.7347e+001
  4.4610e+001
  1.1377e+001
  5.4396e+000
  1.4983e+002
  1.7427e+001
  8.6648e+000
  3.2194e+002
  3.1433e+000
  1.5637e+001
  6.0203e+002
  2.0783e+002
  2.6195e+001
  7.5699e+000
  9.1179e+000
  1.2211e+001
  6.7511e+001
  6.4597e+000
  2.0835e+001
  1.2486e+002
  8.3872e+000
  2.1880e+001
  1.3433e+001
  4.1853e+001
  3.0347e+001
  2.4030e+001
  1.2687e+001
  2.3714e+001
  6.7275e+000
  8.1877e+001
  2.4657e+001
  1.7849e+001
  2.2966e+001
  9.0732e+001
  1.2378e+002
  6.1105e+001
  2.6175e+001
  9.3033e+000
  2.0267e+001
  2.4131e+001
  3.1094e+000
  7.8014e+002
  2.5082e+001
  3.7291e+000
  3.6248e+000
  3.1568e+002
  3.4879e+001
  2.3276e+001
  4.0477e+000
  2.1969e+001
  9.6405e+001
  1.5361e+001
  9.2378e+000
  1.1474e+001
  6.8702e+001
  1.0961e+002
  1.5113e+001
  4.5767e+002
  1.6167e+001
  1.6440e+001
  8.4585e+000
  2.7345e+001
  1.8259e+001
  4.9454e+000
  1.9070e+001
  2.1113e+002
  3.4617e+001
  1.8361e+002
  4.6599e+000
  1.2528e+001
  2.1944e+002
  2.0109e+001
  8.1850e+001
  3.7075e+001
  3.1012e+001
  3.8168e+002
  8.3132e+000
  4.1611e+000
  2.3683e+001
  1.7279e+001
  2.1711e+002
  1.8838e+001
  3.8698e+002
  1.1782e+001
  1.1366e+001
  3.8967e+001
  1.9422e+002
  5.3679e+001
  1.4601e+002
  3.3483e+001
  3.8027e+002
  4.7027e+001
  2.5748e+001
  3.9163e+001
  5.3165e+001
  1.1729e+001
  3.7778e+002
  4.6122e+000
  9.0304e+001
  1.2187e+001
  1.3236e+001
  3.6881e+002
  2.6369e+001
  1.3776e+001
  1.5806e+001
  5.9125e+001
  4.7109e+002
  1.6231e+001
  1.8259e+001
  1.2238e+001
  8.8901e+000
  1.4190e+002
  2.9428e+001
  2.9041e+001
  2.6680e+001
  2.3177e+001
  8.7822e+000
  6.7775e+002
  5.9987e+001
  2.0386e+001
  3.7496e+001
  1.6910e+002
  1.8241e+001
  5.1383e+002
  1.1340e+001
  3.0876e+001
  2.1425e+002
  1.0422e+002
  1.1343e+002
  9.0332e+001
  2.1067e+001
  7.2293e+002
  9.5441e+000
  5.6474e+001
  8.1838e+000
  6.0353e+001
  1.8957e+001
  4.4127e+001
  1.4833e+001
  5.5923e+002
  1.6128e+001
  2.8609e+002
  4.2488e+001
  1.4756e+001
  1.0145e+002
  3.2563e+000
  1.2592e+001
  1.9314e+002
  1.3340e+002
  7.4019e+002
  5.2292e+002
  3.0977e+001
  1.4207e+002
  1.7811e+002
  8.4279e+002
  9.0658e+000
  1.3674e+001
  2.4685e+000
  4.3645e+002
  7.1466e+002
  2.8794e+001
  2.0876e+001
  7.3448e+000
  9.7024e+001
  4.7639e+002
  2.8556e+001
  4.4003e+001
  8.9778e+001
  3.0869e+001
  1.0168e+001
  3.1151e+001
  1.1340e+001
  3.9559e+001
  8.2547e+001
  1.3379e+002
  8.8492e+002
  1.6953e+001
  2.5908e+002
  6.4128e+001
  1.5600e+001
  2.1879e+001
  6.5678e+001
  3.2647e+002
  7.0422e+002
  1.7907e+002
  5.9629e+001
  2.8308e+001
  4.3068e+001
  4.9320e+001
  1.4755e+001
  5.2883e+001
  1.0518e+001
  3.6257e+001
  3.2829e+001
  6.3947e+001
  3.6962e+000
  7.9521e+001
  1.8246e+001
  9.0437e+001
  1.2306e+001
  1.2625e+001
  1.9987e+001
  1.2248e+001
  6.2150e+001
  2.2821e+001
  3.6671e+001
  2.8719e+001
  1.4477e+001
  7.8072e+000
  1.4102e+002
  8.5924e+001
  4.9836e+000
  1.3799e+001
  1.7800e+001
  2.0559e+001
  3.8152e+001
  2.1075e+001
  2.9915e+001
  3.3316e+001
  1.4738e+001
  5.1289e+002
  6.3233e+001
  1.0140e+002
  1.8193e+001
  1.0594e+001
  2.5083e+002
  1.0519e+001
  7.2821e+001
  4.5318e+002
  2.9925e+002
  6.1639e+000
  1.4131e+001
  7.5048e+000
  1.2800e+001
  8.8316e+000
  1.5711e+001
  6.1720e+001
  3.4648e+001
  2.1585e+001
  1.0715e+001
  1.6872e+001
  2.0804e+001
  6.9927e+001
  2.6721e+001
  1.2596e+001
  5.4934e+000
  3.2731e+001
  1.3392e+001
  1.0697e+002
  2.3103e+001
  7.2695e+000
  2.2229e+002
  1.1143e+001
  7.6520e+001
  3.7900e+001
  1.8084e+001
  1.2328e+002
  9.4144e+001
  1.0528e+001
  1.2653e+001
  1.8459e+001
  2.2803e+001
  6.3679e+002
  8.2868e+002
  1.3795e+001
  2.3005e+001
  2.2314e+001
  1.0252e+001
  8.9760e+001
  6.7661e+001
  4.1963e+001
  8.1579e+002
  7.9566e+001
  2.6188e+001
  5.4298e+000
  1.0802e+002
  1.8326e+002
  1.5479e+001
  2.8014e+001
  4.7184e+000
  2.5363e+002
  5.6791e+001
  2.3841e+000
  3.8335e+001
  4.5631e+001
  4.1240e+000
  9.8456e+001
  1.2979e+001
  2.9943e+001
  2.6671e+001
  4.5087e+001
  1.0800e+001
  4.7314e+002
  2.1228e+001
  2.3136e+002
  2.5741e+000
  1.7933e+002
  5.5351e+001
  2.8980e+001
  3.2053e+000
  8.0629e+000
  6.6406e+001
  1.4131e+001
  2.5410e+002
  2.1054e+001
  2.5632e+002
  5.6173e+001
  2.0361e+002
  9.4565e+000
  1.1827e+001
  4.9002e+001
  2.7335e+002
  8.0111e+000
  3.0250e+001
  5.2688e+001
  1.7335e+001
  2.9425e+001
  2.2414e+001
  7.8226e+000
  1.0183e+002
  3.6607e+001
  7.6716e+002
  3.5639e+002
  4.1914e+001
  5.3728e+001
  3.8725e+002
  4.5112e+001
  2.3472e+001
  1.1711e+002
  5.0815e+000
  4.3855e+001
  4.5466e+001
  1.3719e+001
  3.4155e+001
  9.5262e+000
  2.4249e+001
  9.4750e+001
  1.0781e+001
  5.3790e+001
  3.5804e+001
  2.1109e+001
  5.3953e+001
  3.2890e+001
  8.3054e+000
  4.3817e+001
  3.9541e+002
  1.4984e+001
  1.5854e+001
  1.2431e+001
  1.1561e+001
  1.8156e+001
  1.9630e+001
  1.6610e+001
  1.6852e+001
  2.5986e+001
  1.5463e+001
  3.2933e+002
  2.1404e+002
  1.4396e+001
  2.0920e+002
  8.6854e+001
  1.2427e+002
  1.2438e+001
  3.6261e+002
  1.7430e+001
  4.8483e+000
  2.0354e+001
  8.8170e+000
  2.4073e+001
  3.1157e+001
  1.4301e+001
  1.7973e+002
  3.1971e+001
  4.4502e+000
  1.7422e+001
  2.8867e+002
  2.3283e+001
  8.5065e+000
  1.2406e+001
  5.3791e+001
  9.9316e+000
  1.6958e+001
  4.3466e+002
  5.2561e+000
  4.3032e+001
  2.4275e+001
  2.1217e+001
  1.1934e+001
  7.2362e+001
  8.3668e+001
  1.1072e+002
  1.3917e+001
  6.5334e+002
  2.1021e+001
  3.2383e+001
  1.4833e+001
  1.1285e+001
  2.1098e+001
  7.9988e+001
  6.3605e+002
  1.4726e+002
  2.3987e+001
  3.2203e+001
  4.2975e+001
  4.7600e+000
  5.7540e+001
  1.5063e+002
  6.8385e+000
  2.7626e+001
  2.2694e+001
  7.2962e+000
  1.3800e+001
  2.6158e+001
  2.2408e+002
  1.3197e+002
  4.5303e+000
  1.2762e+002
  3.9785e+001
  1.5885e+003
  2.0448e+001
  1.3630e+002
  5.8185e+001
  4.9340e+000
  2.8385e+001
  1.8159e+001
  1.9510e+001
  6.4364e+001
  3.5777e+001
  2.3222e+002
  4.8468e+001
  1.2251e+002
  1.2972e+001
  7.8336e+001
  7.8262e+000
  2.6496e+001
  1.4265e+001
  1.9383e+001
  1.0188e+002
  1.4684e+001
  7.9043e+002
  4.7076e+000
  8.0348e+000
  2.4030e+001
  1.1937e+001
  6.3678e+001
  1.7889e+001
  1.0675e+001
  8.5444e+001
  1.2047e+001
  8.0828e+000
  2.0462e+001
  1.2046e+003
  5.7826e+000
  3.4732e+002
  1.3806e+002
  2.2404e+001
  1.7473e+001
  2.7492e+001
  6.0520e+001
  2.4578e+001
  3.6028e+002
  2.0263e+001
  2.0073e+002
  2.1849e+001
  7.4086e+001
  3.5671e+000
  4.3485e+001
  1.8719e+001
  4.0966e+002
  2.0135e+002
  5.9514e+002
  2.1856e+001
  2.8632e+001
  3.6313e+001
  3.0555e+001
  1.8472e+001
  2.1355e+001
  2.9416e+001
  1.9216e+002
  1.1831e+002
  6.8504e+001
  9.9899e+001
  3.6153e+001
  5.4837e+001
  7.4810e+000
  2.6793e+002
  2.0006e+002
  6.4082e+001
  3.1808e+001
  4.8982e+000
  1.8215e+002
  1.3547e+001
  4.5559e+001
  1.6424e+001
  7.5949e+000
  9.3164e+002
  1.5422e+002
  1.5648e+001
  2.5431e+001
  4.8166e+001
  2.0689e+001
  3.5435e+001
  8.6587e+000
  3.3461e+002
  1.8454e+002
  1.4480e+001
  3.2606e+000
  3.1143e+000
  3.6878e+000
  1.7684e+001
  7.7227e+002
  2.6798e+002
  1.1690e+002
  2.0602e+002
  5.8962e+000
  1.1474e+002
  1.1697e+001
  3.0183e+001
  3.0256e+001
  5.2718e+001
  2.3914e+002
  6.8670e+002
  9.2205e+001
  1.4632e+001
  2.4105e+001
  2.0333e+001
  3.0092e+001
  7.8676e+001
  1.0196e+001
  4.8487e+001
  2.4465e+002
  1.8482e+001
  2.2702e+002
  6.5307e+001
  6.5455e+000
  4.1635e+001
  3.3566e+001
  6.3766e+002
  7.4837e+000
  1.3948e+001
  2.1847e+001
  5.8233e+002
  5.7612e+000
  1.1238e+002
  6.2597e+000
  6.1733e+001
  2.2614e+001
  3.4657e+000
  1.4929e+001
  3.8350e+001
  1.9756e+002
  1.3811e+002
  4.1600e+001
  4.3438e+000
  2.6794e+002
  1.0570e+002
  2.4205e+002
  2.2572e+002
  1.3586e+001
  1.6735e+001
  5.8675e+001
  2.9618e+002
  2.1306e+001
  1.8029e+001
  7.3883e+000
  7.1122e+001
  1.2231e+001
  1.9211e+001
  3.6387e+001
  1.0360e+002
  1.9626e+001
  2.9085e+001
  5.2249e+001
  3.5782e+001
  3.8804e+001
  7.1982e+001
  8.1021e+001
  5.6598e+001
  4.7471e+001
  1.8543e+001
  1.6580e+001
  1.7063e+002
  2.9836e+001
  9.3426e+000
  6.8971e+000
  3.2062e+001
  2.7226e+001
  1.1647e+002
  6.8974e+001
  8.3657e+000
  1.6308e+001
  4.6214e+001
  2.2087e+001
  7.9245e+001
  8.9492e+001
  2.9112e+001
  3.2326e+001
  9.2405e+000
  8.0026e+000
  3.1596e+001
  2.6380e+001
  3.4479e+001
  1.6252e+001
  1.3649e+002
  1.5776e+001
  2.3071e+001
  3.9726e+001
  1.7622e+001
  2.2001e+002
  1.0282e+001
  3.1276e+001
  8.8405e+001
  1.4015e+001
  3.3805e+002
  3.7783e+001
  2.6050e+001
  4.8246e+000
  2.0849e+002
  1.9376e+002
  9.5969e+000
  5.7873e+001
  9.7546e+000
  2.4629e+001
  8.9520e+001
  5.9057e+000
  1.1912e+002
  3.2169e+002
  2.2430e+001
  9.7183e+001
  8.2903e+000
  1.2827e+002
  1.3720e+001
  3.1445e+001
  8.7391e+000
  1.1501e+001
  9.1224e+000
  1.9279e+001
  1.7873e+001
  3.5666e+001
  5.5946e+001
  9.4748e+000
  3.1573e+001
  1.1787e+002
  2.6258e+002
  8.8663e+001
  9.4744e+000
  2.2300e+001
  1.3051e+001
  2.0179e+001
  1.3104e+001
  1.7322e+001
  1.0098e+002
  8.1823e+000
  2.6283e+001
  2.9405e+002
  4.8210e+002
  9.2201e+002
  6.5611e+000
  5.3885e+001
  1.1830e+001
  1.9089e+001
  3.2566e+001
  8.9450e+000
  9.7142e+000
  1.0356e+001
  6.3730e+000
  1.7132e+001
  2.3272e+002
  3.7730e+001
  2.9648e+001
  2.2997e+001
  9.3695e+001
  1.8303e+001
  2.0639e+002
  1.6922e+001
  2.4860e+001
  1.1653e+002
  2.1993e+001
  1.0112e+002
  2.9364e+001
  4.3798e+001
  5.0423e+001
  1.0026e+001
  1.0420e+001
  5.0460e+000
  4.2941e+002
  1.1356e+001
  6.5192e+001
  1.2567e+001
  5.3121e+000
  7.9458e+001
  1.0832e+001
  2.5359e+001
  3.7858e+002
  1.8647e+001
  2.8950e+001
  3.0071e+001
  1.0992e+002
  1.7548e+001
  8.5507e+002
  2.7460e+001
  7.6530e+000
  9.4337e+001
  1.5795e+001
  7.2560e+001
  9.0602e+000
  5.2774e+000
  1.5275e+001
  2.2581e+001
  7.2891e+001
  3.1646e+002
  6.3960e+001
  3.3879e+001
  2.0344e+002
  8.6468e+000
  8.1179e+000
  1.0764e+001
  2.2760e+001
  1.0756e+001
  2.9389e+001
  3.2447e+002
  1.6197e+001
  3.3985e+001
  1.2592e+002
  9.7812e+000
  9.4142e+000
  2.1371e+001
  1.8154e+001
  3.1796e+002
  2.5947e+001
  1.2385e+002
  3.8831e+001
  3.7851e+001
  7.2126e+001
  1.5741e+002
  1.9118e+001
  1.1812e+001
  3.3312e+002
  2.7298e+001
  3.0362e+001
  1.1720e+002
  1.0587e+001
  2.8151e+001
  5.9755e+002
  2.2811e+001
  6.7074e+001
  3.2185e+001
  1.4131e+001
  7.7234e+000
  1.9109e+001
  9.0130e+000
  8.9805e+002
  8.9752e+002
  4.0330e+002
  2.3731e+001
  5.8530e+002
  6.5008e+001
  2.7910e+000
  4.7535e+001
  3.6732e+001
  1.0579e+001
  4.7297e+001
  4.0387e+002
  3.0083e+001
  5.6931e+002
  2.2759e+001
  1.4875e+001
  2.8548e+001
  1.7703e+001
  2.2244e+001
  6.6255e+001
  2.7307e+001
  2.6083e+001
  4.1480e+002
  4.9566e+001
  1.4517e+002
  2.6851e+001
  5.5517e+002
  1.0268e+001
  1.2764e+002
  9.7714e+001
  1.4455e+002
  1.0712e+003
  4.1407e+001
  5.3326e+002
  4.5919e+000
  8.9690e+000
  8.7941e+002
  3.6603e+002
  8.9696e+000
  5.5991e+001
  1.3511e+001
  5.9381e+001
  9.1114e+001
  9.0509e+001
  1.3656e+002
  1.4914e+001
  1.9690e+001
  1.1619e+001
  1.4568e+001
  8.0888e+000
  2.3243e+001
  1.4327e+002
  1.5037e+001
  6.4028e+001
  5.6775e+000
  8.4410e+000
  1.1211e+001
  1.2812e+001
  8.7966e+001
  1.6013e+002
  2.6970e+001
  1.3214e+001
  3.9416e+001
  8.3284e+000
  3.3024e+001
  1.3715e+002
  1.1980e+003
  4.6732e+000
  3.6465e+001

