  1.4575e+000
  4.6521e-001
  1.2029e+000
  1.7206e+002
  1.4572e+000
  7.8879e+001
  5.3441e+000
  2.4881e+001
  3.3905e+002
  3.8644e+002
  1.8227e+000
  1.7560e+000
  2.8420e+001
  1.3495e+001
  3.1177e+000
  2.9684e+000
  1.5293e-001
  8.0903e+000
  3.1423e+000
  2.5698e+001
  1.5667e-001
  1.4322e+000
  8.9187e+001
  1.8682e+002
  1.7777e+001
  1.1088e+000
  1.3852e+001
  6.5805e+002
  1.1857e+000
  2.0735e+000
  6.9539e-001
  6.2394e+000
  1.9090e+000
  1.1772e+000
  3.3332e+000
  2.6484e+000
  2.8862e-001
  2.1407e+000
  2.7098e+000
  6.3910e+000
  1.3415e+000
  4.8116e+000
  9.2139e+002
  4.0364e-002
  1.4953e+000
  7.6597e+002
  3.5545e-001
  3.6240e+000
  5.7087e+000
  5.8422e+000
  7.7970e+000
  6.4043e+000
  8.2827e+000
  2.0355e+000
  9.6516e+000
  8.3552e+001
  3.4613e+001
  2.9659e+003
  2.1533e+000
  2.7392e+000
  2.5467e-001
  5.1996e+000
  1.7007e+000
  4.1467e+000
  6.8522e-001
  4.6857e+002
  2.1024e-001
  1.0011e+001
  4.9661e-001
  1.2456e+002
  3.0270e+000
  3.5650e+000
  9.8154e+000
  1.8355e+000
  9.0646e+000
  2.7439e+000
  2.0009e+000
  9.8379e+002
  1.7475e+002
  7.2104e+000
  8.4704e+000
  3.7057e-001
  6.2672e+000
  4.2072e+001
  5.2261e-001
  9.4607e+000
  1.4828e+000
  2.1293e+000
  1.2130e+001
  1.1934e+002
  4.8357e+001
  1.5081e+000
  1.4825e+000
  2.3816e+000
  2.5024e+001
  5.8825e+000
  2.7803e+000
  2.2566e+001
  4.2084e+000
  6.2399e+000
  1.2425e+002
  5.2437e+000
  6.8991e-002
  9.1273e+000
  1.9701e+001
  2.4517e+000
  1.5363e+001
  5.5605e+000
  5.9231e+000
  2.9146e+000
  1.0379e+000
  3.8601e+000
  1.2382e+001
  8.7246e+002
  2.3422e+002
  2.3534e+000
  1.3147e+000
  6.1734e+002
  2.5364e+002
  3.6619e+000
  7.4782e-001
  1.5894e+001
  4.6486e+002
  2.8741e+000
  1.9811e+003
  1.8743e+001
  1.1946e+001
  3.5921e+000
  1.9651e+000
  1.6122e+000
  1.3260e+001
  4.9826e-001
  2.3163e-001
  6.4623e+000
  1.4017e-001
  8.9320e+000
  1.5448e+002
  1.6222e+000
  2.7920e+001
  5.4068e-001
  9.8747e+000
  2.5108e+002
  2.4374e+001
  1.1837e+001
  5.7270e-001
  8.6116e-001
  2.7226e+000
  4.6239e-001
  3.9294e+000
  5.1008e+000
  8.2274e-001
  1.5383e+000
  9.6556e-001
  3.5640e+000
  6.6028e-001
  3.8677e+000
  3.1793e+000
  4.6033e+000
  6.5898e+001
  7.5573e+002
  7.8735e+000
  7.9242e+000
  1.4567e+000
  9.4750e+000
  6.6637e+000
  7.0925e+000
  1.3568e+001
  2.0114e+000
  4.8580e+000
  4.4251e+000
  3.3177e+000
  1.5207e-001
  2.0344e+000
  5.8731e+001
  2.5576e+000
  9.8269e-001
  6.9601e+000
  6.1623e-001
  6.8686e+001
  3.2261e+000
  1.2581e+000
  8.5309e+000
  1.3624e+001
  3.0695e+002
  1.9219e+000
  1.4739e+000
  7.0166e+000
  1.0531e+000
  5.8477e+002
  1.9435e+000
  5.8104e+000
  3.7194e+001
  6.0677e+000
  5.6257e+000
  5.3939e-001
  1.5547e+000
  1.8924e+003
  1.0322e+000
  6.2789e+000
  7.1519e+002
  8.8654e+000
  8.6152e+001
  5.6400e+000
  3.0406e-001
  3.4825e+000
  5.7790e+000
  1.5406e+000
  1.5758e-001
  3.2721e+000
  1.2605e+001
  1.9788e+000
  7.3143e-001
  5.1617e+000
  3.2489e+000
  1.6103e+000
  7.8377e+000
  5.0654e+001
  3.3661e+000
  7.1364e+000
  5.9524e-001
  1.4788e+000
  3.0021e-001
  4.4003e+001
  2.2325e+000
  2.6059e+000
  2.7251e+002
  3.7550e+000
  1.5518e+001
  2.3054e+001
  3.8369e+000
  7.9605e-001
  2.1754e+001
  3.4255e-001
  3.1064e+001
  1.3804e+001
  3.3741e+001
  1.0710e+001
  8.3739e+000
  2.0397e+001
  1.2946e+000
  2.6434e+000
  2.0673e+001
  3.3712e+000
  3.7401e+000
  2.6071e+000
  6.5954e+000
  2.5973e+000
  9.9652e+000
  1.3774e+000
  1.6682e+003
  1.3781e+002
  8.7200e-001
  2.9860e+000
  9.1841e+000
  9.7300e+000
  6.8524e+000
  1.3347e+000
  1.6606e+001
  1.0909e+000
  4.7193e+000
  2.3252e+001
  4.1527e+000
  2.7869e+002
  5.8462e+002
  8.5903e+000
  8.0838e+000
  4.7653e+000
  2.1496e+001
  2.0554e+000
  2.4172e+001
  8.6231e-001
  6.2255e+000
  1.3799e+000
  1.4769e+001
  9.4838e-001
  1.6634e+000
  3.8889e+002
  2.0934e+001
  2.2651e+002
  4.6990e+002
  2.8344e+000
  1.3597e-001
  6.6026e+000
  1.5289e+000
  1.4707e+002
  1.0575e+000
  1.4195e+001
  1.2409e+001
  7.3117e+000
  3.6100e+001
  4.8760e+000
  3.0226e+000
  9.8376e+001
  2.0193e+000
  5.2502e+000
  2.6796e-001
  2.2326e+000
  4.5764e+000
  3.1553e+000
  5.7229e+000
  8.1626e+000
  3.5403e+000
  6.2317e+000
  3.9679e+002
  2.8458e+001
  2.7397e+002
  3.2397e+000
  5.8631e-001
  4.2995e+001
  5.0314e+002
  1.3630e-001
  1.6981e+000
  1.5288e+000
  6.2995e+001
  6.3604e+000
  5.5571e+000
  1.9556e+002
  1.3263e+002
  7.7405e+002
  9.8819e+000
  5.6083e+000
  4.9047e-001
  2.0346e+000
  3.0005e+000
  3.1918e-001
  1.3501e+000
  7.5553e+002
  9.6365e+000
  1.1325e+000
  1.8271e+001
  7.4470e-001
  4.1473e+002
  6.1132e+000
  9.5227e-001
  1.2413e+000
  1.8029e+001
  7.9072e-002
  4.0362e-001
  2.1948e+000
  3.0241e+000
  2.4490e+001
  1.2560e+000
  8.7903e-001
  1.0283e-001
  6.2035e+000
  7.2116e+000
  1.5860e+000
  1.7903e+001
  3.6063e+000
  7.0810e+000
  1.4597e+000
  3.4080e+000
  2.7152e+000
  2.2313e+000
  4.8869e+000
  5.0211e+000
  1.7491e+001
  7.4025e+000
  1.8996e+000
  1.7214e+001
  4.7440e+000
  8.3536e-002
  6.1215e+000
  9.3359e-001
  3.9094e+000
  8.8429e-001
  1.3662e+000
  1.7045e+000
  4.7844e+001
  2.8782e+000
  3.3704e+001
  1.2594e+000
  4.2468e+001
  2.1612e+000
  1.4313e+002
  6.4874e+000
  6.1545e+001
  6.3009e+002
  9.6556e-001
  7.9304e+000
  3.1833e+000
  1.8393e+003
  6.7263e+000
  8.2419e+000
  6.2578e-001
  3.7759e+000
  3.8546e+000
  7.1137e+000
  8.0753e+000
  6.7959e+000
  1.2920e+002
  5.2932e+000
  2.3711e+000
  2.3352e+000
  1.5035e+000
  7.5218e+000
  1.8296e+000
  7.7286e+002
  5.0755e+000
  1.7835e+000
  1.4283e-001
  9.3853e+000
  6.6999e-001
  5.3849e+000
  1.0589e+000
  7.7293e+000
  3.1966e+000
  1.3729e+003
  3.1217e+000
  5.3527e+002
  3.2346e+000
  1.8438e+000
  1.4657e-001
  8.7878e-002
  2.5885e-001
  7.2534e+000
  3.2454e+000
  4.4844e+000
  3.1997e-001
  3.6691e+000
  8.1488e+000
  3.9266e-001
  6.2373e+000
  7.1565e-001
  9.0696e+001
  3.0832e+001
  2.2939e+000
  3.6396e+000
  1.0925e+001
  6.4899e+000
  1.6581e+000
  3.0293e+000
  6.3175e+001
  9.5911e+000
  5.4260e+000
  5.4041e+000
  5.2766e-001
  6.8569e+000
  1.5732e+001
  3.0317e+001
  2.2507e+002
  4.7922e+001
  5.0040e+000
  1.0956e+003
  1.8830e+002
  8.4167e+002
  1.0453e+001
  3.1168e+001
  2.8559e+000
  1.6255e+003
  1.0706e+000
  7.4185e-001
  1.1877e+003
  3.5913e+000
  3.2910e+001
  1.7534e+001
  4.9163e+001
  1.1269e+000
  1.6799e+000
  9.1376e+000
  1.4394e+000
  3.2695e+002
  3.7922e+002
  3.5388e+001
  2.5270e+000
  6.8522e+000
  5.8009e-003
  3.5375e+000
  5.0991e+000
  1.3117e-001
  1.1081e+000
  7.2802e+000
  2.9728e+000
  1.6790e-001
  4.1726e+000
  4.0253e-001
  4.6522e-001
  5.3830e+000
  1.7296e+000
  1.0959e+000
  5.7941e+002
  5.6061e+000
  6.2653e+000
  4.8766e+000
  6.6338e+001
  2.0899e+000
  4.2135e+001
  1.2367e+001
  1.0462e+001
  1.1195e+000
  2.8753e+001
  1.7847e+000
  5.1141e+000
  2.3515e-001
  1.4701e+000
  1.3835e-001
  3.7523e-001
  2.3478e+000
  1.3931e+001
  2.7490e+000
  3.4431e+000
  2.5783e+000
  6.0720e+002
  1.8203e+000
  2.9985e+001
  1.5684e+001
  1.2888e+001
  2.0072e+000
  6.3219e+000
  6.2334e+000
  6.7390e+000
  1.8459e+000
  8.6509e+000
  1.3099e+000
  5.2218e+002
  1.6057e+000
  5.4250e+000
  2.9313e+002
  1.0543e+003
  1.1106e+002
  6.1997e-001
  9.2219e+002
  2.6198e+000
  5.7292e-001
  5.4189e+000
  1.7794e+002
  2.3802e+000
  1.6636e+000
  7.6045e-001
  1.1033e+002
  2.1954e+000
  1.0315e+001
  1.3114e+000
  1.8062e+000
  3.2994e+000
  3.0404e+000
  6.8441e+000
  6.3973e+000
  9.8444e-001
  2.0028e+001
  8.0759e+000
  2.2816e-001
  4.0369e+002
  1.2216e+001
  9.1710e-001
  6.4952e+001
  1.7879e+001
  5.4151e+000
  1.9805e+000
  2.1093e+001
  1.7694e-001
  6.8416e-001
  2.2777e+003
  1.9079e+003
  1.3622e+001
  1.2730e+000
  8.5729e+000
  5.3608e+000
  7.5468e-001
  1.3982e+002
  1.9994e+000
  1.3187e+000
  1.5586e+003
  1.4475e-001
  7.7261e+000
  2.2749e+000
  8.8462e+002
  2.4856e+000
  2.2910e+000
  2.2861e+002
  1.5228e+001
  2.3579e-001
  1.1571e+001
  4.7239e+002
  4.9609e+001
  4.4991e+001
  1.3307e+001
  5.9686e+000
  1.0428e+002
  4.7945e+001
  1.0350e+001
  1.8037e+002
  1.2699e+000
  3.2311e+000
  1.5389e-001
  8.9813e+000
  5.3133e+000
  2.5766e+000
  5.2614e+000
  1.2050e+003
  2.9544e+000
  1.3868e+000
  5.5985e+000
  3.3943e+000
  4.5351e+002
  2.3705e+000
  1.9690e+000
  4.4805e+001
  2.3796e+003
  2.4579e-001
  1.7738e+000
  1.7083e+001
  2.1620e+000
  3.3535e+000
  2.5971e+000
  4.0132e+000
  1.0087e+002
  8.9001e+000
  2.2379e-001
  3.9257e+002
  1.9325e+001
  5.6007e+000
  4.2690e+000
  1.4596e+000
  2.8698e+002
  4.4937e+000
  1.7374e+001
  8.9077e+000
  4.9178e+000
  5.2894e+001
  3.3125e+000
  9.2921e-001
  3.1729e+001
  1.6626e-001
  1.3334e+000
  5.5171e+001
  1.6038e+002
  9.5275e-001
  1.6399e+001
  6.1352e-001
  1.3232e+001
  5.5743e-002
  1.1641e+000
  2.1274e+001
  1.1262e+002
  1.2488e+000
  3.4726e+001
  1.2725e+000
  8.5103e+000
  3.7775e+001
  2.1377e+001
  4.3436e-001
  1.5729e+000
  3.7351e+001
  3.9606e+001
  3.4038e+000
  3.4645e-001
  1.3113e+001
  2.2120e+002
  1.4740e+000
  1.4662e+000
  1.0598e+001
  1.4034e+000
  5.3404e+000
  6.4252e+001
  1.3155e+001
  2.7104e+000
  5.4512e-001
  5.1172e+000
  4.1185e+000
  2.0088e+000
  3.9559e+000
  3.5196e+000
  6.1020e+000
  1.3053e-001
  1.2477e+003
  4.1867e+000
  5.0882e+000
  1.4290e+003
  7.1640e+000
  1.3434e+000
  1.6271e+001
  9.7145e+002
  1.5067e+000
  2.3018e+000
  4.5863e-001
  4.8583e+000
  1.1993e+000
  3.0842e+000
  8.3846e-001
  3.3544e+000
  2.5545e+001
  6.8933e+000
  3.6511e+000
  1.1619e+003
  6.6207e+001
  5.8393e+000
  3.0193e+001
  1.1785e+000
  2.9543e+000
  3.1065e+000
  6.7820e-001
  6.9607e+002
  5.4021e-002
  1.1737e+000
  7.1335e-001
  3.1468e+000
  1.2395e+000
  6.2130e+000
  1.5547e+001
  5.8891e+001
  3.9955e+000
  4.0765e+000
  4.0972e+000
  1.1117e+000
  9.2960e-001
  1.9568e+000
  2.6208e+000
  5.2410e+000
  3.5041e+001
  7.5313e+000
  4.8252e-001
  3.1422e+003
  1.8983e+003
  1.0787e+001
  2.8147e+000
  1.3328e+001
  5.0064e+000
  1.5722e+003
  2.8529e+000
  2.0124e+000
  1.7385e+000
  2.9108e+000
  6.9628e+000
  5.7181e+000
  9.0340e+000
  4.5055e+000
  3.0560e+000
  8.7433e-001
  1.5274e+002
  2.9643e+000
  2.3935e-002
  5.1058e+000
  8.0673e+002
  6.0370e+001
  1.6389e+001
  5.6108e+002
  8.3656e+002
  2.3160e+000
  7.1886e-001
  1.7026e+000
  6.7661e+000
  6.5675e+001
  2.5052e+000
  7.3330e+001
  4.7575e+000
  1.0361e+000
  4.4429e+000
  4.6254e+000
  6.9981e+000
  1.8609e+000
  9.7618e+000
  7.4842e+001
  2.2610e+002
  6.0474e-001
  6.4162e+000
  2.2297e+001
  8.8773e-001
  2.0216e+002
  1.4393e+003
  1.4123e+000
  2.6313e+001
  3.4793e+001
  4.3847e+000
  4.2051e+000
  1.2774e+000
  1.0616e+001
  6.5995e+000
  3.1577e+000
  6.0237e+000
  8.1587e+000
  1.3537e-001
  6.0029e-001
  6.5158e+001
  7.5383e+001
  3.2816e+000
  1.8698e+000
  1.2576e+003
  3.8815e+001
  2.8442e+000
  1.5427e+001
  4.7219e+000
  2.8229e+000
  6.5134e+000
  6.2280e+002
  9.0462e+000
  2.4142e-001
  1.7276e+000
  3.9093e+001
  1.2598e+003
  1.5729e+001
  8.2912e+000
  5.6677e+000
  1.6529e-001
  1.2491e+000
  1.1830e+000
  2.2885e-001
  1.3295e+000
  6.7961e+000
  9.8214e-002
  5.3100e+000
  5.0584e+000
  1.1479e+000
  8.5846e+001
  2.6985e+000
  8.3892e+000
  8.3346e+000
  1.2097e+001
  6.1581e+000
  1.5158e+003
  5.7541e+000
  3.7102e+000
  8.0894e+000
  1.7237e+003
  6.5432e+000
  8.8206e-001
  4.0558e+000
  7.5508e+000
  1.2516e+000
  7.9156e+000
  4.2199e+000
  2.4771e+000
  1.9004e+000
  4.4070e+000
  1.1625e-001
  4.4427e-002
  6.9187e+001
  1.1280e+002
  6.3367e+000
  8.1849e+000
  4.6708e+000
  1.0334e+001
  9.8410e+000
  1.0755e+001
  3.6356e+000
  5.9463e+001
  2.6200e+000
  1.3162e+003
  2.2169e+000
  1.6054e+003
  1.0816e+000
  2.4732e-001
  2.4451e+001
  9.3337e+000
  9.7518e+002
  1.6297e+000
  8.8533e+000
  4.8530e+000
  1.6472e+001
  2.5352e+001
  3.8373e+000
  9.2755e-002
  1.3327e+000
  1.7375e+000
  1.4564e+003
  1.6901e+001
  4.7904e-001
  2.7950e+000
  1.2210e+000
  1.2996e+000
  1.4867e+001
  1.5676e-001
  7.4871e-002
  5.5372e+000
  5.3352e+000
  6.6814e+000
  1.8265e+000
  2.2299e+000
  1.4681e+001
  3.2454e+002
  1.0755e+001
  4.6002e+000
  9.4676e+000
  6.7629e+002
  8.7175e+002
  5.4461e+002
  1.1796e+003
  9.4346e-001
  2.5375e+000
  6.3670e-001
  6.7718e-001
  5.2800e+000
  7.0105e-001
  1.3798e+000
  4.1294e+000
  1.6994e+001
  3.3743e+000
  6.3331e-001
  4.0662e+001
  1.2138e+000
  2.8308e+000
  5.0757e+000
  1.0833e+000
  1.8700e+000
  5.3569e+000
  5.6977e+000
  2.9910e+000
  1.7918e+001
  3.9118e+000
  2.8938e+002
  4.9933e+000
  2.8992e+000
  1.1728e+001
  2.6288e-001
  3.3373e+002
  7.9502e+001
  1.0526e+000
  8.4756e-001
  5.3467e+000
  4.0786e-001
  9.2579e+001
  4.6333e+000
  1.5823e-002
  4.0717e-001
  5.1321e+002
  6.8074e+000
  6.3160e-001
  9.2514e+000
  2.3201e+003
  1.3178e+000
  3.6312e+000
  4.6640e+000
  4.5537e+000
  1.8452e+000
  1.6441e+000
  5.5900e-001
  1.2932e+001
  1.2672e+001
  5.8824e+000
  1.7843e-001
  8.5281e+000
  1.5152e+000
  1.3988e+000
  5.2853e+001
  4.2402e+000
  2.8527e+000
  3.3445e-001
  4.0569e+002
  9.6587e-001
  7.9851e+001
  5.2729e+000
  4.6535e-001
  1.2718e+002
  9.7167e-001
  8.4834e+000
  3.5417e+000
  6.0326e+000
  4.3118e+000
  2.0128e+000
  4.8879e+002
  2.6124e-001
  5.2632e+000
  4.8182e+000
  2.3074e+001
  9.1576e+000
  2.8521e+000
  1.1892e+000
  7.6108e+000
  6.8977e+001
  3.7262e+002
  5.5898e+002
  7.6850e+001
  2.1287e+000
  6.4012e+000
  1.1870e+001
  4.1466e+000
  7.5450e-001
  1.3113e+001
  1.4611e+001
  1.0977e+000
  6.6054e+001
  6.0467e+000
  1.7739e+001
  3.3110e+000
  1.7568e+002
  1.2970e+000
  2.1900e+000
  2.0087e+000
  1.0414e+001
  6.4418e+000
  1.1621e+000
  7.1424e+000
  1.0153e+001
  2.0189e+000
  8.3255e+000
  6.2026e+000
  3.6865e+000
  6.2303e+000
  6.5171e-002
  2.5911e+000
  1.9458e+000
  6.7822e-001
  2.5246e+001
  1.1135e+000
  1.8808e+001
  4.2691e-001
  2.3169e+000
  3.1463e+002
  7.8479e+000
  1.4110e+001

