  4.8341e+001
  1.0099e+002
  1.0540e+001
  8.3269e+001
  8.7179e+000
  7.6785e+001
  2.7299e+002
  9.1280e+001
  7.5249e+001
  2.3420e+002
  2.3432e+001
  8.2169e+001
  5.0428e+001
  8.5410e+001
  3.8203e+002
  3.6632e+001
  1.4768e+002
  4.2095e+001
  3.7698e+001
  2.9217e+001
  2.2962e+002
  3.8934e+001
  6.2069e+001
  7.1086e+001
  8.8908e+001
  1.0681e+002
  4.7225e+001
  2.6813e+002
  6.1468e+001
  1.0406e+001
  2.1873e+002
  3.0336e+002
  3.3667e+001
  3.2698e+002
  2.7771e+001
  5.2064e+001
  1.3394e+002
  1.1586e+002
  7.5103e+000
  1.7481e+001
  3.7053e+002
  7.0296e+001
  3.1788e+002
  9.9689e+000
  3.8576e+001
  3.5997e+002
  1.5087e+001
  6.6397e+001
  1.0883e+002
  1.0329e+001
  2.7934e+001
  2.3425e+002
  5.3485e+002
  2.8759e+002
  3.2545e+002
  1.3328e+002
  8.1847e+001
  2.4390e+001
  3.7400e+001
  1.0176e+002
  2.3814e+001
  2.1686e+001
  2.4089e+001
  3.8373e+002
  2.2351e+001
  6.9851e+001
  8.9948e+001
  4.1153e+001
  1.9126e+002
  3.3195e+001
  6.7041e+001
  1.6588e+001
  2.8639e+001
  1.5702e+002
  1.4704e+002
  9.7592e+001
  1.5510e+001
  9.1347e+001
  8.5209e+000
  3.5244e+001
  3.1143e+001
  1.1783e+002
  9.8740e+001
  6.0301e+001
  7.2124e+001
  7.7061e+001
  1.0329e+002
  9.7741e+001
  4.9600e+001
  2.4354e+001
  4.1239e+001
  1.4465e+002
  6.3436e+000
  1.0845e+002
  4.0332e+001
  1.1664e+002
  1.3654e+002
  5.7237e+002
  3.1079e+001
  9.3004e+001
  1.6835e+001
  2.8711e+001
  6.1053e+001
  7.9110e+001
  3.7537e+002
  3.1023e+002
  1.0371e+002
  2.8360e+000
  1.3103e+002
  3.4786e+002
  6.6440e+001
  4.0663e+001
  5.5449e+001
  4.6081e+000
  4.3280e+001
  1.5262e+001
  7.9092e+001
  3.3194e+001
  5.2202e+000
  1.6568e+002
  1.3691e+001
  7.2925e+001
  1.0716e+001
  1.5094e+001
  1.3334e+002
  1.7628e+002
  5.2209e+001
  8.4865e+001
  3.5800e+002
  1.0223e+002
  2.2944e+002
  3.3467e+001
  1.0893e+002
  8.6942e+001
  3.2290e+001
  5.7225e+001
  3.1277e+002
  8.3151e+001
  6.3810e+001
  1.2275e+002
  3.3379e+001
  1.6746e+002
  1.5688e+002
  8.4195e+001
  7.7303e+000
  7.9226e+000
  4.7515e+000
  3.4902e+001
  1.8036e+002
  3.3543e+001
  3.3254e+002
  3.1992e+001
  1.8278e+001
  1.3429e+002
  5.0488e+001
  5.1382e+000
  2.6923e+002
  7.1312e+001
  3.3617e+001
  1.8490e+002
  7.0237e+001
  3.1492e+001
  2.3380e+002
  1.7506e+001
  6.6268e+001
  5.1044e+001
  4.3684e+001
  1.5570e+001
  3.3344e+002
  2.5908e+002
  2.6504e+001
  2.3835e+001
  1.3892e+002
  3.3514e+001
  3.4843e+001
  1.7979e+002
  1.1370e+002
  3.3118e+001
  6.4477e+001
  1.1310e+001
  1.0432e+002
  9.8103e+001
  2.8457e+002
  5.9159e+001
  5.7169e+001
  1.0466e+002
  4.6121e+001
  9.0955e+001
  2.3275e+002
  8.6145e+001
  5.5798e+000
  3.2479e+002
  3.6357e+001
  2.9797e+001
  4.7237e+002
  3.4137e+002
  8.2046e+001
  1.2426e+002
  7.7548e+001
  3.3316e+001
  8.7418e+001
  1.0515e+001
  1.6150e+001
  1.5407e+001
  1.7879e+002
  2.4487e+000
  1.0687e+002
  9.5660e+000
  8.1383e-002
  4.5658e+002
  8.7509e-001
  3.3551e+001
  1.3640e+002
  7.4722e+001
  7.2162e+001
  6.6470e-001
  1.0275e+002
  4.4429e+001
  2.0785e+002
  1.4637e+002
  2.3539e+001
  5.9144e+000
  1.5394e+001
  1.9592e+001
  4.2915e+002
  1.2298e+002
  2.6156e+000
  3.9652e+002
  1.6526e+001
  3.1754e+001
  2.5733e+001
  9.9429e+000
  2.1579e+002
  9.5158e+001
  6.0008e+001
  4.0129e+001
  4.9553e+001
  1.2556e+002
  1.6212e+002
  1.6650e+001
  6.2195e+000
  1.9939e+002
  2.9370e+002
  1.5975e+002
  1.3545e+001
  9.6274e+001
  9.4266e+000
  1.6389e+002
  6.6902e+000
  2.8311e+002
  8.0077e+001
  1.0796e+001
  1.1944e+001
  1.4908e+001
  1.8997e+002
  3.0486e+001
  1.3631e+001
  2.5591e+002
  6.6605e-002
  5.2202e+002
  2.0816e+001
  1.0132e+002
  9.3938e+001
  3.2436e+001
  8.0015e+000
  5.3129e+000
  4.0603e+001
  3.6398e+001
  1.3900e+002
  4.2839e+001
  2.5440e+000
  3.2876e+002
  1.4077e+001
  8.8114e+001
  2.6135e+001
  3.9415e+001
  1.5128e+002
  9.4731e+001
  1.8270e+002
  9.6706e+001
  1.5372e+002
  8.1560e+001
  2.1000e+001
  7.4456e+001
  2.4327e+002
  1.2385e+002
  1.1611e+002
  1.5775e+002
  1.2341e+002
  5.7256e+001
  2.0862e+002
  1.3136e+002
  7.9628e+001
  1.1415e+002
  6.5853e+001
  2.1162e+002
  3.5403e+001
  3.5084e+000
  2.8121e+002
  1.5457e+002
  9.0926e+001
  1.7428e+001
  1.5913e+001
  2.8593e+002
  9.1710e+001
  3.9856e+001
  2.4209e+001
  4.1501e+001
  1.0478e+002
  3.9800e+002
  1.2980e+002
  1.2593e+002
  3.7529e-001
  2.3736e+001
  4.9591e+001
  4.9523e+001
  1.2962e+002
  1.8682e+002
  9.4872e+001
  5.5277e+000
  6.3271e+001
  2.7698e+001
  1.3899e+002
  4.2065e+001
  5.6949e+000
  1.3005e+002
  1.2918e+002
  1.3337e+002
  4.7291e+001
  4.7259e+001
  8.9079e+001
  8.1674e+001
  1.3321e+002
  8.2482e+001
  1.1525e+002
  1.0068e+002
  3.3308e+001
  3.3223e+001
  5.6491e+001
  3.5058e+001
  1.5514e+001
  2.5071e+001
  1.9081e+001
  5.0900e+001
  8.9358e+000
  2.2216e+002
  2.3982e+002
  6.7149e+001
  6.4105e+001
  4.8315e+001
  1.5834e+001
  1.3882e+002
  2.4555e+002
  4.3009e+001
  1.0934e+002
  5.4859e+002
  2.1614e+002
  6.4411e+001
  3.2734e+001
  4.5420e+001
  4.6975e+001
  6.8809e+001
  2.4767e+001
  8.6224e+000
  8.4503e+000
  7.3766e+000
  8.6550e+000
  8.7574e+000
  9.2179e+001
  3.1333e+001
  1.7437e+001
  3.1395e+001
  4.0178e+001
  1.2237e+001
  3.3707e+001
  8.4239e+000
  2.0945e+001
  9.4998e+001
  1.5739e+002
  7.3451e+000
  5.7191e+000
  4.8883e+002
  3.5602e+001
  5.4624e+002
  8.6845e+000
  6.1782e+001
  4.2111e+001
  6.2526e+001
  2.4399e+002
  7.1862e+001
  1.0577e+001
  9.0364e+001
  6.0089e+001
  9.2690e+001
  4.9250e+001
  1.7283e+001
  1.0702e+002
  2.7876e+001
  4.7795e+000
  6.9572e+001
  8.3402e+001
  3.6299e+001
  7.2491e+001
  2.9005e+002
  5.5191e+001
  4.7393e+001
  3.9045e-001
  1.7444e+002
  1.5021e+002
  2.1756e+001
  2.1451e+001
  5.7507e+001
  1.9413e+002
  2.6060e+001
  1.5089e+001
  9.2382e+000
  1.8814e+002
  1.3839e+001
  2.2546e+002
  1.6461e+000
  4.2568e+002
  3.3140e+001
  4.8899e+001
  1.3026e+002
  7.9825e+001
  4.7419e+001
  3.3547e+002
  4.9547e+001
  7.5363e+001
  1.5660e+002
  1.1942e+001
  2.6103e+001
  1.0030e+002
  1.2943e+001
  1.7945e+001
  1.9504e+001
  1.5365e+002
  1.6146e+001
  2.4039e+002
  1.2150e+001
  1.6632e+001
  2.5812e+002
  3.0236e+001
  6.4971e+001
  3.8296e+001
  1.1891e+002
  4.0453e+001
  1.2026e+002
  1.6713e+001
  4.9335e+002
  3.7516e+002
  1.0872e+001
  2.5167e+001
  1.4709e+002
  1.4880e+002
  8.2761e+001
  7.2675e+000
  3.6654e+001
  2.1375e+001
  2.5494e+002
  5.0954e+001
  7.4610e-001
  3.2495e+001
  6.5565e+000
  1.6836e+001
  2.6416e+001
  1.6017e+002
  5.8479e+000
  7.5342e+001
  8.7956e+001
  1.8832e+001
  5.0906e+001
  2.9259e+002
  1.1307e+002
  1.1621e+001
  3.1383e+002
  1.7863e+002
  8.8046e+001
  5.4116e+000
  3.9425e+001
  3.4786e+000
  1.5375e+002
  2.3742e+002
  1.3882e+002
  1.3539e+002
  2.9680e+001
  4.7886e+001
  1.0657e+000
  1.4341e+002
  1.7545e+002
  5.9363e+000
  7.2515e+001
  7.8862e+001
  2.1961e+002
  2.4641e+002
  1.2381e+001
  7.8754e+000
  7.3640e+000
  2.2906e+002
  2.8826e+002
  2.2518e+002
  3.6988e+001
  6.9951e+001
  3.1873e+001
  2.3621e+002
  6.1344e+001
  1.6812e+002
  1.1523e+002
  2.7998e-001
  2.8471e+002
  3.0912e+002
  9.8439e+001
  7.0282e+001
  2.7645e+001
  2.1435e+000
  1.4434e+002
  1.5919e+002
  1.0931e+002
  5.3215e+001
  4.1115e+001
  2.3354e+001
  2.8115e+001
  1.1529e+000
  7.7999e+001
  9.9077e+001
  1.3101e+002
  3.7434e+001
  7.2808e+001
  1.7315e+001
  7.2996e+001
  4.2854e+001
  1.2524e+002
  2.4990e+002
  3.0955e+001
  9.7519e+001
  2.0193e+002
  3.0018e+001
  6.9298e+001
  9.2322e+001
  1.4978e+001
  1.3974e+002
  2.1368e+002
  1.3816e+002
  2.4398e+002
  7.7508e+001
  3.8385e+000
  2.5349e+000
  8.6329e+000
  1.5922e+001
  6.5877e+001
  2.4852e+001
  5.0958e+001
  1.2110e+002
  2.0566e+002
  6.9848e+001
  6.3372e+001
  1.7944e+002
  1.1322e+002
  1.5769e+001
  2.0226e+002
  2.4917e+002
  1.2458e+002
  1.2591e+002
  4.2119e+001
  9.7567e+001
  3.4790e+000
  5.5168e+000
  1.6527e+001
  3.2190e+001
  9.1864e+001
  1.0743e+002
  1.2934e+001
  2.3756e+002
  5.3920e+001
  1.9891e+001
  2.3974e+002
  1.9774e+002
  1.0496e+002
  3.4856e+001
  1.9935e+002
  6.0544e+001
  1.0086e+002
  7.4739e+000
  9.5076e+000
  1.0278e+000
  4.8033e+001
  1.0083e+002
  1.3677e+001
  1.5340e+002
  9.7835e+001
  5.4740e+001
  1.0592e+002
  2.6969e+002
  3.7817e+002
  6.9731e+001
  3.6195e+001
  1.2855e+002
  7.0246e+001
  5.9842e+001
  1.3181e+002
  1.7089e+000
  1.6882e+001
  1.0045e+002
  1.2820e+001
  1.1955e+002
  1.5916e+002
  2.2185e+002
  3.0533e+001
  1.7907e+002
  7.6420e+001
  2.8590e+002
  3.6688e+002
  5.7496e+001
  6.9538e+001
  1.1511e+002
  4.5753e+001
  5.7740e+001
  2.7641e+001
  4.6774e+002
  4.2789e+001
  8.3271e+001
  5.2972e+001
  2.5899e+002
  5.0351e+002
  2.1750e+002
  1.2640e+001
  8.8017e+001
  9.2250e+001
  1.2793e+001
  2.2204e+002
  1.5093e+000
  6.4199e+001
  1.4402e+002
  1.1934e+002
  3.6830e+002
  1.0860e+001
  3.6031e+001
  1.2149e+001
  9.2743e+001
  1.1625e+002
  2.0678e+002
  2.5287e+001
  5.4412e+001
  4.3277e+001
  7.6300e+000
  1.8871e+001
  5.9225e+001
  7.0327e+001
  2.3418e+001
  6.0732e+001
  8.7121e+001
  1.0535e+001
  2.0459e+001
  1.0097e+002
  1.4484e+001
  6.0757e+001
  9.5292e+000
  2.1849e+001
  1.4702e+002
  2.1781e+002
  6.0314e+001
  3.9365e+001
  1.8052e+002
  1.7693e+002
  5.6250e+001
  1.2160e+002
  5.3360e+002
  6.7036e+001
  2.2851e+002
  2.8185e+001
  3.4195e+002
  3.9089e+001
  3.2133e+002
  9.6608e+001
  1.6127e+002
  2.3546e+002
  1.9400e+001
  7.6374e+000
  2.5314e+001
  6.7680e+001
  2.1550e+002
  2.4685e+001
  2.8937e+001
  1.0326e+002
  1.5552e+001
  6.7132e+000
  1.0295e+002
  5.1112e+001
  1.2500e+002
  1.6953e+001
  1.0838e+001
  4.0770e+001
  2.3720e+002
  2.0569e+001
  3.1473e+002
  2.3099e+001
  1.4343e+002
  6.8293e+001
  3.9425e+001
  2.1703e+002
  7.3607e+001
  1.1524e+002
  1.3880e+001
  4.8649e+001
  4.3788e+002
  1.9269e+000
  4.3856e+001
  1.3740e+002
  1.4743e+002
  6.4440e+001
  1.5775e+002
  7.6641e+001
  9.1175e+001
  8.4070e+001
  1.1693e+002
  8.2098e+001
  4.8040e+001
  1.8730e+001
  1.7096e+002
  2.7584e+001
  2.4561e+001
  6.2446e+001
  1.1863e+001
  2.0781e+002
  5.2987e+000
  2.9950e+001
  1.8472e+002
  3.2052e+001
  1.8825e+002
  1.1150e+002
  8.0831e+001
  6.8068e+000
  4.4767e+001
  2.2500e+002
  1.1002e+002
  1.0519e+001
  1.0783e+002
  6.1240e+001
  2.3083e+001
  2.9347e+001
  1.9046e+001
  9.6258e+001
  2.1763e+001
  1.1437e+002
  8.2342e+001
  2.2201e+002
  2.1601e+000
  7.3254e+001
  1.4262e+002
  1.7749e+001
  2.0385e+001
  1.1107e+002
  8.3480e+001
  1.8407e+002
  3.9187e+002
  1.5518e+002
  8.8543e+001
  3.0610e+001
  5.5573e+001
  2.3154e+002
  1.4873e+000
  1.4515e+001
  2.2903e+001
  4.5608e+002
  8.9367e+001
  1.5298e+002
  6.4364e+001
  4.0186e+001
  3.0913e+001
  4.9377e+001
  1.3493e+001
  1.6746e+002
  1.2430e+002
  7.4591e+001
  3.8775e+001
  2.1717e+001
  5.4611e+001
  4.0341e+002
  5.5088e+002
  4.5505e+001
  2.2950e+002
  1.3346e+002
  8.7314e+001
  1.6078e+001
  8.0516e+000
  2.9343e+002
  1.5036e+002
  2.3504e+002
  4.1706e+001
  7.7926e+001
  4.7624e+001
  3.6025e+000
  5.3097e+001
  1.0206e+002
  2.0567e+002
  2.4254e+001
  5.6408e+001
  9.9596e+001
  9.1288e+000
  4.6572e+001
  1.7454e+002
  1.4375e+002
  4.7789e+001
  1.2308e+002
  6.7297e+001
  1.2543e+001
  5.2212e+001
  6.2736e+001
  5.2556e+002
  3.1316e+001
  2.9436e+000
  4.8570e+001
  3.9037e+001
  3.9895e+001
  9.7210e+001
  6.7877e+001
  2.9743e+001
  2.9311e+001
  3.3921e+001
  2.6555e+001
  1.2918e+002
  4.6057e+002
  1.8144e+000
  2.9041e+002
  1.8642e+002
  5.5948e+000
  4.4168e+002
  5.9853e+001
  1.2868e+001
  1.8532e+001
  2.9750e+002
  7.8042e+000
  2.5895e+001
  5.7553e+001
  1.6419e+000
  9.5715e+001
  1.2650e+002
  1.2443e+002
  3.0785e-001
  3.2408e+002
  2.4200e+002
  1.7939e+001
  5.1473e+001
  6.8674e+001
  1.6858e+002
  1.4119e+002
  4.6749e+002
  9.4245e+000
  1.2925e+002
  3.1998e+002
  1.2513e+001
  2.6250e+002
  5.4161e+001
  5.3412e+001
  1.7944e+002
  5.8246e+001
  1.2867e+002
  3.1462e+001
  1.1562e+002
  3.0737e+002
  1.0214e+002
  2.6017e+001
  8.1987e+001
  8.7962e+001
  1.1622e+002
  1.5444e+002
  4.3045e+001
  5.2299e+001
  3.6349e+001
  9.6846e+000
  2.2555e+002
  2.3207e+002
  2.6632e+002
  1.1356e+001
  4.7546e+001
  1.1364e+002
  4.9661e+001
  2.3400e+001
  2.1501e+001
  3.6657e+001
  2.6206e+001
  2.4975e+002
  1.6934e+002
  3.4865e+001
  4.1877e+001
  6.3362e+001
  3.3543e+001
  8.7671e+000
  1.7151e+002
  1.0445e+001
  1.9221e+001
  6.5050e+001
  3.2201e+001
  2.0823e+002
  8.4988e+001
  7.8367e+001
  5.9311e+001
  1.5118e+002
  3.5128e+002
  4.0183e+000
  1.6443e+002
  6.4081e+001
  1.2922e+002
  2.9027e+000
  1.9773e+001
  3.4178e+001
  4.3514e+001
  1.4690e+002
  2.1711e+001
  2.2976e+001
  1.2114e+002
  6.9646e+001
  1.6985e+002
  1.1429e+002
  5.4893e+001
  1.0791e+001
  2.8404e+001
  7.4237e+001
  2.0542e+001
  1.1138e+002
  1.4004e+001
  1.3865e+000
  2.1481e+002
  2.8164e+002
  1.4236e-001
  2.3094e+002
  1.1368e+001
  1.3550e+002
  5.9273e+001
  1.9590e+001
  3.3547e+002
  8.3449e+000
  1.6523e+002
  2.2698e+002
  3.3314e+001
  4.6128e+001
  2.7032e+000
  1.8457e+002
  1.8054e+002
  1.0730e+001
  2.0343e+002
  3.7088e+001
  9.9803e+001
  1.5584e+002
  7.3697e+001
  8.1604e+001
  8.1287e+001
  9.9743e+000
  2.1232e+002
  5.1117e+001
  1.1667e+002
  1.2702e+002
  7.5049e+001
  3.7972e+002
  6.2104e+000
  1.9650e+002
  1.5691e+001
  2.7633e+001
  4.1581e+001
  6.5016e+001
  3.1610e+000
  1.0556e+001
  3.4260e+001
  2.6343e+002
  7.3259e+001
  3.3187e+001
  3.0812e+002
  2.9076e+002
  2.0826e+002
  4.1644e+001
  2.9877e+002
  3.6583e+001
  3.4814e+001
  1.8601e+000
  3.3210e+000
  2.8079e+001
  1.5328e+002
  2.3120e+002
  1.7564e+002
  1.0232e+000
  1.0254e+000
  1.5503e+002
  9.5865e+001
  3.6557e+001
  2.5953e+001
  6.2688e+001
  5.3943e+001
  1.4934e+002
  1.7453e+002
  1.9110e+001
  1.5607e+002
  4.2038e+001
  2.6824e+001
  2.0560e+001
  3.6605e+001
  2.4024e+001
  7.0316e+001
  6.7337e+001
  8.3744e+000
  1.9652e+002

