  9.5561e+001
  2.9990e+001
  3.1155e+001
  8.2544e+001
  6.9797e+001
  1.4154e+002
  1.5932e+002
  7.4119e+001
  1.7101e+002
  4.8908e+001
  3.7246e+001
  1.7997e+002
  3.2948e+001
  1.5234e+002
  1.9225e+002
  1.1044e+002
  1.0826e+002
  1.3033e+002
  1.0611e+002
  6.6579e+001
  6.4181e+001
  7.8847e+001
  6.1549e+001
  3.1231e+001
  3.8733e+001
  1.6462e+002
  3.5768e+001
  5.0244e+001
  8.9033e+001
  9.1792e+001
  1.3210e+002
  1.9384e+001
  1.7995e+002
  4.4286e+001
  1.0751e+002
  2.4580e+002
  1.3635e+002
  1.2759e+002
  9.0570e+001
  5.3176e+001
  1.1427e+002
  1.3326e+002
  6.2594e+001
  1.0904e+002
  6.1814e+001
  1.1082e+002
  4.5918e+001
  2.5663e+002
  9.3519e+001
  7.7953e+001
  8.7515e+001
  1.0714e+002
  6.9046e+001
  5.7885e+001
  4.4057e+001
  9.2437e+001
  8.9220e+001
  1.7918e+002
  1.5997e+002
  3.4390e+001
  7.4937e+001
  7.1801e+001
  1.8288e+001
  8.1524e+001
  9.6935e+001
  1.6256e+002
  8.8626e+001
  2.4484e+002
  1.4751e+002
  7.4325e+001
  1.4705e+002
  6.5483e+001
  9.8508e+001
  9.8933e+001
  4.1462e+001
  8.8878e+001
  7.9431e+001
  9.7277e+001
  1.4142e+002
  1.6990e+002
  1.0417e+002
  3.2407e+001
  7.5072e+001
  2.5321e+001
  6.5272e+001
  6.1450e+001
  4.6318e+001
  6.6044e+001
  1.4051e+002
  3.1933e+001
  1.5348e+002
  5.5032e+001
  1.4731e+002
  7.7310e+001
  8.3444e+001
  1.3823e+002
  1.0241e+002
  1.5153e+002
  9.6764e+001
  6.6894e+001
  1.1011e+002
  2.0743e+002
  2.5862e+001
  1.0313e+002
  8.3643e+001
  5.7914e+001
  9.8654e+001
  1.1424e+002
  1.1267e+002
  7.3814e+001
  1.3235e+002
  1.4962e+002
  1.5021e+002
  4.8708e+001
  7.9809e+001
  1.4057e+002
  7.8105e+001
  6.0986e+001
  1.4898e+002
  6.4057e+001
  1.8177e+002
  1.3681e+002
  1.3517e+002
  1.5184e+002
  3.4793e+001
  1.8114e+002
  1.9633e+001
  1.6761e+002
  8.8393e+001
  6.7818e+001
  6.7105e+001
  1.0651e+002
  1.0378e+002
  1.0692e+002
  5.2868e+001
  5.3786e+001
  7.0903e+001
  5.0029e+001
  7.8218e+001
  8.3842e+001
  1.3015e+002
  2.7452e+002
  1.6695e+002
  1.4697e+002
  6.3376e+001
  5.4475e+001
  1.1319e+002
  1.6651e+002
  1.3892e+002
  3.6545e+001
  1.5083e+002
  4.9845e+001
  1.1723e+002
  1.2833e+002
  9.0891e+001
  1.7034e+002
  1.8562e+002
  1.4020e+002
  1.5086e+002
  7.0915e+001
  4.3450e+001
  1.0163e+002
  7.3854e+001
  4.0272e+001
  7.1624e+001
  6.1890e+001
  1.0078e+002
  8.5248e+001
  6.4591e+001
  9.5540e+001
  1.7518e+002
  2.1283e+002
  1.4951e+002
  1.3536e+002
  1.7826e+002
  1.1483e+002
  7.0407e+001
  1.4123e+002
  8.7804e+001
  1.2581e+002
  3.7619e+001
  1.2002e+002
  1.2477e+002
  7.1432e+001
  7.9191e+001
  8.8707e+001
  7.1044e+001
  4.1313e+001
  1.1891e+002
  4.5084e+001
  3.9263e+001
  1.2976e+002
  1.5143e+002
  9.6605e+001
  1.1785e+002
  8.5692e+001
  5.0723e+001
  8.1760e+001
  7.0653e+001
  7.8436e+001
  1.4142e+002
  1.3689e+002
  1.2424e+002
  7.3981e+001
  1.5033e+002
  1.1527e+002
  1.2207e+002
  1.0289e+002
  1.0966e+002
  1.2103e+002
  6.7395e+001
  8.4053e+001
  1.0483e+002
  1.7157e+002
  1.3522e+002
  8.3797e+001
  6.3883e+001
  5.1090e+001
  8.5424e+001
  3.6984e+001
  1.4844e+002
  1.8621e+002
  6.9730e+001
  9.3851e+001
  1.3276e+002
  1.0122e+002
  5.7084e+001
  3.5204e+001
  1.1634e+002
  7.2891e+001
  1.7895e+002
  1.1415e+002
  9.9000e+001
  7.1073e+001
  4.6765e+001
  1.1970e+002
  7.4505e+001
  4.2014e+001
  8.8633e+001
  3.8155e+001
  4.3373e+001
  1.0764e+002
  8.1472e+001
  9.8278e+001
  9.2812e+001
  8.1685e+001
  9.3700e+001
  5.5517e+001
  1.2758e+002
  7.8699e+001
  1.6647e+002
  2.1373e+002
  9.7270e+001
  1.8723e+002
  1.4644e+002
  5.1245e+001
  1.4202e+002
  1.6831e+002
  4.9243e+001
  6.9141e+001
  7.7508e+001
  5.1943e+001
  4.3882e+001
  7.6929e+001
  9.4723e+001
  5.4901e+001
  6.2062e+001
  1.0486e+002
  1.4238e+002
  1.7385e+002
  8.0011e+001
  7.0045e+001
  1.6832e+002
  6.7194e+001
  3.5866e+001
  7.4316e+001
  2.2718e+002
  1.3707e+002
  3.8714e+001
  4.2453e+001
  8.1981e+001
  3.4489e+001
  5.2050e+001
  1.1903e+002
  1.7059e+002
  5.6436e+001
  5.9276e+001
  1.1611e+002
  9.5585e+001
  6.7208e+001
  8.2679e+001
  7.7017e+001
  1.3873e+002
  7.6642e+001
  1.5274e+002
  6.6504e+001
  9.1300e+001
  7.7070e+001
  1.1620e+002
  2.5504e+001
  1.8280e+002
  5.3970e+001
  8.2969e+001
  1.7018e+002
  4.9909e+001
  7.5244e+001
  6.4985e+001
  8.6229e+001
  1.3637e+002
  5.4276e+001
  7.9731e+001
  6.5425e+001
  1.3621e+002
  7.7055e+001
  7.2544e+001
  9.1631e+001
  1.2640e+002
  1.1048e+002
  9.2885e+001
  3.0047e+002
  9.0804e+001
  1.0265e+002
  1.0821e+002
  1.2693e+002
  1.0105e+002
  1.7234e+002
  4.6867e+001
  1.8506e+002
  1.2194e+002
  1.7130e+002
  1.0346e+002
  8.6511e+001
  1.6842e+002
  1.0368e+002
  1.0974e+002
  6.7398e+001
  1.0774e+002
  1.2201e+002
  9.0270e+001
  6.1142e+001
  1.0094e+002
  2.6731e+002
  4.2295e+001
  1.0444e+002
  7.4972e+001
  7.9081e+001
  9.7775e+001
  1.4062e+002
  7.9540e+001
  4.7422e+001
  8.2761e+001
  7.8163e+001
  7.5247e+001
  2.3219e+002
  1.3813e+002
  9.3845e+001
  9.2091e+001
  1.6157e+002
  1.3251e+002
  2.8232e+001
  4.2447e+001
  9.2175e+001
  8.9390e+001
  3.5373e+001
  6.5254e+001
  1.1045e+002
  1.1333e+002
  9.4778e+001
  8.0040e+001
  6.2582e+001
  3.8407e+001
  9.4746e+001
  8.9592e+001
  8.8539e+001
  4.3923e+001
  7.9620e+001
  3.0245e+001
  1.1563e+002
  1.8514e+002
  1.8505e+002
  4.6365e+001
  3.5033e+001
  1.1066e+002
  1.1297e+002
  1.6090e+002
  7.1337e+001
  6.0464e+001
  9.3868e+001
  1.0969e+002
  1.1513e+002
  9.2485e+001
  4.7335e+001
  7.4129e+001
  1.1470e+002
  1.4418e+002
  8.2964e+001
  9.2926e+001
  7.9982e+001
  1.2653e+002
  1.8263e+001
  7.4349e+001
  7.5447e+001
  6.4041e+001
  1.9067e+002
  1.3496e+002
  7.9745e+001
  7.6204e+001
  1.0848e+002
  1.4541e+002
  1.5447e+002
  7.1015e+001
  3.9850e+001
  9.2241e+001
  8.4136e+001
  6.4041e+001
  5.3519e+001
  6.2057e+001
  1.2538e+002
  6.5679e+001
  9.8341e+001
  1.6930e+002
  7.4166e+001
  1.6894e+002
  5.2758e+001
  1.0505e+002
  1.0735e+002
  1.7584e+001
  7.5989e+001
  1.0901e+002
  5.3724e+001
  8.4080e+001
  4.9323e+001
  1.1793e+002
  1.2025e+002
  1.3835e+002
  1.0316e+002
  1.4039e+002
  1.8752e+002
  1.1985e+002
  2.3689e+001
  1.7253e+002
  8.2083e+001
  8.5335e+001
  7.2256e+001
  1.1221e+002
  9.2623e+001
  1.6974e+002
  1.7893e+002
  3.5786e+001
  6.8140e+001
  8.2985e+001
  1.3761e+002
  2.0860e+002
  1.5650e+002
  1.4803e+002
  1.4543e+002
  1.8662e+002
  2.5926e+001
  5.9044e+001
  2.0710e+002
  1.6196e+002
  9.9393e+001
  9.6348e+001
  8.0859e+001
  4.4027e+001
  4.8754e+001
  7.5327e+001
  9.6720e+001
  9.3896e+001
  1.4023e+002
  7.1337e+001
  1.0965e+002
  1.7298e+002
  6.5956e+001
  1.1809e+002
  1.3362e+002
  7.8097e+001
  4.9848e+001
  1.7212e+002
  3.3509e+001
  1.0642e+002
  1.0617e+002
  1.4758e+002
  7.6601e+001
  4.2580e+001
  5.3130e+001
  6.9326e+001
  1.0392e+002
  5.9884e+001
  6.3534e+001
  1.7624e+002
  1.4502e+002
  5.0802e+001
  1.7016e+002
  1.4447e+002
  1.6082e+002
  7.5581e+001
  4.5294e+001
  1.5035e+002
  5.1294e+001

