  4.7864e+002
  5.7670e+000
  1.8602e+001
  8.7143e+001
  7.9756e+001
  4.0240e+002
  6.8269e+001
  1.0991e+001
  2.2873e+002
  4.1460e+001
  1.1544e+002
  1.0956e+002
  4.9289e+001
  1.3692e+002
  9.4343e+001
  4.8047e+001
  1.0604e+002
  7.7674e+001
  1.6965e+002
  2.3073e+001
  6.0825e+001
  3.0163e+001
  7.4040e+001
  4.1525e+002
  3.0920e+002
  3.9211e+001
  5.4452e+001
  7.1998e+000
  3.1501e+001
  4.3636e+001
  1.2851e+002
  1.3234e+002
  1.2860e+002
  2.1904e+002
  1.1549e+001
  5.3159e+001
  6.2758e+001
  2.7374e+001
  7.5349e+001
  4.3929e+001
  6.5400e+001
  1.4407e+002
  1.0449e+002
  5.6286e+001
  1.0645e+002
  1.5067e+002
  1.0269e+001
  6.8732e+001
  3.6062e+002
  1.0286e+002
  7.8673e+001
  1.9980e+002
  1.3316e+002
  7.4562e+001
  2.3516e+002
  8.4461e+001
  1.3855e+002
  1.3013e+001
  2.7626e+001
  4.3061e+000
  2.9273e+001
  2.7146e+002
  1.7409e+002
  4.9775e+001
  9.4935e+001
  1.2153e+002
  1.8140e+002
  4.3068e+001
  1.9182e+001
  4.3298e+001
  3.7514e+002
  4.9802e+001
  1.8911e+002
  1.9602e+002
  1.2887e+002
  2.4196e+001
  7.2814e+001
  1.5534e+002
  3.6856e+001
  2.6389e+002
  1.1888e+002
  5.5867e+001
  4.0158e+001
  2.7085e+001
  4.5272e+001
  4.0239e+001
  1.4883e+001
  5.1802e+002
  1.1752e+002
  4.3094e+001
  2.6172e+001
  3.3384e+001
  9.2842e+001
  1.3909e+002
  2.5152e+002
  2.6700e+001
  9.2906e+001
  4.9449e+001
  5.7124e+001
  7.7599e+001
  3.2618e+001
  7.1229e+000
  1.8770e+002
  2.7960e+001
  7.3629e+001
  1.8047e+002
  1.9533e+002
  3.7318e+001
  6.9816e+001
  2.5937e+001
  2.1311e+002
  2.6215e+000
  5.8922e+001
  2.3252e+001
  8.2811e+000
  8.2908e+001
  1.2671e+002
  2.0837e+002
  7.4953e+000
  1.7861e+002
  3.1416e+001
  8.4492e+001
  2.0771e+002
  4.7353e+001
  3.5636e+000
  1.0484e+002
  1.7251e+001
  3.1134e+002
  2.1568e+002
  1.4909e+002
  9.0327e+001
  9.4721e+001
  1.3960e+000
  3.0432e+001
  2.2726e+001
  2.9127e+001
  1.2364e+002
  4.8377e+001
  6.0992e+000
  5.8020e+001
  2.1286e+001
  5.4722e+000
  3.4269e+001
  2.0432e+001
  1.5495e+001
  5.7727e+001
  7.5407e+001
  8.2490e+001
  1.7011e+002
  1.3144e+002
  5.8237e+002
  4.2129e+000
  5.8541e+001
  3.2688e+002
  1.0495e+002
  8.8294e+001
  1.6593e+001
  1.5243e+002
  2.0167e+001
  8.7920e+001
  6.9670e+001
  3.1323e+002
  2.2472e-001
  3.9141e+001
  3.3136e+001
  7.0880e+001
  1.9852e+002
  2.6151e+002
  4.6760e+001
  3.8370e+002
  8.6611e+001
  4.7673e+001
  2.5216e+002
  2.0621e+001
  9.0399e+001
  1.3825e+001
  7.0645e+001
  1.7175e+002
  1.1368e+002
  1.3146e+000
  3.2568e+002
  9.6062e+001
  4.0995e+000
  1.7797e+001
  1.6049e+002
  4.2642e+002
  1.7297e+000
  1.8206e+002
  8.5620e+001
  1.4630e-001
  1.3977e+002
  9.9075e+001
  1.9412e+002
  1.6092e+002
  6.5050e+000
  9.7372e+000
  1.3187e+001
  6.6413e+001
  9.0831e-001
  6.4146e+001
  3.5330e+001
  7.3064e+001
  1.2565e+001
  3.7032e+002
  1.0324e+002
  3.8320e+001
  1.0313e+002
  3.1726e+001
  8.7803e+001
  7.1516e+001
  7.4347e+001
  4.2648e+001
  1.7866e+002
  4.8244e+002
  1.5596e+001
  2.5075e+002
  4.1628e+001
  4.4175e+001
  1.1530e+002
  2.8131e+002
  1.8015e+002
  2.5228e+002
  2.1979e+002
  6.2368e+001
  2.4283e+001
  1.0224e+002
  9.1397e+000
  5.2690e+000
  2.9366e+001
  6.7198e+001
  2.1110e+002
  2.3966e+002
  5.2155e+001
  3.8910e+002
  1.3698e+002
  5.2974e+001
  3.5532e+002
  2.7242e+002
  2.6778e+001
  8.8539e+001
  1.3690e+002
  5.4693e+001
  2.2926e+001
  2.0613e+001
  1.1430e+002
  3.0527e+002
  1.0048e+002
  1.0222e+002
  4.3320e+001
  1.2465e+002
  1.5314e+001
  5.9357e+000
  1.0242e+001
  4.0434e+001
  1.1784e+002
  6.2635e+000
  3.9828e+001
  2.8234e+001
  3.9721e+001
  3.1534e+001
  3.6625e+001
  5.5729e+001
  1.6076e+001
  2.2718e+001
  2.0722e+002
  8.0388e+001
  2.7418e+002
  2.2983e+001
  1.8791e+001
  1.1163e+002
  4.9526e+001
  5.6656e+001
  4.0372e+000
  5.0547e+000
  3.1919e+001
  2.2230e+001
  3.4317e+001
  1.0765e+000
  7.8949e+000
  5.0921e+001
  2.1698e+001
  2.1794e+001
  2.1997e+001
  6.3116e+001
  1.3714e+001
  8.3094e+001
  7.4376e+001
  4.0522e+001
  4.0120e+002
  2.5194e+001
  1.4559e+001
  2.8503e+002
  9.5548e+001
  1.5724e+002
  5.0336e+001
  1.4819e+002
  7.1558e+001
  7.4027e-001
  4.0213e+001
  2.2122e+001
  6.7553e+001
  1.0029e+001
  1.0511e+000
  1.5587e+002
  5.8502e+002
  6.5042e+001
  1.3783e+002
  3.2957e-001
  1.2418e+002
  2.3439e+002
  1.7187e+001
  1.3663e+002
  7.7999e+001
  8.9701e+001
  1.0371e+002
  1.2168e+002
  1.9814e+002
  5.8874e+001
  1.1922e+002
  5.2092e+002
  8.2912e+001
  2.7942e+001
  1.6814e+002
  6.3644e+001
  3.5294e+002
  1.9844e+002
  3.2024e+001
  2.9006e+001
  8.9245e+001
  5.3795e+001
  1.5845e+002
  3.5949e+002
  1.5357e+002
  6.6809e+001
  7.9032e+001
  2.4090e+002
  4.7602e+001
  2.4774e+001
  1.3540e+001
  6.4903e+000
  3.3189e+001
  1.0719e-001
  1.5424e+002
  1.6914e+001
  5.6779e+001
  1.0473e+001
  3.0945e+001
  2.6338e+001
  3.2668e+001
  5.8762e+001
  1.7179e+001
  7.4426e+000
  2.7489e+001
  1.2990e+002
  1.0677e+002
  6.7644e+001
  1.8042e+002
  1.8528e+002
  1.8298e+001
  5.9839e+001
  5.0400e+001
  1.6062e+002
  1.0258e+002
  1.1067e+002
  1.4108e+002
  1.1482e+002
  1.5832e+002
  1.3818e+002
  1.2063e+001
  3.7092e+001
  2.1017e+001
  3.3407e+001
  1.6116e+002
  1.5338e+002
  2.6775e+002
  6.2265e+001
  2.9315e+001
  7.5459e+001
  8.0851e+001
  2.2254e+001
  4.1506e+001
  6.6744e+001
  1.8924e+002
  5.1754e+001
  5.0245e+001
  5.8558e+001
  7.4875e+001
  2.1262e+002
  1.6884e+002
  8.9446e+001
  6.1144e+001
  1.5280e+002
  2.1904e+000
  7.3397e+001
  4.1958e+000
  4.3721e+000
  9.3001e+001
  9.0111e+001
  8.4147e+001
  1.0294e+002
  5.6626e+001
  1.5817e+001
  1.7033e+001
  6.3344e+001
  3.3778e+001
  1.1515e+002
  1.2194e+001
  3.3492e+002
  9.4760e+000
  4.3239e+002
  1.1556e+001
  3.2355e+001
  1.6031e+002
  3.8609e+002
  3.3381e+002
  2.0949e+001
  1.1641e+002
  4.4422e+001
  1.5575e+002
  1.3042e+002
  2.2574e+001
  4.4333e+000
  3.8012e+002
  4.0939e+001
  8.5624e+001
  2.2103e+002
  5.1448e+002
  4.7268e+001
  4.2513e+001
  6.6019e+001
  2.0157e+002
  2.4745e+002
  2.9916e+002
  5.6917e+001
  5.4236e+001
  1.7675e+002
  7.3689e+001
  1.0885e+002
  4.4637e+001
  2.2102e+001
  2.0631e+001
  2.8268e+001
  3.0212e+002
  1.0468e+002
  1.1357e+002
  6.4701e+001
  2.6296e+001
  4.5721e+000
  1.2970e+002
  2.5907e+001
  6.1249e+001
  3.6292e+001
  7.4261e+001
  2.5656e+001
  3.9169e+001
  1.2142e+002
  1.7236e+002
  1.8367e+001
  2.2668e+001
  8.6443e+001
  8.2206e+000
  2.4911e+001
  5.6586e+001
  1.4901e+002
  8.7820e+001
  5.8434e+001
  7.6441e+001
  6.9261e+001
  5.3264e+001
  1.7430e+001
  1.0358e+002
  6.7481e+001
  2.5063e+001
  2.9003e+001
  2.3703e+002
  2.2101e+002
  4.7396e+001
  7.7292e+001
  2.6389e+002
  2.5314e+001
  1.0583e+000
  4.7494e+001
  8.0237e+000
  5.9874e+001
  7.9784e+001
  2.4199e+002
  1.0512e+002
  5.3586e+001
  8.3921e+000
  1.1752e+002
  1.4820e+002
  8.3770e+001
  6.1878e+001
  2.5639e+000
  7.9194e+000
  2.2237e+002
  1.9478e+002
  1.0832e+001
  7.7054e+001
  1.7484e+002

