  1.5515e+002
  1.0749e+002
  9.0475e-001
  9.4637e+001
  9.5415e+001
  9.7443e+001
  2.4292e+002
  7.9531e+001
  7.0140e+001
  3.0969e+001
  4.8910e+002
  5.1837e+001
  4.7818e+001
  5.8743e+000
  2.0657e+002
  4.1664e+001
  1.0869e+002
  1.8648e+001
  1.5417e+001
  4.7935e+001
  2.2740e+001
  1.3411e+002
  3.1138e+002
  1.5413e+002
  6.5936e+001
  1.3942e+002
  2.3396e+001
  1.8218e+001
  2.9995e+001
  7.7734e+001
  8.9395e+001
  1.1057e+001
  7.8492e+001
  4.3151e+002
  7.4826e+001
  1.1171e+001
  4.7148e+000
  8.1508e+001
  1.4066e+002
  2.8148e+001
  1.2470e+001
  1.0285e+001
  2.5810e+001
  8.1728e+001
  1.3619e+002
  5.0037e+000
  7.3362e+001
  2.6526e+002
  1.5051e+002
  2.0270e+000
  6.9592e+001
  9.3268e+001
  2.3026e+002
  2.7199e+002
  3.1381e+001
  9.6946e+001
  3.0057e+001
  4.2209e+001
  1.3604e+002
  5.0666e+001
  3.2807e+000
  2.5965e+001
  5.5913e+001
  1.5386e+002
  2.6626e+000
  4.2344e+001
  7.5546e+000
  7.8875e+001
  1.6841e+002
  2.0154e+001
  9.0765e+001
  2.3268e+001
  4.5696e+001
  2.7506e+000
  1.9526e+002
  6.7019e+001
  2.7826e+002
  1.2907e+001
  1.6652e+001
  2.7606e+002
  4.9828e+001
  1.2616e+001
  2.8341e+002
  5.8808e+001
  1.9078e+002
  3.9760e+001
  1.1024e+002
  1.4142e+002
  1.0469e+002
  1.2315e+001
  8.7613e+001
  1.7234e+002
  1.0910e+002
  4.6497e+002
  1.9011e+002
  2.9413e+002
  2.5479e+002
  2.0387e+001
  4.0684e+001
  5.3629e+000
  1.9500e+002
  6.9880e+000
  1.6280e+002
  1.4508e+001
  3.4858e+001
  2.2554e+001
  2.7551e+000
  5.8241e+002
  9.0509e+000
  1.2999e+000
  1.4407e+001
  1.5212e+001
  1.6485e+002
  1.3021e+002
  3.7631e+000
  1.9150e+002
  7.7557e+001
  5.5365e+001
  8.5197e+001
  1.2841e+002
  1.7333e+002
  5.8420e+000
  4.6547e+001
  1.2224e+001
  3.2443e+002
  1.4671e+002
  1.4204e+001
  1.5333e+002
  3.1516e+002
  2.5101e+002
  3.9797e+000
  2.8762e+002
  1.1195e+001
  3.3662e+001
  9.0716e+001
  4.9445e+001
  2.5775e+000
  3.1959e+001
  2.1896e+002
  1.7744e+002
  4.7525e+002
  1.3921e+001
  1.2841e+002
  5.8431e+000
  1.4553e+001
  1.0436e+001
  2.6832e+000
  3.2213e+002
  3.7360e+001
  9.2712e-001
  1.7087e+001
  1.0814e+002
  1.1289e+002
  1.8205e+002
  2.6581e+002
  1.6245e+002
  1.2242e+002
  1.0466e+002
  1.3738e+001
  3.6930e+002
  1.4701e+001
  1.1458e+001
  4.1794e+000
  3.5313e+001
  2.4671e+001
  1.2410e+001
  1.4563e+001
  1.8155e+002
  1.3416e+002
  1.2716e+002
  4.3705e+001
  2.0940e+001
  1.7854e+002
  1.9665e+002
  2.8747e+002
  5.6591e+002
  2.3513e+001
  4.6425e+001
  6.0251e+001
  4.0178e+002
  7.1939e+000
  2.5740e+001
  7.5706e+000
  1.3583e+001
  5.8073e+001
  2.1699e+000
  1.2264e+002
  1.8411e+002
  9.5721e+000
  1.9896e+001
  1.2132e+002
  1.4495e+002
  9.8986e+001
  6.7930e+000
  1.4237e+001
  1.8598e+002
  1.5312e+002
  4.7923e+000
  7.0396e+001
  7.8186e+000
  2.7553e+000
  1.3114e+000
  5.2062e+001
  1.1505e+001
  3.7010e+001
  9.7221e+001
  1.5115e+001
  1.8247e+001
  1.4663e+002
  1.0083e+002
  7.8816e+000
  2.5651e+002
  1.1677e+002
  9.4451e+001
  3.6988e+000
  9.9917e+001
  3.0228e+002
  3.7162e+001
  2.4532e+000
  2.9928e+000
  3.7738e+002
  8.4566e+000
  4.6422e+000
  4.9316e+001
  3.3312e+001
  2.2577e+001
  1.2086e+002
  1.2090e+002
  2.7376e+002
  1.0299e+001
  1.4775e+001
  3.4429e+002
  5.4845e+000
  1.8265e+002
  3.8603e+000
  7.6383e+001
  3.7882e+001
  3.7236e+001
  3.0979e+001
  1.4516e+002
  2.2120e+002
  6.0050e+000
  2.0609e+001
  4.2053e+001
  3.9032e+002
  7.5746e+001
  2.0121e+000
  5.9781e+001
  4.0097e+002
  5.6270e+000
  3.0454e+001
  7.5571e+001
  1.9848e+001
  1.2236e+002
  8.5172e+001
  3.8267e+001
  3.9331e+001
  3.8291e+002
  1.0442e+002
  2.6815e+002
  4.4849e+001
  5.6300e+000
  1.5843e+001
  9.3271e-001
  1.2597e+001
  5.8979e+001
  1.5109e+002
  4.5920e+002
  5.3341e+002
  1.2585e+001
  9.7660e+001
  1.6337e+001
  7.5858e+001
  1.0507e+002
  4.0321e+001
  3.5495e+001
  6.5788e+001
  5.7783e+001
  1.9238e+002
  2.8781e+002
  2.4471e+000
  9.3286e-001
  1.5657e+002
  1.1257e+001
  3.0633e+002
  3.7997e+001
  2.9172e+001
  7.5439e+001
  9.1986e+000
  5.0948e+001
  4.3117e+001
  2.5190e+002
  5.4585e+001
  7.4527e+001
  4.1735e+000
  1.5946e+002
  3.3894e+002
  1.6188e+002
  8.3577e+000
  3.2819e+002
  1.5848e+002
  3.6671e+001
  1.2747e+002
  3.8477e+001
  3.7359e+001
  2.2545e+002
  7.1654e+000
  3.4174e+002
  2.3316e+002
  5.7416e+000
  3.7315e+000
  1.5565e+002
  6.0798e+001
  6.0399e+001
  2.4894e+001
  1.6769e+002
  5.0192e+001
  4.4872e+001
  2.6624e+001
  2.8165e+002
  2.7084e+001
  3.3389e+001
  8.5046e+001
  3.9869e+000
  3.8671e+002
  1.7026e+002
  5.3628e+001
  3.2677e+001
  1.9793e+001
  9.6392e+001
  9.6573e+001
  1.0318e+002
  3.1943e+001
  1.5146e+001
  1.2212e+002
  6.6646e+001
  1.7149e+002
  9.1515e+000
  1.0047e+001
  6.0727e+001
  1.4901e+001
  2.4105e+001
  6.4193e+000
  2.0696e+002
  5.9941e+000
  8.9324e+001
  5.9075e+001
  5.3358e+000
  2.6396e+002
  4.9117e+002
  1.4634e+001
  3.2576e+000
  3.8451e+001
  3.7800e+000
  4.6276e+002
  1.6428e+002
  3.1475e+001
  2.3772e+002
  7.1491e+001
  1.3131e+001
  4.0491e+000
  2.7439e+002
  3.0336e+001
  2.5493e+001
  2.8608e+002
  4.7639e+000
  5.5834e+001
  1.1393e+002
  3.0290e+001
  3.8816e+001
  1.3849e+000
  5.3577e+001
  2.6824e+002
  9.3181e+001
  1.2081e+002
  1.7768e+000
  1.0392e+002
  4.7536e+000
  3.1651e+000
  2.5358e+000
  6.5677e+000
  1.5938e+002
  3.0158e+002
  1.7256e+000
  1.0160e+002
  2.4905e+002
  2.5168e+001
  2.1794e+001
  3.9835e+001
  8.4924e+001
  1.1631e+002
  1.4474e+001
  7.7211e+001
  2.8392e+001
  4.8238e+001
  1.9850e+002
  1.5096e+001
  3.5946e+002
  2.9840e+000
  3.3077e+001
  5.2849e+001
  3.3603e+001
  8.1006e+001
  2.2116e+001
  1.9293e+002
  2.4700e+002
  9.1304e+001
  5.8209e+000
  3.2100e+002
  1.8899e+001
  2.2059e+002
  1.0506e+001
  2.6785e+002
  7.8247e+001
  1.5337e+000
  9.5069e+000
  3.8319e+000
  2.7952e+002
  3.2465e+000
  1.0103e+001
  7.7070e+001
  3.1700e+001
  2.9157e+000
  2.1609e+002
  1.2379e+000
  5.9167e+001
  9.6267e+001
  1.4405e+000
  2.2436e+000
  4.5641e+002
  1.2307e+001
  2.3233e+002
  1.6950e+001
  1.9366e+001
  3.5082e+001
  1.9490e+002
  6.1600e+000
  1.1395e+001
  1.4119e+001
  2.3496e+002
  7.9247e+001
  3.0464e+001
  9.8959e-001
  7.3515e+001
  1.4724e+002
  2.7061e+001
  1.5885e+001
  2.8015e+001
  4.1391e+002
  1.0904e+000
  5.3935e+002
  4.5025e+000
  1.7827e+002
  8.4792e+001
  1.3470e+001
  2.6634e+001
  4.1275e+001
  5.8542e+000
  1.1772e+002
  3.2842e+001
  1.5191e+001
  5.2229e+000
  1.3240e+002
  1.0304e+002
  1.0168e+002
  1.7746e+002
  1.7942e+002
  1.4258e+002
  2.7031e+002
  6.1332e+001
  1.5616e+002
  8.2414e+001
  2.9176e+002
  1.2680e+001
  4.5193e+001
  2.1646e+002
  4.6630e+001
  1.4581e+001
  1.8366e+002
  5.4656e+000
  1.8095e+001
  2.3172e+002
  5.0833e+001
  5.8873e+002
  3.2290e+001
  6.8882e+001
  2.9493e+002
  1.5653e+002
  8.4921e+001
  5.7318e+000
  8.0076e+001
  1.0312e+001
  1.9138e+002
  9.2390e+001
  1.6062e+002
  7.6356e+001
  1.1491e+002
  4.9303e+001
  8.9198e+000
  2.0957e+002

